K_POINTS crystal_b
  180
  0.000000  0.000000  0.000000  1.0
  0.026316  0.000000  0.000000  1.0
  0.052632  0.000000  0.000000  1.0
  0.078947  0.000000  0.000000  1.0
  0.105263  0.000000  0.000000  1.0
  0.131579  0.000000  0.000000  1.0
  0.157895  0.000000  0.000000  1.0
  0.184211  0.000000  0.000000  1.0
  0.210526  0.000000  0.000000  1.0
  0.236842  0.000000  0.000000  1.0
  0.263158  0.000000  0.000000  1.0
  0.289474  0.000000  0.000000  1.0
  0.315789  0.000000  0.000000  1.0
  0.342105  0.000000  0.000000  1.0
  0.368421  0.000000  0.000000  1.0
  0.394737  0.000000  0.000000  1.0
  0.421053  0.000000  0.000000  1.0
  0.447368  0.000000  0.000000  1.0
  0.473684  0.000000  0.000000  1.0
  0.500000  0.000000  0.000000  1.0
  0.500000  0.000000  0.000000  1.0
  0.500000  0.026316  0.000000  1.0
  0.500000  0.052632  0.000000  1.0
  0.500000  0.078947  0.000000  1.0
  0.500000  0.105263  0.000000  1.0
  0.500000  0.131579  0.000000  1.0
  0.500000  0.157895  0.000000  1.0
  0.500000  0.184211  0.000000  1.0
  0.500000  0.210526  0.000000  1.0
  0.500000  0.236842  0.000000  1.0
  0.500000  0.263158  0.000000  1.0
  0.500000  0.289474  0.000000  1.0
  0.500000  0.315789  0.000000  1.0
  0.500000  0.342105  0.000000  1.0
  0.500000  0.368421  0.000000  1.0
  0.500000  0.394737  0.000000  1.0
  0.500000  0.421053  0.000000  1.0
  0.500000  0.447368  0.000000  1.0
  0.500000  0.473684  0.000000  1.0
  0.500000  0.500000  0.000000  1.0
  0.500000  0.500000  0.000000  1.0
  0.473684  0.500000  0.000000  1.0
  0.447368  0.500000  0.000000  1.0
  0.421053  0.500000  0.000000  1.0
  0.394737  0.500000  0.000000  1.0
  0.368421  0.500000  0.000000  1.0
  0.342105  0.500000  0.000000  1.0
  0.315789  0.500000  0.000000  1.0
  0.289474  0.500000  0.000000  1.0
  0.263158  0.500000  0.000000  1.0
  0.236842  0.500000  0.000000  1.0
  0.210526  0.500000  0.000000  1.0
  0.184211  0.500000  0.000000  1.0
  0.157895  0.500000  0.000000  1.0
  0.131579  0.500000  0.000000  1.0
  0.105263  0.500000  0.000000  1.0
  0.078947  0.500000  0.000000  1.0
  0.052632  0.500000  0.000000  1.0
  0.026316  0.500000  0.000000  1.0
  0.000000  0.500000  0.000000  1.0
  0.000000  0.500000  0.000000  1.0
  0.000000  0.473684  0.000000  1.0
  0.000000  0.447368  0.000000  1.0
  0.000000  0.421053  0.000000  1.0
  0.000000  0.394737  0.000000  1.0
  0.000000  0.368421  0.000000  1.0
  0.000000  0.342105  0.000000  1.0
  0.000000  0.315789  0.000000  1.0
  0.000000  0.289474  0.000000  1.0
  0.000000  0.263158  0.000000  1.0
  0.000000  0.236842  0.000000  1.0
  0.000000  0.210526  0.000000  1.0
  0.000000  0.184211  0.000000  1.0
  0.000000  0.157895  0.000000  1.0
  0.000000  0.131579  0.000000  1.0
  0.000000  0.105263  0.000000  1.0
  0.000000  0.078947  0.000000  1.0
  0.000000  0.052632  0.000000  1.0
  0.000000  0.026316  0.000000  1.0
  0.000000  0.000000  0.000000  1.0
  0.000000  0.000000  0.000000  1.0
  0.000000  0.000000  0.026316  1.0
  0.000000  0.000000  0.052632  1.0
  0.000000  0.000000  0.078947  1.0
  0.000000  0.000000  0.105263  1.0
  0.000000  0.000000  0.131579  1.0
  0.000000  0.000000  0.157895  1.0
  0.000000  0.000000  0.184211  1.0
  0.000000  0.000000  0.210526  1.0
  0.000000  0.000000  0.236842  1.0
  0.000000  0.000000  0.263158  1.0
  0.000000  0.000000  0.289474  1.0
  0.000000  0.000000  0.315789  1.0
  0.000000  0.000000  0.342105  1.0
  0.000000  0.000000  0.368421  1.0
  0.000000  0.000000  0.394737  1.0
  0.000000  0.000000  0.421053  1.0
  0.000000  0.000000  0.447368  1.0
  0.000000  0.000000  0.473684  1.0
  0.000000  0.000000  0.500000  1.0
  0.000000  0.000000  0.500000  1.0
  0.026316  0.000000  0.500000  1.0
  0.052632  0.000000  0.500000  1.0
  0.078947  0.000000  0.500000  1.0
  0.105263  0.000000  0.500000  1.0
  0.131579  0.000000  0.500000  1.0
  0.157895  0.000000  0.500000  1.0
  0.184211  0.000000  0.500000  1.0
  0.210526  0.000000  0.500000  1.0
  0.236842  0.000000  0.500000  1.0
  0.263158  0.000000  0.500000  1.0
  0.289474  0.000000  0.500000  1.0
  0.315789  0.000000  0.500000  1.0
  0.342105  0.000000  0.500000  1.0
  0.368421  0.000000  0.500000  1.0
  0.394737  0.000000  0.500000  1.0
  0.421053  0.000000  0.500000  1.0
  0.447368  0.000000  0.500000  1.0
  0.473684  0.000000  0.500000  1.0
  0.500000  0.000000  0.500000  1.0
  0.500000  0.000000  0.500000  1.0
  0.500000  0.026316  0.500000  1.0
  0.500000  0.052632  0.500000  1.0
  0.500000  0.078947  0.500000  1.0
  0.500000  0.105263  0.500000  1.0
  0.500000  0.131579  0.500000  1.0
  0.500000  0.157895  0.500000  1.0
  0.500000  0.184211  0.500000  1.0
  0.500000  0.210526  0.500000  1.0
  0.500000  0.236842  0.500000  1.0
  0.500000  0.263158  0.500000  1.0
  0.500000  0.289474  0.500000  1.0
  0.500000  0.315789  0.500000  1.0
  0.500000  0.342105  0.500000  1.0
  0.500000  0.368421  0.500000  1.0
  0.500000  0.394737  0.500000  1.0
  0.500000  0.421053  0.500000  1.0
  0.500000  0.447368  0.500000  1.0
  0.500000  0.473684  0.500000  1.0
  0.500000  0.500000  0.500000  1.0
  0.500000  0.500000  0.500000  1.0
  0.473684  0.500000  0.500000  1.0
  0.447368  0.500000  0.500000  1.0
  0.421053  0.500000  0.500000  1.0
  0.394737  0.500000  0.500000  1.0
  0.368421  0.500000  0.500000  1.0
  0.342105  0.500000  0.500000  1.0
  0.315789  0.500000  0.500000  1.0
  0.289474  0.500000  0.500000  1.0
  0.263158  0.500000  0.500000  1.0
  0.236842  0.500000  0.500000  1.0
  0.210526  0.500000  0.500000  1.0
  0.184211  0.500000  0.500000  1.0
  0.157895  0.500000  0.500000  1.0
  0.131579  0.500000  0.500000  1.0
  0.105263  0.500000  0.500000  1.0
  0.078947  0.500000  0.500000  1.0
  0.052632  0.500000  0.500000  1.0
  0.026316  0.500000  0.500000  1.0
  0.000000  0.500000  0.500000  1.0
  0.000000  0.500000  0.500000  1.0
  0.000000  0.473684  0.500000  1.0
  0.000000  0.447368  0.500000  1.0
  0.000000  0.421053  0.500000  1.0
  0.000000  0.394737  0.500000  1.0
  0.000000  0.368421  0.500000  1.0
  0.000000  0.342105  0.500000  1.0
  0.000000  0.315789  0.500000  1.0
  0.000000  0.289474  0.500000  1.0
  0.000000  0.263158  0.500000  1.0
  0.000000  0.236842  0.500000  1.0
  0.000000  0.210526  0.500000  1.0
  0.000000  0.184211  0.500000  1.0
  0.000000  0.157895  0.500000  1.0
  0.000000  0.131579  0.500000  1.0
  0.000000  0.105263  0.500000  1.0
  0.000000  0.078947  0.500000  1.0
  0.000000  0.052632  0.500000  1.0
  0.000000  0.026316  0.500000  1.0
  0.000000  0.000000  0.500000  1.0
