 &plot nbnd=   8, nks=    91 /
            0.500000  0.500000  0.500000
   -3.503   -0.876    4.988    4.988    7.672    9.490    9.490   13.737
            0.475000  0.475000  0.475000
   -3.540   -0.823    4.993    4.993    7.677    9.495    9.495   13.746
            0.450000  0.450000  0.450000
   -3.642   -0.674    5.006    5.006    7.693    9.511    9.511   13.771
            0.425000  0.425000  0.425000
   -3.791   -0.447    5.029    5.029    7.718    9.537    9.537   13.811
            0.400000  0.400000  0.400000
   -3.969   -0.160    5.060    5.060    7.755    9.570    9.570   13.861
            0.375000  0.375000  0.375000
   -4.160    0.170    5.100    5.100    7.801    9.607    9.607   13.912
            0.350000  0.350000  0.350000
   -4.355    0.535    5.150    5.150    7.857    9.645    9.645   13.944
            0.325000  0.325000  0.325000
   -4.547    0.926    5.207    5.207    7.923    9.678    9.678   13.912
            0.300000  0.300000  0.300000
   -4.732    1.340    5.273    5.273    7.997    9.700    9.700   13.751
            0.275000  0.275000  0.275000
   -4.907    1.772    5.348    5.348    8.080    9.702    9.702   13.453
            0.250000  0.250000  0.250000
   -5.071    2.220    5.429    5.429    8.171    9.678    9.678   13.074
            0.225000  0.225000  0.225000
   -5.222    2.680    5.517    5.517    8.267    9.624    9.624   12.657
            0.200000  0.200000  0.200000
   -5.358    3.150    5.611    5.611    8.367    9.540    9.540   12.223
            0.175000  0.175000  0.175000
   -5.480    3.626    5.708    5.708    8.469    9.429    9.429   11.779
            0.150000  0.150000  0.150000
   -5.586    4.104    5.807    5.807    8.568    9.300    9.300   11.334
            0.125000  0.125000  0.125000
   -5.676    4.577    5.905    5.905    8.659    9.163    9.163   10.895
            0.100000  0.100000  0.100000
   -5.750    5.037    5.997    5.997    8.735    9.029    9.029   10.474
            0.075000  0.075000  0.075000
   -5.808    5.465    6.078    6.078    8.784    8.910    8.910   10.095
            0.050000  0.050000  0.050000
   -5.850    5.836    6.143    6.143    8.790    8.815    8.815    9.793
            0.025000  0.025000  0.025000
   -5.875    6.101    6.185    6.185    8.753    8.753    8.757    9.609
            0.000000  0.000000  0.000000
   -5.883    6.200    6.200    6.200    8.732    8.732    8.732    9.551
            0.033333  0.000000  0.000000
   -5.878    6.166    6.178    6.178    8.719    8.760    8.760    9.584
            0.066667  0.000000  0.000000
   -5.864    6.069    6.115    6.115    8.681    8.840    8.840    9.678
            0.100000  0.000000  0.000000
   -5.839    5.918    6.019    6.019    8.619    8.967    8.967    9.822
            0.133333  0.000000  0.000000
   -5.804    5.726    5.897    5.897    8.538    9.130    9.130   10.000
            0.166667  0.000000  0.000000
   -5.760    5.502    5.758    5.758    8.440    9.322    9.322   10.192
            0.200000  0.000000  0.000000
   -5.706    5.257    5.609    5.609    8.329    9.536    9.536   10.377
            0.233333  0.000000  0.000000
   -5.642    4.995    5.453    5.453    8.209    9.768    9.768   10.526
            0.266667  0.000000  0.000000
   -5.568    4.722    5.295    5.295    8.084   10.014   10.014   10.601
            0.300000  0.000000  0.000000
   -5.485    4.441    5.138    5.138    7.955   10.271   10.271   10.574
            0.333333  0.000000  0.000000
   -5.392    4.153    4.982    4.982    7.825   10.447   10.537   10.537
            0.366667  0.000000  0.000000
   -5.290    3.861    4.830    4.830    7.697   10.250   10.810   10.810
            0.400000  0.000000  0.000000
   -5.178    3.565    4.682    4.682    7.572   10.012   11.089   11.089
            0.433333  0.000000  0.000000
   -5.056    3.267    4.540    4.540    7.451    9.755   11.373   11.373
            0.466667  0.000000  0.000000
   -4.925    2.968    4.405    4.405    7.336    9.493   11.662   11.662
            0.500000  0.000000  0.000000
   -4.785    2.667    4.275    4.275    7.227    9.232   11.955   11.955
            0.533333  0.000000  0.000000
   -4.636    2.365    4.153    4.153    7.125    8.977   12.251   12.251
            0.566667  0.000000  0.000000
   -4.478    2.063    4.038    4.038    7.032    8.731   12.550   12.550
            0.600000  0.000000  0.000000
   -4.311    1.762    3.931    3.931    6.947    8.497   12.852   12.852
            0.633333  0.000000  0.000000
   -4.135    1.461    3.832    3.832    6.872    8.275   13.157   13.157
            0.666667  0.000000  0.000000
   -3.951    1.161    3.741    3.741    6.807    8.066   13.463   13.463
            0.700000  0.000000  0.000000
   -3.758    0.863    3.658    3.658    6.752    7.872   13.773   13.773
            0.733333  0.000000  0.000000
   -3.557    0.566    3.584    3.584    6.707    7.692   14.084   14.084
            0.766667  0.000000  0.000000
   -3.348    0.272    3.518    3.518    6.673    7.527   14.397   14.397
            0.800000  0.000000  0.000000
   -3.131   -0.018    3.460    3.460    6.651    7.376   14.712   14.712
            0.833333  0.000000  0.000000
   -2.906   -0.306    3.412    3.412    6.640    7.240   15.027   15.027
            0.866667  0.000000  0.000000
   -2.674   -0.590    3.372    3.372    6.642    7.118   15.340   15.340
            0.900000  0.000000  0.000000
   -2.435   -0.869    3.341    3.341    6.655    7.011   15.649   15.649
            0.933333  0.000000  0.000000
   -2.190   -1.144    3.319    3.319    6.682    6.918   15.942   15.942
            0.966667  0.000000  0.000000
   -1.937   -1.414    3.305    3.305    6.721    6.839   16.191   16.191
            1.000000  0.000000  0.000000
   -1.679   -1.679    3.301    3.301    6.773    6.773   16.306   16.306
            1.000000  0.025000  0.025000
   -1.681   -1.673    3.261    3.305    6.778    6.831   16.245   16.272
            1.000000  0.050000  0.050000
   -1.687   -1.655    3.150    3.319    6.794    6.996   16.079   16.177
            1.000000  0.075000  0.075000
   -1.699   -1.625    2.987    3.341    6.820    7.250   15.841   16.030
            1.000000  0.100000  0.100000
   -1.717   -1.583    2.794    3.372    6.856    7.573   15.561   15.845
            1.000000  0.125000  0.125000
   -1.744   -1.530    2.590    3.412    6.902    7.946   15.257   15.632
            1.000000  0.150000  0.150000
   -1.782   -1.464    2.388    3.460    6.958    8.359   14.941   15.402
            1.000000  0.175000  0.175000
   -1.833   -1.387    2.200    3.517    7.025    8.802   14.621   15.160
            1.000000  0.200000  0.200000
   -1.899   -1.298    2.034    3.582    7.100    9.269   14.300   14.845
            1.000000  0.225000  0.225000
   -1.983   -1.197    1.895    3.655    7.186    9.755   13.982   14.510
            1.000000  0.250000  0.250000
   -2.086   -1.084    1.788    3.735    7.280   10.256   13.668   14.185
            0.966667  0.241667  0.241667
   -2.091   -1.086    1.835    3.712    7.253   10.093   13.692   14.057
            0.933333  0.233333  0.233333
   -2.179   -1.008    1.910    3.697    7.240    9.944   13.605   13.841
            0.900000  0.225000  0.225000
   -2.329   -0.869    2.011    3.692    7.239    9.809   13.471   13.620
            0.866667  0.216667  0.216667
   -2.512   -0.693    2.133    3.696    7.251    9.689   13.320   13.398
            0.833333  0.208333  0.208333
   -2.714   -0.492    2.272    3.709    7.274    9.585   13.165   13.177
            0.800000  0.200000  0.200000
   -2.923   -0.276    2.426    3.732    7.308    9.498   12.957   13.008
            0.766667  0.191667  0.191667
   -3.136   -0.046    2.592    3.764    7.351    9.431   12.739   12.852
            0.733333  0.183333  0.183333
   -3.347    0.194    2.769    3.806    7.403    9.384   12.522   12.697
            0.700000  0.175000  0.175000
   -3.554    0.444    2.953    3.858    7.461    9.360   12.308   12.542
            0.666667  0.166667  0.166667
   -3.757    0.702    3.145    3.918    7.524    9.361   12.095   12.386
            0.633333  0.158333  0.158333
   -3.953    0.969    3.341    3.989    7.588    9.388   11.885   12.228
            0.600000  0.150000  0.150000
   -4.142    1.243    3.541    4.068    7.652    9.444   11.678   12.066
            0.566667  0.141667  0.141667
   -4.323    1.524    3.743    4.156    7.716    9.528   11.474   11.898
            0.533333  0.133333  0.133333
   -4.496    1.812    3.946    4.254    7.777    9.638   11.276   11.723
            0.500000  0.125000  0.125000
   -4.660    2.107    4.148    4.360    7.837    9.769   11.087   11.538
            0.466667  0.116667  0.116667
   -4.814    2.408    4.349    4.475    7.896    9.912   10.913   11.343
            0.433333  0.108333  0.108333
   -4.959    2.714    4.547    4.597    7.956   10.044   10.773   11.137
            0.400000  0.100000  0.100000
   -5.094    3.026    4.727    4.741    8.018   10.111   10.712   10.921
            0.366667  0.091667  0.091667
   -5.218    3.343    4.864    4.930    8.083   10.064   10.696   10.768
            0.333333  0.083333  0.083333
   -5.333    3.663    5.007    5.113    8.151    9.942   10.464   10.879
            0.300000  0.075000  0.075000
   -5.436    3.985    5.155    5.288    8.223    9.794   10.229   10.963
            0.266667  0.066667  0.066667
   -5.530    4.308    5.306    5.454    8.298    9.639    9.993   10.951
            0.233333  0.058333  0.058333
   -5.612    4.629    5.459    5.609    8.374    9.486    9.761   10.822
            0.200000  0.050000  0.050000
   -5.684    4.944    5.611    5.751    8.451    9.338    9.537   10.606
            0.166667  0.041667  0.041667
   -5.745    5.250    5.758    5.878    8.524    9.197    9.326   10.353
            0.133333  0.033333  0.033333
   -5.795    5.537    5.896    5.988    8.592    9.065    9.135   10.100
            0.100000  0.025000  0.025000
   -5.833    5.795    6.018    6.078    8.650    8.943    8.971    9.875
            0.066667  0.016667  0.016667
   -5.861    6.007    6.114    6.144    8.694    8.837    8.843    9.699
            0.033333  0.008333  0.008333
   -5.878    6.149    6.178    6.186    8.723    8.761    8.761    9.588
            0.000000  0.000000  0.000000
   -5.883    6.200    6.200    6.200    8.732    8.732    8.732    9.551
