# Time-averaged data for fix 1
# TimeStep Number-of-rows
# Row c_RDF[1] c_RDF[2] c_RDF[3]
21000 50
1 0.04 0 0
2 0.12 0 0
3 0.2 0 0
4 0.28 0 0
5 0.36 0 0
6 0.44 0 0
7 0.52 0 0
8 0.6 0 0
9 0.68 0 0
10 0.76 0 0
11 0.84 0.000805343 0.000488281
12 0.92 0.312899 0.228027
13 1 1.93714 1.89219
14 1.08 2.44561 4.34258
15 1.16 1.83835 6.46738
16 1.24 1.26918 8.14355
17 1.32 0.964736 9.5873
18 1.4 0.772149 10.8871
19 1.48 0.684772 12.1753
20 1.56 0.668968 13.5734
21 1.64 0.719629 15.2356
22 1.72 0.814235 17.3043
23 1.8 0.94108 19.9228
24 1.88 1.07457 23.1843
25 1.96 1.1811 27.0807
26 2.04 1.21132 31.4096
27 2.12 1.17386 35.94
28 2.2 1.09315 40.4834
29 2.28 1.01114 44.9971
30 2.36 0.935185 49.4697
31 2.44 0.901538 54.0787
32 2.52 0.88452 58.9021
33 2.6 0.905071 64.1558
34 2.68 0.949386 70.011
35 2.76 1.00738 76.6004
36 2.84 1.04376 83.8292
37 2.92 1.06369 91.6169
38 3 1.06807 99.871
39 3.08 1.04847 108.412
40 3.16 1.02139 117.169
41 3.24 0.994694 126.135
42 3.32 0.978529 135.397
43 3.4 0.959725 144.923
44 3.48 0.960802 154.914
45 3.56 0.97448 165.519
46 3.64 0.985243 176.728
47 3.72 1.00648 188.687
48 3.8 1.01913 201.323
49 3.88 1.02719 214.601
50 3.96 1.02212 228.364
22000 50
1 0.04 0 0
2 0.12 0 0
3 0.2 0 0
4 0.28 0 0
5 0.36 0 0
6 0.44 0 0
7 0.52 0 0
8 0.6 0 0
9 0.68 0 0
10 0.76 0 0
11 0.84 0.000322137 0.000195313
12 0.92 0.305379 0.222266
13 1 1.93691 1.88623
14 1.08 2.44502 4.33604
15 1.16 1.84089 6.46377
16 1.24 1.30289 8.18447
17 1.32 0.9464 9.60078
18 1.4 0.76687 10.8917
19 1.48 0.674857 12.1612
20 1.56 0.676537 13.5752
21 1.64 0.717896 15.2334
22 1.72 0.803088 17.2737
23 1.8 0.948731 19.9135
24 1.88 1.07943 23.1897
25 1.96 1.17713 27.073
26 2.04 1.21493 31.4148
27 2.12 1.18049 35.9709
28 2.2 1.09181 40.5087
29 2.28 1.00325 44.9871
30 2.36 0.935287 49.4603
31 2.44 0.891662 54.0187
32 2.52 0.890036 58.8722
33 2.6 0.915283 64.1852
34 2.68 0.955783 70.0799
35 2.76 0.999001 76.6145
36 2.84 1.0493 83.8816
37 2.92 1.0585 91.6313
38 3 1.06099 99.8308
39 3.08 1.04521 108.345
40 3.16 1.02551 117.138
41 3.24 0.998464 126.138
42 3.32 0.972534 135.342
43 3.4 0.965687 144.928
44 3.48 0.965178 154.965
45 3.56 0.969563 165.516
46 3.64 0.986762 176.742
47 3.72 1.00463 188.679
48 3.8 1.01735 201.294
49 3.88 1.03025 214.611
50 3.96 1.02107 228.36
23000 50
1 0.04 0 0
2 0.12 0 0
3 0.2 0 0
4 0.28 0 0
5 0.36 0 0
6 0.44 0 0
7 0.52 0 0
8 0.6 0 0
9 0.68 0 0
10 0.76 0 0
11 0.84 0.000966411 0.000585937
12 0.92 0.316793 0.230957
13 1 1.93327 1.8918
14 1.08 2.44463 4.34121
15 1.16 1.83353 6.46045
16 1.24 1.28973 8.16377
17 1.32 0.947378 9.58154
18 1.4 0.766058 10.8711
19 1.48 0.685914 12.1614
20 1.56 0.67635 13.575
21 1.64 0.713795 15.2237
22 1.72 0.817156 17.2998
23 1.8 0.935183 19.9019
24 1.88 1.07892 23.1766
25 1.96 1.19007 27.1025
26 2.04 1.21209 31.4342
27 2.12 1.18353 36.002
28 2.2 1.08056 40.493
29 2.28 0.997209 44.9444
30 2.36 0.93835 49.4322
31 2.44 0.895234 54.009
32 2.52 0.886186 58.8414
33 2.6 0.915434 64.1553
34 2.68 0.956891 70.0568
35 2.76 1.00209 76.6116
36 2.84 1.04961 83.881
37 2.92 1.06145 91.6522
38 3 1.0672 99.8996
39 3.08 1.04505 108.412
40 3.16 1.01765 117.138
41 3.24 0.992582 126.085
42 3.32 0.970738 135.273
43 3.4 0.963877 144.84
44 3.48 0.967601 154.902
45 3.56 0.975826 165.521
46 3.64 0.990874 176.794
47 3.72 1.00561 188.743
48 3.8 1.01962 201.386
49 3.88 1.02365 214.618
50 3.96 1.021 228.366
24000 50
1 0.04 0 0
2 0.12 0 0
3 0.2 0 0
4 0.28 0 0
5 0.36 0 0
6 0.44 0 0
7 0.52 0 0
8 0.6 0 0
9 0.68 0 0
10 0.76 0 0
11 0.84 0.000322137 0.000195313
12 0.92 0.299604 0.218066
13 1 1.93634 1.88154
14 1.08 2.46296 4.34932
15 1.16 1.84435 6.48105
16 1.24 1.29217 8.1876
17 1.32 0.930542 9.58018
18 1.4 0.762229 10.8633
19 1.48 0.692144 12.1653
20 1.56 0.672238 13.5703
21 1.64 0.720306 15.2341
22 1.72 0.811698 17.2963
23 1.8 0.940272 19.9125
24 1.88 1.07821 23.1851
25 1.96 1.17266 27.0536
26 2.04 1.2225 31.4225
27 2.12 1.18262 35.9867
28 2.2 1.09233 40.5267
29 2.28 0.99874 44.985
30 2.36 0.929467 49.4303
31 2.44 0.891376 53.9873
32 2.52 0.894889 58.8672
33 2.6 0.909445 64.1463
34 2.68 0.957556 70.052
35 2.76 1.00455 76.6229
36 2.84 1.04511 83.861
37 2.92 1.0613 91.6312
38 3 1.06404 99.8542
39 3.08 1.04502 108.367
40 3.16 1.02075 117.119
41 3.24 0.996948 126.105
42 3.32 0.973782 135.322
43 3.4 0.962962 144.88
44 3.48 0.96745 154.94
45 3.56 0.971824 165.516
46 3.64 0.990119 176.781
47 3.72 1.00442 188.716
48 3.8 1.01956 201.357
49 3.88 1.02291 214.58
50 3.96 1.0234 228.36
25000 50
1 0.04 0 0
2 0.12 0 0
3 0.2 0 0
4 0.28 0 0
5 0.36 0 0
6 0.44 0 0
7 0.52 0 0
8 0.6 0 0
9 0.68 0 0
10 0.76 0 0
11 0.84 0.000483206 0.000292969
12 0.92 0.310347 0.225977
13 1 1.92327 1.87822
14 1.08 2.46364 4.34668
15 1.16 1.84435 6.47842
16 1.24 1.28507 8.17559
17 1.32 0.950641 9.59824
18 1.4 0.765826 10.8874
19 1.48 0.680619 12.1678
20 1.56 0.664622 13.5568
21 1.64 0.716078 15.2108
22 1.72 0.819962 17.294
23 1.8 0.948836 19.9341
24 1.88 1.0682 23.1763
25 1.96 1.18563 27.0876
26 2.04 1.21854 31.4423
27 2.12 1.17756 35.987
28 2.2 1.08509 40.4969
29 2.28 0.998171 44.9526
30 2.36 0.934266 49.4209
31 2.44 0.893764 53.9901
32 2.52 0.891898 58.8537
33 2.6 0.916679 64.1748
34 2.68 0.959773 70.0941
35 2.76 1.00114 76.6427
36 2.84 1.04392 83.8727
37 2.92 1.05936 91.6287
38 3 1.05806 99.8055
39 3.08 1.05286 108.382
40 3.16 1.02231 117.147
41 3.24 1.00093 126.17
42 3.32 0.971739 135.367
43 3.4 0.9594 144.89
44 3.48 0.962032 154.894
45 3.56 0.973044 165.483
46 3.64 0.988754 176.732
47 3.72 1.00646 188.691
48 3.8 1.02108 201.351
49 3.88 1.02636 214.619
50 3.96 1.02266 228.389
26000 50
1 0.04 0 0
2 0.12 0 0
3 0.2 0 0
4 0.28 0 0
5 0.36 0 0
6 0.44 0 0
7 0.52 0 0
8 0.6 0 0
9 0.68 0 0
10 0.76 0 0
11 0.84 0 0
12 0.92 0.314645 0.228809
13 1 1.92975 1.88662
14 1.08 2.46919 4.36064
15 1.16 1.83269 6.47891
16 1.24 1.29239 8.18574
17 1.32 0.931978 9.58047
18 1.4 0.761359 10.8621
19 1.48 0.686433 12.1534
20 1.56 0.674855 13.5639
21 1.64 0.725675 15.24
22 1.72 0.804971 17.2852
23 1.8 0.940904 19.9031
24 1.88 1.0805 23.1826
25 1.96 1.17995 27.0752
26 2.04 1.22091 31.4384
27 2.12 1.17525 35.9742
28 2.2 1.08648 40.4898
29 2.28 1.00605 44.9808
30 2.36 0.934021 49.4479
31 2.44 0.892064 54.0084
32 2.52 0.892239 58.8738
33 2.6 0.908133 64.1453
34 2.68 0.95705 70.0479
35 2.76 1.00587 76.6273
36 2.84 1.04273 83.849
37 2.92 1.06097 91.6168
38 3 1.06832 99.8729
39 3.08 1.05262 108.447
40 3.16 1.01632 117.161
41 3.24 0.994326 126.124
42 3.32 0.973524 135.338
43 3.4 0.960591 144.873
44 3.48 0.964539 154.903
45 3.56 0.973394 165.496
46 3.64 0.989784 176.757
47 3.72 1.00622 188.713
48 3.8 1.02038 201.365
49 3.88 1.02615 214.629
50 3.96 1.02389 228.416
27000 50
1 0.04 0 0
2 0.12 0 0
3 0.2 0 0
4 0.28 0 0
5 0.36 0 0
6 0.44 0 0
7 0.52 0 0
8 0.6 0 0
9 0.68 0 0
10 0.76 0 0
11 0.84 0.000644274 0.000390625
12 0.92 0.307393 0.223926
13 1 1.9468 1.89639
14 1.08 2.45867 4.35986
15 1.16 1.82576 6.47012
16 1.24 1.2887 8.17207
17 1.32 0.943137 9.5835
18 1.4 0.768088 10.8765
19 1.48 0.680048 12.1558
20 1.56 0.672472 13.5612
21 1.64 0.721828 15.2285
22 1.72 0.816541 17.303
23 1.8 0.944028 19.9297
24 1.88 1.07531 23.1935
25 1.96 1.18237 27.094
26 2.04 1.21263 31.4276
27 2.12 1.18755 36.0109
28 2.2 1.08014 40.5002
29 2.28 1.00456 44.9845
30 2.36 0.927078 49.4184
31 2.44 0.89533 53.9956
32 2.52 0.888711 58.8418
33 2.6 0.913533 64.1446
34 2.68 0.960391 70.0678
35 2.76 1.00599 76.648
36 2.84 1.04505 83.8858
37 2.92 1.06183 91.66
38 3 1.06315 99.8761
39 3.08 1.0455 108.392
40 3.16 1.02165 117.152
41 3.24 0.991531 126.09
42 3.32 0.970491 135.275
43 3.4 0.962982 144.834
44 3.48 0.966417 154.883
45 3.56 0.977783 165.524
46 3.64 0.987544 176.759
47 3.72 1.006 188.713
48 3.8 1.02247 201.39
49 3.88 1.02614 214.655
50 3.96 1.01989 228.388
28000 50
1 0.04 0 0
2 0.12 0 0
3 0.2 0 0
4 0.28 0 0
5 0.36 0 0
6 0.44 0 0
7 0.52 0 0
8 0.6 0 0
9 0.68 0 0
10 0.76 0 0
11 0.84 0.000483206 0.000292969
12 0.92 0.312362 0.227441
13 1 1.92157 1.87822
14 1.08 2.44492 4.32793
15 1.16 1.86505 6.48359
16 1.24 1.2921 8.19004
17 1.32 0.937068 9.59238
18 1.4 0.758922 10.8699
19 1.48 0.693182 12.1739
20 1.56 0.668874 13.5719
21 1.64 0.72001 15.235
22 1.72 0.813543 17.3019
23 1.8 0.937184 19.9095
24 1.88 1.07451 23.1708
25 1.96 1.18255 27.072
26 2.04 1.21531 31.4151
27 2.12 1.18242 35.9786
28 2.2 1.0885 40.5026
29 2.28 1.00191 44.9751
30 2.36 0.926752 49.4074
31 2.44 0.900812 54.0127
32 2.52 0.895104 58.8937
33 2.6 0.914509 64.2022
34 2.68 0.956305 70.1002
35 2.76 1.00021 76.6427
36 2.84 1.0368 83.8233
37 2.92 1.06303 91.6063
38 3 1.064 99.8289
39 3.08 1.04938 108.377
40 3.16 1.01801 117.106
41 3.24 0.998085 126.102
42 3.32 0.980829 135.385
43 3.4 0.961949 144.934
44 3.48 0.961741 154.935
45 3.56 0.972937 165.522
46 3.64 0.989921 176.785
47 3.72 1.00626 188.742
48 3.8 1.01516 201.328
49 3.88 1.02149 214.533
50 3.96 1.02545 228.34
29000 50
1 0.04 0 0
2 0.12 0 0
3 0.2 0 0
4 0.28 0 0
5 0.36 0 0
6 0.44 0 0
7 0.52 0 0
8 0.6 0 0
9 0.68 0 0
10 0.76 0 0
11 0.84 0.000644274 0.000390625
12 0.92 0.316391 0.230469
13 1 1.9526 1.90791
14 1.08 2.43138 4.34404
15 1.16 1.843 6.47422
16 1.24 1.28722 8.17422
17 1.32 0.933871 9.57178
18 1.4 0.770351 10.8686
19 1.48 0.680515 12.1487
20 1.56 0.676724 13.5631
21 1.64 0.730157 15.2496
22 1.72 0.811237 17.3106
23 1.8 0.942799 19.9339
24 1.88 1.06586 23.1689
25 1.96 1.18516 27.0787
26 2.04 1.21903 31.4352
27 2.12 1.1771 35.9781
28 2.2 1.08679 40.495
29 2.28 0.995174 44.9374
30 2.36 0.935328 49.4107
31 2.44 0.893171 53.977
32 2.52 0.893063 58.8469
33 2.6 0.920498 64.1901
34 2.68 0.954564 70.0773
35 2.76 1.01035 76.6861
36 2.84 1.03933 83.8843
37 2.92 1.05948 91.6412
38 3 1.05748 99.8135
39 3.08 1.04948 108.362
40 3.16 1.02763 117.173
41 3.24 0.989797 126.095
42 3.32 0.971327 135.289
43 3.4 0.959961 144.817
44 3.48 0.970709 154.911
45 3.56 0.974292 165.514
46 3.64 0.99308 176.812
47 3.72 1.00512 188.755
48 3.8 1.01804 201.378
49 3.88 1.0241 214.616
50 3.96 1.01588 228.295
30000 50
1 0.04 0 0
2 0.12 0 0
3 0.2 0 0
4 0.28 0 0
5 0.36 0 0
6 0.44 0 0
7 0.52 0 0
8 0.6 0 0
9 0.68 0 0
10 0.76 0 0
11 0.84 0.000644274 0.000390625
12 0.92 0.313839 0.228613
13 1 1.94726 1.90146
14 1.08 2.43898 4.34521
15 1.16 1.85314 6.48711
16 1.24 1.28293 8.18145
17 1.32 0.935371 9.58125
18 1.4 0.75608 10.854
19 1.48 0.679269 12.1318
20 1.56 0.681911 13.557
21 1.64 0.722631 15.2262
22 1.72 0.821846 17.3142
23 1.8 0.940939 19.9322
24 1.88 1.08365 23.2213
25 1.96 1.17515 27.098
26 2.04 1.2143 31.4376
27 2.12 1.18818 36.0233
28 2.2 1.08563 40.5354
29 2.28 0.985636 44.9353
30 2.36 0.9291 49.3788
31 2.44 0.898635 53.9729
32 2.52 0.893116 58.8432
33 2.6 0.920767 64.188
34 2.68 0.958981 70.1024
35 2.76 1.00703 76.6896
36 2.84 1.04244 83.9093
37 2.92 1.06463 91.7039
38 3 1.05883 99.8866
39 3.08 1.04587 108.406
40 3.16 1.01779 117.133
41 3.24 0.986298 126.023
42 3.32 0.979901 135.298
43 3.4 0.966051 144.887
44 3.48 0.960895 154.879
45 3.56 0.983293 165.579
46 3.64 0.988007 176.82
47 3.72 1.00658 188.78
48 3.8 1.02094 201.439
49 3.88 1.01807 214.599
50 3.96 1.01853 228.314
31000 50
1 0.04 0 0
2 0.12 0 0
3 0.2 0 0
4 0.28 0 0
5 0.36 0 0
6 0.44 0 0
7 0.52 0 0
8 0.6 0 0
9 0.68 0 0
10 0.76 0 0
11 0.84 0.000805343 0.000488281
12 0.92 0.31357 0.228516
13 1 1.93907 1.89434
14 1.08 2.44385 4.34297
15 1.16 1.85052 6.48184
16 1.24 1.27591 8.16689
17 1.32 0.9464 9.5832
18 1.4 0.763853 10.869
19 1.48 0.687108 12.1616
20 1.56 0.672238 13.5666
21 1.64 0.714471 15.2169
22 1.72 0.816272 17.2907
23 1.8 0.947116 19.926
24 1.88 1.07683 23.1943
25 1.96 1.179 27.0838
26 2.04 1.21862 31.4388
27 2.12 1.17252 35.9641
28 2.2 1.08472 40.4724
29 2.28 1.00049 44.9385
30 2.36 0.929733 49.3851
31 2.44 0.90192 53.996
32 2.52 0.89428 58.8726
33 2.6 0.914425 64.1806
34 2.68 0.957635 70.0867
35 2.76 1.0042 76.6553
36 2.84 1.04517 83.8938
37 2.92 1.06105 91.6622
38 3 1.05647 99.8267
39 3.08 1.04366 108.328
40 3.16 1.02055 117.079
41 3.24 0.998757 126.081
42 3.32 0.978198 135.339
43 3.4 0.964172 144.91
44 3.48 0.966568 154.961
45 3.56 0.973619 165.556
46 3.64 0.990857 176.829
47 3.72 1.00417 188.761
48 3.8 1.01525 201.349
49 3.88 1.02036 214.539
50 3.96 1.02172 228.296
32000 50
1 0.04 0 0
2 0.12 0 0
3 0.2 0 0
4 0.28 0 0
5 0.36 0 0
6 0.44 0 0
7 0.52 0 0
8 0.6 0 0
9 0.68 0 0
10 0.76 0 0
11 0.84 0.000322137 0.000195313
12 0.92 0.315316 0.229492
13 1 1.93055 1.88799
14 1.08 2.44015 4.33291
15 1.16 1.85331 6.475
16 1.24 1.2867 8.17432
17 1.32 0.943267 9.58594
18 1.4 0.770293 10.8826
19 1.48 0.682747 12.167
20 1.56 0.67336 13.5743
21 1.64 0.709778 15.2138
22 1.72 0.825382 17.3107
23 1.8 0.939641 19.9252
24 1.88 1.06994 23.1727
25 1.96 1.18554 27.0837
26 2.04 1.21763 31.4352
27 2.12 1.1684 35.9445
28 2.2 1.09691 40.5035
29 2.28 0.9985 44.9607
30 2.36 0.934245 49.4289
31 2.44 0.899953 54.0298
32 2.52 0.890573 58.8861
33 2.6 0.905643 64.1432
34 2.68 0.960992 70.07
35 2.76 1.0059 76.6497
36 2.84 1.03599 83.8247
37 2.92 1.06421 91.6162
38 3 1.06806 99.8702
39 3.08 1.04221 108.36
40 3.16 1.02385 117.139
41 3.24 0.996254 126.119
42 3.32 0.978363 135.379
43 3.4 0.961653 144.924
44 3.48 0.963807 154.946
45 3.56 0.972623 165.531
46 3.64 0.988007 176.771
47 3.72 1.00814 188.75
48 3.8 1.01565 201.343
49 3.88 1.02265 214.563
50 3.96 1.02291 228.336
33000 50
1 0.04 0 0
2 0.12 0 0
3 0.2 0 0
4 0.28 0 0
5 0.36 0 0
6 0.44 0 0
7 0.52 0 0
8 0.6 0 0
9 0.68 0 0
10 0.76 0 0
11 0.84 0.000966411 0.000585937
12 0.92 0.311287 0.226953
13 1 1.96192 1.9124
14 1.08 2.45574 4.37295
15 1.16 1.82466 6.48193
16 1.24 1.26415 8.15146
17 1.32 0.942288 9.56162
18 1.4 0.766522 10.852
19 1.48 0.690898 12.1517
20 1.56 0.676023 13.5646
21 1.64 0.721616 15.2313
22 1.72 0.817272 17.3077
23 1.8 0.947503 19.944
24 1.88 1.07628 23.2107
25 1.96 1.17998 27.1034
26 2.04 1.21225 31.4356
27 2.12 1.1745 35.9686
28 2.2 1.08244 40.4674
29 2.28 1.00095 44.9355
30 2.36 0.93302 49.3979
31 2.44 0.894986 53.9733
32 2.52 0.892848 58.8421
33 2.6 0.915401 64.1558
34 2.68 0.962544 70.0922
35 2.76 1.00553 76.6694
36 2.84 1.04219 83.8874
37 2.92 1.06579 91.6905
38 3 1.05571 99.8491
39 3.08 1.04674 108.376
40 3.16 1.01983 117.12
41 3.24 0.995268 126.091
42 3.32 0.974009 135.31
43 3.4 0.96549 144.893
44 3.48 0.962586 154.903
45 3.56 0.975467 165.518
46 3.64 0.991312 176.796
47 3.72 1.00422 188.729
48 3.8 1.01953 201.37
49 3.88 1.02737 214.65
50 3.96 1.02041 228.39
34000 50
1 0.04 0 0
2 0.12 0 0
3 0.2 0 0
4 0.28 0 0
5 0.36 0 0
6 0.44 0 0
7 0.52 0 0
8 0.6 0 0
9 0.68 0 0
10 0.76 0 0
11 0.84 0.000644274 0.000390625
12 0.92 0.302424 0.220312
13 1 1.94396 1.89033
14 1.08 2.4421 4.33721
15 1.16 1.85305 6.479
16 1.24 1.29121 8.18428
17 1.32 0.944572 9.59785
18 1.4 0.760199 10.8775
19 1.48 0.680827 12.1583
20 1.56 0.669855 13.5583
21 1.64 0.716205 15.2126
22 1.72 0.814965 17.2831
23 1.8 0.951574 19.9308
24 1.88 1.07203 23.1846
25 1.96 1.17409 27.0578
26 2.04 1.22468 31.4345
27 2.12 1.17824 35.9818
28 2.2 1.0897 40.5108
29 2.28 0.996793 44.9604
30 2.36 0.930999 49.4131
31 2.44 0.89468 53.987
32 2.52 0.892042 58.8514
33 2.6 0.911413 64.1419
34 2.68 0.964397 70.0897
35 2.76 1.0039 76.6563
36 2.84 1.04022 83.8606
37 2.92 1.06391 91.65
38 3 1.06178 99.8555
39 3.08 1.04799 108.392
40 3.16 1.02261 117.16
41 3.24 0.994185 126.122
42 3.32 0.969449 135.297
43 3.4 0.963218 144.858
44 3.48 0.966596 154.91
45 3.56 0.979245 165.566
46 3.64 0.987612 176.802
47 3.72 1.00516 188.746
48 3.8 1.0174 201.36
49 3.88 1.0201 214.547
50 3.96 1.02351 228.328
35000 50
1 0.04 0 0
2 0.12 0 0
3 0.2 0 0
4 0.28 0 0
5 0.36 0 0
6 0.44 0 0
7 0.52 0 0
8 0.6 0 0
9 0.68 0 0
10 0.76 0 0
11 0.84 0.000483206 0.000292969
12 0.92 0.305916 0.222754
13 1 1.95305 1.90059
14 1.08 2.44512 4.35049
15 1.16 1.84849 6.48701
16 1.24 1.28286 8.18125
17 1.32 0.932892 9.57734
18 1.4 0.767102 10.8687
19 1.48 0.679217 12.1464
20 1.56 0.669388 13.5454
21 1.64 0.724491 15.2188
22 1.72 0.817733 17.2964
23 1.8 0.951188 19.943
24 1.88 1.07564 23.2077
25 1.96 1.18214 27.1075
26 2.04 1.21419 31.4467
27 2.12 1.17814 35.9937
28 2.2 1.08951 40.5219
29 2.28 1.00804 45.0217
30 2.36 0.922954 49.4358
31 2.44 0.891338 53.9927
32 2.52 0.886687 58.8278
33 2.6 0.918732 64.1608
34 2.68 0.957414 70.0656
35 2.76 1.00578 76.6445
36 2.84 1.04693 83.8953
37 2.92 1.06537 91.6953
38 3 1.05821 99.8732
39 3.08 1.05072 108.432
40 3.16 1.01468 117.132
41 3.24 0.993362 126.086
42 3.32 0.975712 135.321
43 3.4 0.960355 144.854
44 3.48 0.967347 154.913
45 3.56 0.974561 165.518
46 3.64 0.989492 176.776
47 3.72 1.00322 188.696
48 3.8 1.02423 201.396
49 3.88 1.0257 214.654
50 3.96 1.01796 228.361
36000 50
1 0.04 0 0
2 0.12 0 0
3 0.2 0 0
4 0.28 0 0
5 0.36 0 0
6 0.44 0 0
7 0.52 0 0
8 0.6 0 0
9 0.68 0 0
10 0.76 0 0
11 0.84 0.000483206 0.000292969
12 0.92 0.305916 0.222754
13 1 1.95817 1.90498
14 1.08 2.44454 4.3543
15 1.16 1.82999 6.46943
16 1.24 1.27901 8.15859
17 1.32 0.941049 9.56689
18 1.4 0.773252 10.8686
19 1.48 0.68389 12.1551
20 1.56 0.678266 13.5727
21 1.64 0.720686 15.2373
22 1.72 0.811852 17.2999
23 1.8 0.950381 19.9442
24 1.88 1.06364 23.1726
25 1.96 1.1782 27.0594
26 2.04 1.21477 31.4006
27 2.12 1.18947 35.9913
28 2.2 1.08392 40.4963
29 2.28 1.00598 44.9869
30 2.36 0.926384 49.4175
31 2.44 0.897355 54.0051
32 2.52 0.890358 58.8603
33 2.6 0.912288 64.1559
34 2.68 0.959662 70.0745
35 2.76 1.00106 76.6226
36 2.84 1.04294 83.8457
37 2.92 1.06046 91.6098
38 3 1.06237 99.8198
39 3.08 1.05288 108.396
40 3.16 1.02238 117.162
41 3.24 0.993037 126.114
42 3.32 0.973679 135.329
43 3.4 0.966533 144.923
44 3.48 0.963713 154.944
45 3.56 0.971483 165.516
46 3.64 0.986471 176.739
47 3.72 1.00659 188.7
48 3.8 1.01774 201.319
49 3.88 1.02052 214.511
50 3.96 1.02398 228.299
37000 50
1 0.04 0 0
2 0.12 0 0
3 0.2 0 0
4 0.28 0 0
5 0.36 0 0
6 0.44 0 0
7 0.52 0 0
8 0.6 0 0
9 0.68 0 0
10 0.76 0 0
11 0.84 0.000322137 0.000195313
12 0.92 0.309005 0.224902
13 1 1.93941 1.89102
14 1.08 2.44522 4.34102
15 1.16 1.85035 6.47969
16 1.24 1.27738 8.1667
17 1.32 0.949336 9.5874
18 1.4 0.765826 10.8766
19 1.48 0.698944 12.1914
20 1.56 0.660604 13.5721
21 1.64 0.719756 15.2346
22 1.72 0.811506 17.2963
23 1.8 0.942378 19.9184
24 1.88 1.07322 23.1758
25 1.96 1.17826 27.0628
26 2.04 1.21843 31.4171
27 2.12 1.18527 35.9916
28 2.2 1.08667 40.508
29 2.28 1.00248 44.983
30 2.36 0.931979 49.4403
31 2.44 0.89894 54.036
32 2.52 0.891057 58.895
33 2.6 0.910303 64.1791
34 2.68 0.953329 70.0587
35 2.76 1.00146 76.6094
36 2.84 1.04309 83.8336
37 2.92 1.05715 91.5734
38 3 1.07595 99.8885
39 3.08 1.04595 108.408
40 3.16 1.0193 117.148
41 3.24 0.992939 126.099
42 3.32 0.979313 135.367
43 3.4 0.961221 144.909
44 3.48 0.962614 154.919
45 3.56 0.971779 165.494
46 3.64 0.991552 176.775
47 3.72 1.00975 188.773
48 3.8 1.0133 201.337
49 3.88 1.0244 214.579
50 3.96 1.02432 228.371
38000 50
1 0.04 0 0
2 0.12 0 0
3 0.2 0 0
4 0.28 0 0
5 0.36 0 0
6 0.44 0 0
7 0.52 0 0
8 0.6 0 0
9 0.68 0 0
10 0.76 0 0
11 0.84 0.000483206 0.000292969
12 0.92 0.302961 0.220605
13 1 1.94919 1.89512
14 1.08 2.43878 4.33867
15 1.16 1.86125 6.48994
16 1.24 1.27213 8.17002
17 1.32 0.940918 9.57812
18 1.4 0.754397 10.848
19 1.48 0.693182 12.1521
20 1.56 0.669155 13.5506
21 1.64 0.728973 15.2344
22 1.72 0.814696 17.3042
23 1.8 0.943958 19.9307
24 1.88 1.07647 23.1979
25 1.96 1.17207 27.0646
26 2.04 1.21507 31.4068
27 2.12 1.18396 35.9763
28 2.2 1.09428 40.5243
29 2.28 0.993709 44.9602
30 2.36 0.924893 49.3836
31 2.44 0.90001 53.9848
32 2.52 0.894979 58.8651
33 2.6 0.921508 64.2143
34 2.68 0.954294 70.0998
35 2.76 0.999449 76.6373
36 2.84 1.03772 83.8243
37 2.92 1.06143 91.5955
38 3 1.06493 99.8254
39 3.08 1.04803 108.362
40 3.16 1.02516 117.152
41 3.24 0.994337 126.115
42 3.32 0.977394 135.366
43 3.4 0.964546 144.94
44 3.48 0.962708 154.951
45 3.56 0.974247 165.553
46 3.64 0.98387 176.746
47 3.72 1.00297 188.664
48 3.8 1.02005 201.312
49 3.88 1.02566 214.57
50 3.96 1.02015 228.306
39000 50
1 0.04 0 0
2 0.12 0 0
3 0.2 0 0
4 0.28 0 0
5 0.36 0 0
6 0.44 0 0
7 0.52 0 0
8 0.6 0 0
9 0.68 0 0
10 0.76 0 0
11 0.84 0.000805343 0.000488281
12 0.92 0.313168 0.228223
13 1 1.93543 1.89092
14 1.08 2.45438 4.3501
15 1.16 1.8566 6.496
16 1.24 1.2728 8.17695
17 1.32 0.941636 9.58613
18 1.4 0.757878 10.8619
19 1.48 0.67984 12.1408
20 1.56 0.679948 13.5619
21 1.64 0.721109 15.2275
22 1.72 0.812582 17.292
23 1.8 0.945993 19.9241
24 1.88 1.08288 23.2108
25 1.96 1.17935 27.1015
26 2.04 1.2231 31.4725
27 2.12 1.16488 35.9683
28 2.2 1.08909 40.4947
29 2.28 0.996596 44.9435
30 2.36 0.930468 49.3936
31 2.44 0.895445 53.9714
32 2.52 0.898578 58.8714
33 2.6 0.914206 64.1781
34 2.68 0.953677 70.0599
35 2.76 1.0062 76.6415
36 2.84 1.04132 83.8534
37 2.92 1.06167 91.6264
38 3 1.06469 99.8544
39 3.08 1.04979 108.406
40 3.16 1.02335 117.18
41 3.24 0.990902 126.112
42 3.32 0.972977 135.321
43 3.4 0.959519 144.845
44 3.48 0.964257 154.872
45 3.56 0.975799 165.491
46 3.64 0.990505 176.76
47 3.72 1.00631 188.717
48 3.8 1.02051 201.371
49 3.88 1.02413 214.609
50 3.96 1.02097 228.357
40000 50
1 0.04 0 0
2 0.12 0 0
3 0.2 0 0
4 0.28 0 0
5 0.36 0 0
6 0.44 0 0
7 0.52 0 0
8 0.6 0 0
9 0.68 0 0
10 0.76 0 0
11 0.84 0.000483206 0.000292969
12 0.92 0.318942 0.232227
13 1 1.9277 1.88828
14 1.08 2.44785 4.34092
15 1.16 1.84342 6.47158
16 1.24 1.28537 8.16914
17 1.32 0.951489 9.59307
18 1.4 0.759735 10.872
19 1.48 0.69396 12.1774
20 1.56 0.675042 13.5883
21 1.64 0.708214 15.2241
22 1.72 0.809968 17.2819
23 1.8 0.954206 19.9369
24 1.88 1.06483 23.1688
25 1.96 1.17864 27.0571
26 2.04 1.21968 31.4159
27 2.12 1.18057 35.9723
28 2.2 1.09019 40.5033
29 2.28 1.00064 44.9701
30 2.36 0.93398 49.437
31 2.44 0.901309 54.0448
32 2.52 0.887779 58.8859
33 2.6 0.913786 64.1902
34 2.68 0.952553 70.065
35 2.76 1.00046 76.6092
36 2.84 1.0426 83.83
37 2.92 1.06042 91.5938
38 3 1.06953 99.8592
39 3.08 1.047 108.388
40 3.16 1.02094 117.142
41 3.24 0.994326 126.104
42 3.32 0.97727 135.354
43 3.4 0.961447 144.897
44 3.48 0.96422 154.924
45 3.56 0.972488 165.507
46 3.64 0.988076 176.748
47 3.72 1.01005 188.75
48 3.8 1.01784 201.37
49 3.88 1.02336 214.599
50 3.96 1.02102 228.347
41000 50
1 0.04 0 0
2 0.12 0 0
3 0.2 0 0
4 0.28 0 0
5 0.36 0 0
6 0.44 0 0
7 0.52 0 0
8 0.6 0 0
9 0.68 0 0
10 0.76 0 0
11 0.84 0.000966411 0.000585937
12 0.92 0.303901 0.221582
13 1 1.94123 1.88926
14 1.08 2.44142 4.33545
15 1.16 1.85685 6.48164
16 1.24 1.28618 8.18027
17 1.32 0.950315 9.60244
18 1.4 0.750162 10.8652
19 1.48 0.686485 12.1566
20 1.56 0.672052 13.5612
21 1.64 0.718741 15.2214
22 1.72 0.812467 17.2855
23 1.8 0.944098 19.9124
24 1.88 1.08053 23.192
25 1.96 1.1729 27.0613
26 2.04 1.22173 31.4274
27 2.12 1.18011 35.982
28 2.2 1.08878 40.5072
29 2.28 0.998215 44.9632
30 2.36 0.934143 49.4309
31 2.44 0.899017 54.027
32 2.52 0.887797 58.8682
33 2.6 0.911481 64.1591
34 2.68 0.956195 70.0563
35 2.76 1.00257 76.6143
36 2.84 1.04438 83.8474
37 2.92 1.06418 91.6387
38 3 1.06694 99.8841
39 3.08 1.04371 108.386
40 3.16 1.01796 117.114
41 3.24 0.994694 126.08
42 3.32 0.974112 135.3
43 3.4 0.963513 144.864
44 3.48 0.968521 154.935
45 3.56 0.974767 165.543
46 3.64 0.989587 176.801
47 3.72 1.00527 188.746
48 3.8 1.01813 201.37
49 3.88 1.02268 214.59
50 3.96 1.02019 228.327
42000 50
1 0.04 0 0
2 0.12 0 0
3 0.2 0 0
4 0.28 0 0
5 0.36 0 0
6 0.44 0 0
7 0.52 0 0
8 0.6 0 0
9 0.68 0 0
10 0.76 0 0
11 0.84 0.000483206 0.000292969
12 0.92 0.308736 0.224805
13 1 1.91895 1.87334
14 1.08 2.47124 4.34941
15 1.16 1.83522 6.47061
16 1.24 1.27694 8.15703
17 1.32 0.950184 9.579
18 1.4 0.774064 10.882
19 1.48 0.683786 12.1684
20 1.56 0.675603 13.5804
21 1.64 0.71853 15.24
22 1.72 0.814043 17.3082
23 1.8 0.932235 19.9021
24 1.88 1.07023 23.1504
25 1.96 1.19093 27.0792
26 2.04 1.21821 31.4327
27 2.12 1.17394 35.9635
28 2.2 1.09621 40.5195
29 2.28 0.995568 44.9637
30 2.36 0.935736 49.439
31 2.44 0.894146 54.0102
32 2.52 0.889875 58.8627
33 2.6 0.917991 64.1914
34 2.68 0.951397 70.0591
35 2.76 1.00659 76.6433
36 2.84 1.04394 83.8733
37 2.92 1.06469 91.6684
38 3 1.05764 99.8419
39 3.08 1.04183 108.328
40 3.16 1.02854 117.147
41 3.24 0.994521 126.112
42 3.32 0.978931 135.377
43 3.4 0.960975 144.916
44 3.48 0.962558 154.925
45 3.56 0.974938 165.535
46 3.64 0.987355 176.768
47 3.72 1.00694 188.733
48 3.8 1.02077 201.389
49 3.88 1.01833 214.553
50 3.96 1.02069 228.296
43000 50
1 0.04 0 0
2 0.12 0 0
3 0.2 0 0
4 0.28 0 0
5 0.36 0 0
6 0.44 0 0
7 0.52 0 0
8 0.6 0 0
9 0.68 0 0
10 0.76 0 0
11 0.84 0.000483206 0.000292969
12 0.92 0.304976 0.22207
13 1 1.93498 1.88437
14 1.08 2.4458 4.33496
15 1.16 1.8539 6.47773
16 1.24 1.29602 8.18936
17 1.32 0.946987 9.60654
18 1.4 0.753643 10.8752
19 1.48 0.675947 12.1468
20 1.56 0.676631 13.5609
21 1.64 0.713414 15.2088
22 1.72 0.827496 17.3111
23 1.8 0.94487 19.9401
24 1.88 1.08088 23.2208
25 1.96 1.16624 27.0682
26 2.04 1.21807 31.4212
27 2.12 1.17442 35.9538
28 2.2 1.09247 40.4943
29 2.28 1.00029 44.9596
30 2.36 0.939085 49.4509
31 2.44 0.894776 54.0253
32 2.52 0.890663 58.8821
33 2.6 0.912221 64.1773
34 2.68 0.956179 70.0745
35 2.76 1.00485 76.6474
36 2.84 1.04546 83.888
37 2.92 1.05488 91.6112
38 3 1.06335 99.8289
39 3.08 1.04685 108.356
40 3.16 1.02187 117.118
41 3.24 0.998475 126.118
42 3.32 0.977621 135.371
43 3.4 0.96186 144.919
44 3.48 0.964943 154.953
45 3.56 0.971501 165.525
46 3.64 0.991595 176.806
47 3.72 1.00269 188.721
48 3.8 1.01646 201.324
49 3.88 1.02338 214.552
50 3.96 1.02404 228.341
44000 50
1 0.04 0 0
2 0.12 0 0
3 0.2 0 0
4 0.28 0 0
5 0.36 0 0
6 0.44 0 0
7 0.52 0 0
8 0.6 0 0
9 0.68 0 0
10 0.76 0 0
11 0.84 0.000644274 0.000390625
12 0.92 0.319076 0.232422
13 1 1.93032 1.89072
14 1.08 2.44434 4.33984
15 1.16 1.83801 6.46426
16 1.24 1.28663 8.16348
17 1.32 0.949793 9.58486
18 1.4 0.771917 10.8843
19 1.48 0.679114 12.1618
20 1.56 0.671818 13.5659
21 1.64 0.722377 15.2345
22 1.72 0.816426 17.3087
23 1.8 0.937429 19.917
24 1.88 1.07284 23.1732
25 1.96 1.18314 27.0764
26 2.04 1.21285 31.4107
27 2.12 1.17794 35.9569
28 2.2 1.09099 40.4913
29 2.28 1.00272 44.9674
30 2.36 0.935368 49.4409
31 2.44 0.891529 53.9987
32 2.52 0.893403 58.8705
33 2.6 0.918076 64.1997
34 2.68 0.953202 70.0785
35 2.76 0.999061 76.6135
36 2.84 1.03802 83.8025
37 2.92 1.06206 91.5783
38 3 1.06771 99.8297
39 3.08 1.05081 108.389
40 3.16 1.02315 117.162
41 3.24 0.995052 126.131
42 3.32 0.973576 135.346
43 3.4 0.960758 144.883
44 3.48 0.965553 154.923
45 3.56 0.977747 165.563
46 3.64 0.987149 176.794
47 3.72 1.00472 188.732
48 3.8 1.01131 201.271
49 3.88 1.02433 214.512
50 3.96 1.02204 228.274
45000 50
1 0.04 0 0
2 0.12 0 0
3 0.2 0 0
4 0.28 0 0
5 0.36 0 0
6 0.44 0 0
7 0.52 0 0
8 0.6 0 0
9 0.68 0 0
10 0.76 0 0
11 0.84 0.000644274 0.000390625
12 0.92 0.307527 0.224023
13 1 1.93043 1.88242
14 1.08 2.47553 4.36279
15 1.16 1.83911 6.48848
16 1.24 1.28463 8.18506
17 1.32 0.941962 9.59473
18 1.4 0.763795 10.8805
19 1.48 0.676881 12.1538
20 1.56 0.666304 13.5464
21 1.64 0.718699 15.2064
22 1.72 0.812736 17.2713
23 1.8 0.952171 19.9206
24 1.88 1.08059 23.2004
25 1.96 1.18933 27.1239
26 2.04 1.22228 31.492
27 2.12 1.17045 36.0093
28 2.2 1.08589 40.5225
29 2.28 1.00616 45.0139
30 2.36 0.921341 49.4203
31 2.44 0.88832 53.9617
32 2.52 0.890931 58.82
33 2.6 0.91355 64.1229
34 2.68 0.958966 70.0373
35 2.76 1.01041 76.6465
36 2.84 1.0513 83.9275
37 2.92 1.06354 91.7142
38 3 1.0604 99.909
39 3.08 1.04448 108.417
40 3.16 1.0192 117.156
41 3.24 0.995637 126.131
42 3.32 0.974185 135.351
43 3.4 0.959991 144.88
44 3.48 0.96299 154.894
45 3.56 0.976984 165.525
46 3.64 0.988205 176.768
47 3.72 1.00648 188.728
48 3.8 1.02351 201.418
49 3.88 1.02542 214.673
50 3.96 1.01941 228.4
46000 50
1 0.04 0 0
2 0.12 0 0
3 0.2 0 0
4 0.28 0 0
5 0.36 0 0
6 0.44 0 0
7 0.52 0 0
8 0.6 0 0
9 0.68 0 0
10 0.76 0 0
11 0.84 0.000483206 0.000292969
12 0.92 0.313033 0.22793
13 1 1.92327 1.88018
14 1.08 2.4803 4.36533
15 1.16 1.84697 6.5001
16 1.24 1.26733 8.17383
17 1.32 0.944116 9.58672
18 1.4 0.758864 10.8642
19 1.48 0.687835 12.1581
20 1.56 0.666258 13.5506
21 1.64 0.717557 15.208
22 1.72 0.824037 17.3016
23 1.8 0.947222 19.9371
24 1.88 1.07956 23.2138
25 1.96 1.18214 27.1136
26 2.04 1.20862 31.4328
27 2.12 1.18236 35.9961
28 2.2 1.09292 40.5385
29 2.28 0.990908 44.9618
30 2.36 0.931121 49.415
31 2.44 0.893916 53.9851
32 2.52 0.889248 58.8342
33 2.6 0.918479 64.1657
34 2.68 0.95773 70.0725
35 2.76 1.01071 76.6836
36 2.84 1.04285 83.9062
37 2.92 1.06431 91.6984
38 3 1.0572 99.8686
39 3.08 1.04754 108.401
40 3.16 1.01889 117.138
41 3.24 0.992181 126.081
42 3.32 0.973545 135.295
43 3.4 0.965008 144.874
44 3.48 0.966098 154.92
45 3.56 0.972578 165.504
46 3.64 0.991801 176.788
47 3.72 1.01301 188.825
48 3.8 1.01447 201.403
49 3.88 1.02108 214.602
50 3.96 1.02274 228.374
47000 50
1 0.04 0 0
2 0.12 0 0
3 0.2 0 0
4 0.28 0 0
5 0.36 0 0
6 0.44 0 0
7 0.52 0 0
8 0.6 0 0
9 0.68 0 0
10 0.76 0 0
11 0.84 0.000483206 0.000292969
12 0.92 0.315316 0.22959
13 1 1.94169 1.89766
14 1.08 2.43723 4.33965
15 1.16 1.84925 6.47705
16 1.24 1.2884 8.17861
17 1.32 0.941375 9.5874
18 1.4 0.767392 10.8792
19 1.48 0.682332 12.1628
20 1.56 0.676397 13.5765
21 1.64 0.711808 15.2206
22 1.72 0.812121 17.2839
23 1.8 0.943923 19.9103
24 1.88 1.08635 23.2075
25 1.96 1.18021 27.101
26 2.04 1.21985 31.4604
27 2.12 1.1746 35.9937
28 2.2 1.08542 40.5049
29 2.28 1.00014 44.9694
30 2.36 0.929753 49.4161
31 2.44 0.894107 53.9871
32 2.52 0.893922 58.8617
33 2.6 0.912642 64.1594
34 2.68 0.957287 70.0634
35 2.76 1.00055 76.6081
36 2.84 1.04945 83.8764
37 2.92 1.0657 91.6788
38 3 1.0673 99.927
39 3.08 1.04008 108.399
40 3.16 1.01715 117.121
41 3.24 0.996926 126.107
42 3.32 0.973173 135.317
43 3.4 0.961693 144.863
44 3.48 0.964718 154.895
45 3.56 0.972434 165.477
46 3.64 0.995707 176.805
47 3.72 1.00709 188.772
48 3.8 1.01689 201.381
49 3.88 1.02852 214.676
50 3.96 1.01429 228.333
48000 50
1 0.04 0 0
2 0.12 0 0
3 0.2 0 0
4 0.28 0 0
5 0.36 0 0
6 0.44 0 0
7 0.52 0 0
8 0.6 0 0
9 0.68 0 0
10 0.76 0 0
11 0.84 0.000644274 0.000390625
12 0.92 0.313168 0.228125
13 1 1.92702 1.88359
14 1.08 2.46081 4.34922
15 1.16 1.83818 6.47383
16 1.24 1.2731 8.15518
17 1.32 0.950641 9.57783
18 1.4 0.768727 10.8719
19 1.48 0.687264 12.1647
20 1.56 0.665557 13.5558
21 1.64 0.724576 15.2294
22 1.72 0.814696 17.2992
23 1.8 0.939535 19.9134
24 1.88 1.0896 23.2205
25 1.96 1.16831 27.0747
26 2.04 1.2175 31.4257
27 2.12 1.17574 35.9634
28 2.2 1.0929 40.5057
29 2.28 1.00758 45.0034
30 2.36 0.929712 49.4499
31 2.44 0.887059 53.9849
32 2.52 0.887762 58.8259
33 2.6 0.914812 64.1361
34 2.68 0.964349 70.0837
35 2.76 0.999882 76.624
36 2.84 1.04026 83.8286
37 2.92 1.06479 91.6244
38 3 1.06457 99.8515
39 3.08 1.0517 108.418
40 3.16 1.02372 117.196
41 3.24 0.989927 126.119
42 3.32 0.969521 135.295
43 3.4 0.964408 144.868
44 3.48 0.963459 154.887
45 3.56 0.974893 165.496
46 3.64 0.989672 176.755
47 3.72 1.00627 188.712
48 3.8 1.01884 201.345
49 3.88 1.02542 214.6
50 3.96 1.02308 228.376
49000 50
1 0.04 0 0
2 0.12 0 0
3 0.2 0 0
4 0.28 0 0
5 0.36 0 0
6 0.44 0 0
7 0.52 0 0
8 0.6 0 0
9 0.68 0 0
10 0.76 0 0
11 0.84 0.000805343 0.000488281
12 0.92 0.319345 0.232715
13 1 1.93021 1.89092
14 1.08 2.44415 4.33984
15 1.16 1.85491 6.48379
16 1.24 1.28774 8.18447
17 1.32 0.938243 9.58857
18 1.4 0.760895 10.8694
19 1.48 0.684201 12.1565
20 1.56 0.668313 13.5533
21 1.64 0.713879 15.2022
22 1.72 0.817387 17.2789
23 1.8 0.938763 19.8909
24 1.88 1.09433 23.2124
25 1.96 1.18779 27.1309
26 2.04 1.21233 31.4634
27 2.12 1.17419 35.9951
28 2.2 1.0822 40.493
29 2.28 1.0013 44.9627
30 2.36 0.929692 49.4091
31 2.44 0.90001 54.0103
32 2.52 0.887171 58.848
33 2.6 0.911262 64.1377
34 2.68 0.957002 70.0399
35 2.76 1.00963 76.644
36 2.84 1.04624 83.89
37 2.92 1.0596 91.6479
38 3 1.06522 99.88
39 3.08 1.05176 108.447
40 3.16 1.01459 117.147
41 3.24 0.989255 126.064
42 3.32 0.970635 135.25
43 3.4 0.967192 144.851
44 3.48 0.969103 154.928
45 3.56 0.971573 165.501
46 3.64 0.990436 176.769
47 3.72 1.0066 188.73
48 3.8 1.01908 201.366
49 3.88 1.02611 214.63
50 3.96 1.02173 228.387
50000 50
1 0.04 0 0
2 0.12 0 0
3 0.2 0 0
4 0.28 0 0
5 0.36 0 0
6 0.44 0 0
7 0.52 0 0
8 0.6 0 0
9 0.68 0 0
10 0.76 0 0
11 0.84 0.000483206 0.000292969
12 0.92 0.316391 0.230371
13 1 1.91907 1.879
14 1.08 2.45808 4.34189
15 1.16 1.84714 6.47686
16 1.24 1.29276 8.18418
17 1.32 0.944442 9.59756
18 1.4 0.766638 10.8881
19 1.48 0.672469 12.1531
20 1.56 0.678266 13.5707
21 1.64 0.712822 15.2172
22 1.72 0.815196 17.2883
23 1.8 0.94129 19.9073
24 1.88 1.07895 23.1821
25 1.96 1.18462 27.0901
26 2.04 1.21496 31.432
27 2.12 1.18052 35.9882
28 2.2 1.09452 40.5372
29 2.28 1.00535 45.025
30 2.36 0.923464 49.4416
31 2.44 0.890669 53.995
32 2.52 0.890502 58.851
33 2.6 0.907359 64.118
34 2.68 0.96408 70.0639
35 2.76 1.00887 76.663
36 2.84 1.04068 83.8705
37 2.92 1.0531 91.5807
38 3 1.06448 99.807
39 3.08 1.05188 108.375
40 3.16 1.03025 117.209
41 3.24 0.992397 126.154
42 3.32 0.977858 135.409
43 3.4 0.962037 144.959
44 3.48 0.956979 154.91
45 3.56 0.972596 165.494
46 3.64 0.99478 176.812
47 3.72 1.00094 188.705
48 3.8 1.01697 201.315
49 3.88 1.02254 214.532
50 3.96 1.02218 228.296
51000 50
1 0.04 0 0
2 0.12 0 0
3 0.2 0 0
4 0.28 0 0
5 0.36 0 0
6 0.44 0 0
7 0.52 0 0
8 0.6 0 0
9 0.68 0 0
10 0.76 0 0
11 0.84 0.000805343 0.000488281
12 0.92 0.302827 0.220703
13 1 1.94089 1.88809
14 1.08 2.42845 4.32129
15 1.16 1.86387 6.47559
16 1.24 1.29084 8.18037
17 1.32 0.940396 9.5877
18 1.4 0.767798 10.8802
19 1.48 0.68254 12.1642
20 1.56 0.672052 13.5687
21 1.64 0.705254 15.1978
22 1.72 0.821384 17.2846
23 1.8 0.948345 19.9232
24 1.88 1.07377 23.1823
25 1.96 1.17358 27.0539
26 2.04 1.22881 31.4453
27 2.12 1.18118 36.004
28 2.2 1.09008 40.5346
29 2.28 0.994868 44.9756
30 2.36 0.929345 49.4203
31 2.44 0.899876 54.0208
32 2.52 0.885595 58.85
33 2.6 0.912271 64.1455
34 2.68 0.953154 70.024
35 2.76 1.00485 76.5969
36 2.84 1.04687 83.8473
37 2.92 1.06569 91.6496
38 3 1.06458 99.8768
39 3.08 1.04945 108.425
40 3.16 1.02076 117.178
41 3.24 0.994911 126.146
42 3.32 0.973504 135.359
43 3.4 0.960453 144.893
44 3.48 0.959111 154.867
45 3.56 0.972748 165.452
46 3.64 0.99084 176.725
47 3.72 1.00689 188.689
48 3.8 1.02006 201.337
49 3.88 1.02704 214.613
50 3.96 1.02469 228.411
52000 50
1 0.04 0 0
2 0.12 0 0
3 0.2 0 0
4 0.28 0 0
5 0.36 0 0
6 0.44 0 0
7 0.52 0 0
8 0.6 0 0
9 0.68 0 0
10 0.76 0 0
11 0.84 0 0
12 0.92 0.314913 0.229004
13 1 1.93578 1.89199
14 1.08 2.43674 4.3335
15 1.16 1.85626 6.479
16 1.24 1.27716 8.16572
17 1.32 0.949467 9.58662
18 1.4 0.766406 10.8768
19 1.48 0.689029 12.1729
20 1.56 0.670743 13.5748
21 1.64 0.712061 15.2195
22 1.72 0.82173 17.3072
23 1.8 0.950416 19.9517
24 1.88 1.06772 23.1924
25 1.96 1.18948 27.1164
26 2.04 1.19922 31.4021
27 2.12 1.18226 35.9649
28 2.2 1.09407 40.5121
29 2.28 0.996049 44.9584
30 2.36 0.934164 49.4262
31 2.44 0.89575 54.0056
32 2.52 0.89009 58.8593
33 2.6 0.918143 64.1889
34 2.68 0.959646 70.1074
35 2.76 1.00252 76.665
36 2.84 1.04208 83.8822
37 2.92 1.05423 91.6007
38 3 1.06335 99.8184
39 3.08 1.05149 108.383
40 3.16 1.02219 117.148
41 3.24 0.995117 126.118
42 3.32 0.969717 135.296
43 3.4 0.964261 144.867
44 3.48 0.96792 154.932
45 3.56 0.972524 165.516
46 3.64 0.991595 176.797
47 3.72 1.00768 188.771
48 3.8 1.01984 201.416
49 3.88 1.01844 214.581
50 3.96 1.02013 228.317
53000 50
1 0.04 0 0
2 0.12 0 0
3 0.2 0 0
4 0.28 0 0
5 0.36 0 0
6 0.44 0 0
7 0.52 0 0
8 0.6 0 0
9 0.68 0 0
10 0.76 0 0
11 0.84 0.000966411 0.000585937
12 0.92 0.311287 0.226953
13 1 1.92179 1.87793
14 1.08 2.45272 4.33545
15 1.16 1.85145 6.47539
16 1.24 1.28507 8.17256
17 1.32 0.937851 9.57607
18 1.4 0.77476 10.8803
19 1.48 0.691053 12.1803
20 1.56 0.665931 13.5721
21 1.64 0.721024 15.2375
22 1.72 0.809891 17.2951
23 1.8 0.944379 19.9228
24 1.88 1.07013 23.1708
25 1.96 1.1769 27.0533
26 2.04 1.2187 31.4086
27 2.12 1.18049 35.9646
28 2.2 1.09379 40.5106
29 2.28 0.999572 44.9727
30 2.36 0.937226 49.4551
31 2.44 0.888682 53.9983
32 2.52 0.893367 58.8699
33 2.6 0.911161 64.159
34 2.68 0.958934 70.0731
35 2.76 1.00726 76.6617
36 2.84 1.03707 83.8442
37 2.92 1.06271 91.6248
38 3 1.06405 99.8479
39 3.08 1.04353 108.348
40 3.16 1.02233 117.114
41 3.24 0.997728 126.107
42 3.32 0.97532 135.338
43 3.4 0.960916 144.877
44 3.48 0.964539 154.907
45 3.56 0.97553 165.523
46 3.64 0.992076 176.809
47 3.72 1.00314 188.729
48 3.8 1.01642 201.332
49 3.88 1.02385 214.566
50 3.96 1.01824 228.277
54000 50
1 0.04 0 0
2 0.12 0 0
3 0.2 0 0
4 0.28 0 0
5 0.36 0 0
6 0.44 0 0
7 0.52 0 0
8 0.6 0 0
9 0.68 0 0
10 0.76 0 0
11 0.84 0.000161069 9.76563e-05
12 0.92 0.309542 0.225195
13 1 1.94544 1.89648
14 1.08 2.44785 4.34912
15 1.16 1.84807 6.48516
16 1.24 1.2745 8.16836
17 1.32 0.953447 9.59521
18 1.4 0.752077 10.8612
19 1.48 0.679944 12.1403
20 1.56 0.68135 13.5644
21 1.64 0.7113 15.2073
22 1.72 0.82296 17.2981
23 1.8 0.940378 19.9146
24 1.88 1.08976 23.2223
25 1.96 1.17551 27.1002
26 2.04 1.21676 31.4485
27 2.12 1.17396 35.9794
28 2.2 1.08343 40.4823
29 2.28 0.998565 44.9398
30 2.36 0.927201 49.3743
31 2.44 0.895597 53.9529
32 2.52 0.901175 58.8671
33 2.6 0.917453 64.1927
34 2.68 0.95781 70.0999
35 2.76 1.00502 76.6738
36 2.84 1.0413 83.8856
37 2.92 1.06447 91.6791
38 3 1.0632 99.8956
39 3.08 1.03973 108.365
40 3.16 1.01666 117.082
41 3.24 0.991921 126.023
42 3.32 0.978869 135.288
43 3.4 0.963749 144.854
44 3.48 0.969282 154.933
45 3.56 0.972578 165.517
46 3.64 0.990994 176.792
47 3.72 1.00892 188.78
48 3.8 1.01863 201.41
49 3.88 1.02061 214.603
50 3.96 1.02258 228.372
55000 50
1 0.04 0 0
2 0.12 0 0
3 0.2 0 0
4 0.28 0 0
5 0.36 0 0
6 0.44 0 0
7 0.52 0 0
8 0.6 0 0
9 0.68 0 0
10 0.76 0 0
11 0.84 0.00112748 0.000683594
12 0.92 0.313973 0.229004
13 1 1.93089 1.88779
14 1.08 2.45379 4.34639
15 1.16 1.85339 6.48857
16 1.24 1.2867 8.18789
17 1.32 0.94007 9.59473
18 1.4 0.760605 10.8751
19 1.48 0.682903 12.1598
20 1.56 0.669622 13.5593
21 1.64 0.718149 15.2181
22 1.72 0.815081 17.2889
23 1.8 0.938237 19.8994
24 1.88 1.07335 23.1572
25 1.96 1.17787 27.043
26 2.04 1.23633 31.4612
27 2.12 1.18026 36.0164
28 2.2 1.08394 40.5215
29 2.28 0.994693 44.9617
30 2.36 0.934592 49.4315
31 2.44 0.892369 53.9937
32 2.52 0.889463 58.8439
33 2.6 0.912305 64.1396
34 2.68 0.96408 70.0855
35 2.76 1.00115 76.6342
36 2.84 1.0405 83.8404
37 2.92 1.06707 91.6529
38 3 1.06574 99.8891
39 3.08 1.04088 108.368
40 3.16 1.02555 117.161
41 3.24 0.992603 126.108
42 3.32 0.971873 135.307
43 3.4 0.96917 144.927
44 3.48 0.961816 154.929
45 3.56 0.975557 165.545
46 3.64 0.987097 176.775
47 3.72 1.0056 188.724
48 3.8 1.01535 201.313
49 3.88 1.02777 214.599
50 3.96 1.02265 228.369
56000 50
1 0.04 0 0
2 0.12 0 0
3 0.2 0 0
4 0.28 0 0
5 0.36 0 0
6 0.44 0 0
7 0.52 0 0
8 0.6 0 0
9 0.68 0 0
10 0.76 0 0
11 0.84 0.000805343 0.000488281
12 0.92 0.311556 0.227051
13 1 1.921 1.87734
14 1.08 2.4499 4.33203
15 1.16 1.85153 6.47207
16 1.24 1.28855 8.17383
17 1.32 0.953447 9.60068
18 1.4 0.755442 10.8724
19 1.48 0.681138 12.1537
20 1.56 0.665837 13.5453
21 1.64 0.730748 15.2332
22 1.72 0.820462 17.3177
23 1.8 0.93778 19.927
24 1.88 1.07531 23.1907
25 1.96 1.17557 27.0688
26 2.04 1.21482 31.4103
27 2.12 1.18209 35.9725
28 2.2 1.09311 40.5156
29 2.28 0.998215 44.9716
30 2.36 0.930958 49.424
31 2.44 0.891911 53.9838
32 2.52 0.890716 58.8409
33 2.6 0.918412 64.1721
34 2.68 0.95933 70.0887
35 2.76 1.00418 76.6571
36 2.84 1.03878 83.8515
37 2.92 1.06517 91.65
38 3 1.05867 99.8314
39 3.08 1.04561 108.349
40 3.16 1.02268 117.117
41 3.24 0.995138 126.088
42 3.32 0.975196 135.317
43 3.4 0.963513 144.881
44 3.48 0.963807 154.904
45 3.56 0.976733 165.533
46 3.64 0.994273 176.844
47 3.72 1.00666 188.806
48 3.8 1.01186 201.352
49 3.88 1.02286 214.574
50 3.96 1.01854 228.289
57000 50
1 0.04 0 0
2 0.12 0 0
3 0.2 0 0
4 0.28 0 0
5 0.36 0 0
6 0.44 0 0
7 0.52 0 0
8 0.6 0 0
9 0.68 0 0
10 0.76 0 0
11 0.84 0.000644274 0.000390625
12 0.92 0.315988 0.230176
13 1 1.93566 1.89307
14 1.08 2.45711 4.35498
15 1.16 1.83041 6.47061
16 1.24 1.27687 8.15693
17 1.32 0.958602 9.5915
18 1.4 0.762287 10.8747
19 1.48 0.680048 12.154
20 1.56 0.671491 13.5574
21 1.64 0.721828 15.2247
22 1.72 0.819347 17.3063
23 1.8 0.94287 19.9298
24 1.88 1.08008 23.208
25 1.96 1.18128 27.105
26 2.04 1.21875 31.4604
27 2.12 1.16931 35.9733
28 2.2 1.08892 40.4991
29 2.28 0.997428 44.9516
30 2.36 0.934817 49.4225
31 2.44 0.889466 53.9697
32 2.52 0.896734 58.8597
33 2.6 0.920263 64.2016
34 2.68 0.956622 70.1015
35 2.76 0.999494 76.6393
36 2.84 1.04603 83.8838
37 2.92 1.06134 91.6543
38 3 1.06371 99.8747
39 3.08 1.0448 108.385
40 3.16 1.01901 117.123
41 3.24 0.996211 126.102
42 3.32 0.975124 135.332
43 3.4 0.963385 144.894
44 3.48 0.96191 154.897
45 3.56 0.97658 165.524
46 3.64 0.989767 176.785
47 3.72 1.01058 188.793
48 3.8 1.0176 201.41
49 3.88 1.02076 214.605
50 3.96 1.02227 228.37
58000 50
1 0.04 0 0
2 0.12 0 0
3 0.2 0 0
4 0.28 0 0
5 0.36 0 0
6 0.44 0 0
7 0.52 0 0
8 0.6 0 0
9 0.68 0 0
10 0.76 0 0
11 0.84 0.000805343 0.000488281
12 0.92 0.310347 0.226172
13 1 1.93714 1.89033
14 1.08 2.44259 4.3377
15 1.16 1.84917 6.475
16 1.24 1.28056 8.16621
17 1.32 0.954034 9.59395
18 1.4 0.771047 10.8919
19 1.48 0.675532 12.1627
20 1.56 0.664809 13.5521
21 1.64 0.716458 15.207
22 1.72 0.820577 17.2918
23 1.8 0.948064 19.9297
24 1.88 1.07663 23.1975
25 1.96 1.18347 27.1017
26 2.04 1.2111 31.4298
27 2.12 1.1748 35.9639
28 2.2 1.09712 40.5237
29 2.28 0.994037 44.961
30 2.36 0.931713 49.4171
31 2.44 0.896381 53.9997
32 2.52 0.889087 58.8479
33 2.6 0.917537 64.174
34 2.68 0.959615 70.0924
35 2.76 1.00433 76.6618
36 2.84 1.04029 83.8666
37 2.92 1.05967 91.6249
38 3 1.06688 99.8698
39 3.08 1.04462 108.379
40 3.16 1.01943 117.12
41 3.24 0.998984 126.125
42 3.32 0.968871 135.295
43 3.4 0.966268 144.886
44 3.48 0.961684 154.886
45 3.56 0.977675 165.526
46 3.64 0.988428 176.771
47 3.72 1.00658 188.731
48 3.8 1.01849 201.36
49 3.88 1.02561 214.617
50 3.96 1.02284 228.39
59000 50
1 0.04 0 0
2 0.12 0 0
3 0.2 0 0
4 0.28 0 0
5 0.36 0 0
6 0.44 0 0
7 0.52 0 0
8 0.6 0 0
9 0.68 0 0
10 0.76 0 0
11 0.84 0.000805343 0.000488281
12 0.92 0.317062 0.231055
13 1 1.93657 1.89473
14 1.08 2.45974 4.35928
15 1.16 1.83742 6.48301
16 1.24 1.27058 8.16104
17 1.32 0.946073 9.57686
18 1.4 0.776268 10.8836
19 1.48 0.674649 12.1527
20 1.56 0.670136 13.5533
21 1.64 0.716374 15.208
22 1.72 0.823768 17.3009
23 1.8 0.944344 19.9284
24 1.88 1.07454 23.1898
25 1.96 1.17773 27.0751
26 2.04 1.22406 31.4495
27 2.12 1.17444 35.9822
28 2.2 1.092 40.5208
29 2.28 1.00117 44.9899
30 2.36 0.928896 49.4325
31 2.44 0.895387 54.0101
32 2.52 0.88769 58.8507
33 2.6 0.916831 64.1727
34 2.68 0.958031 70.0812
35 2.76 1.00158 76.6327
36 2.84 1.04404 83.8635
37 2.92 1.06012 91.6251
38 3 1.05979 99.8152
39 3.08 1.05307 108.393
40 3.16 1.02027 117.141
41 3.24 0.997608 126.134
42 3.32 0.97793 135.389
43 3.4 0.964792 144.966
44 3.48 0.959778 154.947
45 3.56 0.972703 165.532
46 3.64 0.989217 176.786
47 3.72 1.00398 188.716
48 3.8 1.01632 201.317
49 3.88 1.01988 214.5
50 3.96 1.02369 228.284
60000 50
1 0.04 0 0
2 0.12 0 0
3 0.2 0 0
4 0.28 0 0
5 0.36 0 0
6 0.44 0 0
7 0.52 0 0
8 0.6 0 0
9 0.68 0 0
10 0.76 0 0
11 0.84 0.000966411 0.000585937
12 0.92 0.313168 0.22832
13 1 1.93214 1.88818
14 1.08 2.44775 4.34072
15 1.16 1.84063 6.46816
16 1.24 1.2765 8.154
17 1.32 0.950445 9.57637
18 1.4 0.779053 10.8878
19 1.48 0.687368 12.1809
20 1.56 0.673547 13.5886
21 1.64 0.71333 15.2362
22 1.72 0.810852 17.2963
23 1.8 0.947608 19.9329
24 1.88 1.06943 23.1788
25 1.96 1.18116 27.0754
26 2.04 1.21755 31.4266
27 2.12 1.17556 35.9636
28 2.2 1.08345 40.4666
29 2.28 0.997712 44.9203
30 2.36 0.940534 49.4186
31 2.44 0.90236 54.0317
32 2.52 0.896949 58.9229
33 2.6 0.909092 64.1999
34 2.68 0.956685 70.1002
35 2.76 0.997538 76.6252
36 2.84 1.0444 83.8585
37 2.92 1.06194 91.6334
38 3 1.0558 99.7927
39 3.08 1.04974 108.344
40 3.16 1.02365 117.121
41 3.24 0.99321 126.073
42 3.32 0.976032 135.311
43 3.4 0.969012 144.93
44 3.48 0.967779 154.993
45 3.56 0.973269 165.585
46 3.64 0.986445 176.807
47 3.72 1.00438 188.742
48 3.8 1.01262 201.297
49 3.88 1.02527 214.55
50 3.96 1.02051 228.292
61000 50
1 0.04 0 0
2 0.12 0 0
3 0.2 0 0
4 0.28 0 0
5 0.36 0 0
6 0.44 0 0
7 0.52 0 0
8 0.6 0 0
9 0.68 0 0
10 0.76 0 0
11 0.84 0.00112748 0.000683594
12 0.92 0.318539 0.232324
13 1 1.93782 1.89707
14 1.08 2.44161 4.34346
15 1.16 1.83675 6.46641
16 1.24 1.27872 8.15518
17 1.32 0.947313 9.57285
18 1.4 0.770003 10.869
19 1.48 0.688146 12.1636
20 1.56 0.671678 13.5674
21 1.64 0.725168 15.2424
22 1.72 0.81927 17.3238
23 1.8 0.938693 19.9356
24 1.88 1.07036 23.1844
25 1.96 1.18365 27.0892
26 2.04 1.21556 31.4332
27 2.12 1.1731 35.9607
28 2.2 1.08749 40.4806
29 2.28 1.00018 44.9453
30 2.36 0.932489 49.4051
31 2.44 0.900316 54.0078
32 2.52 0.891307 58.8682
33 2.6 0.916158 64.1862
34 2.68 0.962671 70.1234
35 2.76 0.999359 76.6604
36 2.84 1.04745 83.9147
37 2.92 1.05284 91.623
38 3 1.05414 99.7695
39 3.08 1.04649 108.294
40 3.16 1.02925 117.119
41 3.24 0.993351 126.073
42 3.32 0.977445 135.324
43 3.4 0.968314 144.936
44 3.48 0.964624 154.967
45 3.56 0.975737 165.585
46 3.64 0.986943 176.813
47 3.72 1.00082 188.705
48 3.8 1.01803 201.328
49 3.88 1.02438 214.57
50 3.96 1.01885 228.288
62000 50
1 0.04 0 0
2 0.12 0 0
3 0.2 0 0
4 0.28 0 0
5 0.36 0 0
6 0.44 0 0
7 0.52 0 0
8 0.6 0 0
9 0.68 0 0
10 0.76 0 0
11 0.84 0.000805343 0.000488281
12 0.92 0.313705 0.228613
13 1 1.93691 1.89258
14 1.08 2.45876 4.35615
15 1.16 1.83168 6.47324
16 1.24 1.27916 8.1626
17 1.32 0.937394 9.56543
18 1.4 0.772265 10.8654
19 1.48 0.681969 12.1483
20 1.56 0.676584 13.5624
21 1.64 0.722208 15.2306
22 1.72 0.81608 17.3039
23 1.8 0.946555 19.9376
24 1.88 1.07679 23.2059
25 1.96 1.17636 27.0866
26 2.04 1.21009 31.4111
27 2.12 1.1773 35.9549
28 2.2 1.09421 40.5026
29 2.28 0.998893 44.9616
30 2.36 0.928426 49.402
31 2.44 0.894279 53.9738
32 2.52 0.898525 58.8735
33 2.6 0.91281 64.1722
34 2.68 0.959203 70.088
35 2.76 1.00588 76.6676
36 2.84 1.04273 83.8893
37 2.92 1.05731 91.6303
38 3 1.05848 99.8103
39 3.08 1.04809 108.348
40 3.16 1.02413 117.129
41 3.24 0.996709 126.113
42 3.32 0.971285 135.306
43 3.4 0.968373 144.918
44 3.48 0.960867 154.91
45 3.56 0.974938 165.52
46 3.64 0.991278 176.797
47 3.72 1.00241 188.708
48 3.8 1.01907 201.344
49 3.88 1.02218 214.557
50 3.96 1.01747 228.257
63000 50
1 0.04 0 0
2 0.12 0 0
3 0.2 0 0
4 0.28 0 0
5 0.36 0 0
6 0.44 0 0
7 0.52 0 0
8 0.6 0 0
9 0.68 0 0
10 0.76 0 0
11 0.84 0.000483206 0.000292969
12 0.92 0.31263 0.227637
13 1 1.93953 1.89385
14 1.08 2.44337 4.34199
15 1.16 1.84148 6.47041
16 1.24 1.29106 8.17549
17 1.32 0.941962 9.58516
18 1.4 0.764144 10.8715
19 1.48 0.68363 12.1575
20 1.56 0.671724 13.5614
21 1.64 0.72614 15.2387
22 1.72 0.805663 17.2855
23 1.8 0.945362 19.9159
24 1.88 1.08574 23.2113
25 1.96 1.17776 27.0967
26 2.04 1.20796 31.4136
27 2.12 1.18138 35.973
28 2.2 1.09076 40.5064
29 2.28 0.994037 44.9438
30 2.36 0.935695 49.4188
31 2.44 0.89128 53.9754
32 2.52 0.89274 58.8436
33 2.6 0.920094 64.1845
34 2.68 0.960628 70.1091
35 2.76 0.998045 76.6374
36 2.84 1.04494 83.8744
37 2.92 1.06533 91.6741
38 3 1.06339 99.8921
39 3.08 1.03936 108.358
40 3.16 1.01859 117.092
41 3.24 0.996579 126.075
42 3.32 0.973844 135.292
43 3.4 0.96248 144.846
44 3.48 0.968502 154.917
45 3.56 0.972273 165.498
46 3.64 0.991338 176.776
47 3.72 1.00675 188.739
48 3.8 1.02117 201.4
49 3.88 1.0192 214.575
50 3.96 1.02464 228.372
64000 50
1 0.04 0 0
2 0.12 0 0
3 0.2 0 0
4 0.28 0 0
5 0.36 0 0
6 0.44 0 0
7 0.52 0 0
8 0.6 0 0
9 0.68 0 0
10 0.76 0 0
11 0.84 0.000644274 0.000390625
12 0.92 0.304976 0.222168
13 1 1.94839 1.896
14 1.08 2.43372 4.33447
15 1.16 1.849 6.47158
16 1.24 1.27435 8.15459
17 1.32 0.962126 9.59443
18 1.4 0.763389 10.8795
19 1.48 0.685084 12.1683
20 1.56 0.659436 13.5465
21 1.64 0.724745 15.2205
22 1.72 0.816426 17.2947
23 1.8 0.95017 19.9385
24 1.88 1.07367 23.1973
25 1.96 1.18527 27.1074
26 2.04 1.20381 31.4095
27 2.12 1.1753 35.9455
28 2.2 1.09184 40.4834
29 2.28 1.0013 44.9531
30 2.36 0.930958 49.4056
31 2.44 0.90234 54.0187
32 2.52 0.889302 58.8681
33 2.6 0.91424 64.175
34 2.68 0.953598 70.0563
35 2.76 1.00223 76.6119
36 2.84 1.04501 83.8494
37 2.92 1.06335 91.6347
38 3 1.06439 99.8604
39 3.08 1.04532 108.375
40 3.16 1.02256 117.143
41 3.24 0.994033 126.103
42 3.32 0.975877 135.339
43 3.4 0.963316 144.901
44 3.48 0.962736 154.913
45 3.56 0.973942 165.511
46 3.64 0.989698 176.771
47 3.72 1.00526 188.716
48 3.8 1.0194 201.355
49 3.88 1.0231 214.581
50 3.96 1.02005 228.316
65000 50
1 0.04 0 0
2 0.12 0 0
3 0.2 0 0
4 0.28 0 0
5 0.36 0 0
6 0.44 0 0
7 0.52 0 0
8 0.6 0 0
9 0.68 0 0
10 0.76 0 0
11 0.84 0.00112748 0.000683594
12 0.92 0.317331 0.231445
13 1 1.9418 1.89961
14 1.08 2.44122 4.34561
15 1.16 1.83607 6.46777
16 1.24 1.27997 8.1582
17 1.32 0.944311 9.57139
18 1.4 0.764376 10.8581
19 1.48 0.688821 12.1539
20 1.56 0.677238 13.5693
21 1.64 0.724999 15.2439
22 1.72 0.804087 17.2868
23 1.8 0.953153 19.9389
24 1.88 1.0674 23.1786
25 1.96 1.17924 27.0688
26 2.04 1.22668 31.4526
27 2.12 1.16981 35.9675
28 2.2 1.08216 40.4651
29 2.28 0.996728 44.9145
30 2.36 0.937798 49.3996
31 2.44 0.898768 53.9944
32 2.52 0.902053 58.9134
33 2.6 0.91567 64.2286
34 2.68 0.95876 70.1417
35 2.76 0.997866 76.6688
36 2.84 1.03507 83.8375
37 2.92 1.06052 91.6021
38 3 1.06229 99.8115
39 3.08 1.04773 108.346
40 3.16 1.02231 117.112
41 3.24 0.995192 126.082
42 3.32 0.980613 135.363
43 3.4 0.963129 144.923
44 3.48 0.966201 154.971
45 3.56 0.96958 165.522
46 3.64 0.991758 176.805
47 3.72 1.00472 188.744
48 3.8 1.01074 201.276
49 3.88 1.02516 214.527
50 3.96 1.02307 228.303
66000 50
1 0.04 0 0
2 0.12 0 0
3 0.2 0 0
4 0.28 0 0
5 0.36 0 0
6 0.44 0 0
7 0.52 0 0
8 0.6 0 0
9 0.68 0 0
10 0.76 0 0
11 0.84 0.000161069 9.76563e-05
12 0.92 0.314376 0.228711
13 1 1.92566 1.88301
14 1.08 2.45331 4.34111
15 1.16 1.85212 6.48184
16 1.24 1.27332 8.16348
17 1.32 0.945029 9.57773
18 1.4 0.768843 10.872
19 1.48 0.682073 12.1551
20 1.56 0.676958 13.5699
21 1.64 0.718488 15.2295
22 1.72 0.820731 17.3146
23 1.8 0.944765 19.9434
24 1.88 1.07683 23.2117
25 1.96 1.17471 27.087
26 2.04 1.21304 31.4221
27 2.12 1.18115 35.9807
28 2.2 1.08401 40.486
29 2.28 0.996684 44.9352
30 2.36 0.938309 49.4228
31 2.44 0.89789 54.0131
32 2.52 0.889015 58.8609
33 2.6 0.910825 64.148
34 2.68 0.960786 70.0736
35 2.76 1.00708 76.661
36 2.84 1.0393 83.859
37 2.92 1.06577 91.6619
38 3 1.0631 99.8776
39 3.08 1.04371 108.379
40 3.16 1.01754 117.104
41 3.24 0.996222 126.084
42 3.32 0.974298 135.305
43 3.4 0.964684 144.881
44 3.48 0.964905 154.915
45 3.56 0.974624 165.521
46 3.64 0.989793 176.782
47 3.72 1.00662 188.743
48 3.8 1.01839 201.37
49 3.88 1.02415 214.608
50 3.96 1.02351 228.39
67000 50
1 0.04 0 0
2 0.12 0 0
3 0.2 0 0
4 0.28 0 0
5 0.36 0 0
6 0.44 0 0
7 0.52 0 0
8 0.6 0 0
9 0.68 0 0
10 0.76 0 0
11 0.84 0 0
12 0.92 0.309407 0.225
13 1 1.94123 1.89268
14 1.08 2.44015 4.3376
15 1.16 1.85381 6.48027
16 1.24 1.28182 8.17314
17 1.32 0.940527 9.58066
18 1.4 0.764376 10.8674
19 1.48 0.689704 12.1648
20 1.56 0.674014 13.5735
21 1.64 0.720771 15.2384
22 1.72 0.81239 17.3023
23 1.8 0.949959 19.9455
24 1.88 1.07438 23.2064
25 1.96 1.18012 27.0996
26 2.04 1.20955 31.4222
27 2.12 1.17715 35.9653
28 2.2 1.08918 40.4922
29 2.28 0.995284 44.9351
30 2.36 0.934552 49.4047
31 2.44 0.903506 54.0237
32 2.52 0.90139 58.9391
33 2.6 0.912305 64.2348
34 2.68 0.952189 70.1073
35 2.76 1.00409 76.6752
36 2.84 1.03924 83.8728
37 2.92 1.0579 91.6181
38 3 1.05806 99.7948
39 3.08 1.04521 108.309
40 3.16 1.02604 117.106
41 3.24 0.995442 126.079
42 3.32 0.979498 135.35
43 3.4 0.968511 144.963
44 3.48 0.962661 154.974
45 3.56 0.971294 165.544
46 3.64 0.990187 176.809
47 3.72 1.00751 188.781
48 3.8 1.01421 201.356
49 3.88 1.0198 214.538
50 3.96 1.02504 228.34
68000 50
1 0.04 0 0
2 0.12 0 0
3 0.2 0 0
4 0.28 0 0
5 0.36 0 0
6 0.44 0 0
7 0.52 0 0
8 0.6 0 0
9 0.68 0 0
10 0.76 0 0
11 0.84 0.000483206 0.000292969
12 0.92 0.319345 0.23252
13 1 1.92543 1.88662
14 1.08 2.44483 4.33623
15 1.16 1.8397 6.4626
16 1.24 1.29461 8.17236
17 1.32 0.942811 9.5833
18 1.4 0.752889 10.8507
19 1.48 0.69557 12.1592
20 1.56 0.681584 13.5837
21 1.64 0.716966 15.2397
22 1.72 0.818655 17.3196
23 1.8 0.941746 19.9399
24 1.88 1.07387 23.1993
25 1.96 1.17426 27.0731
26 2.04 1.21356 31.4101
27 2.12 1.17566 35.9475
28 2.2 1.09926 40.5162
29 2.28 0.994912 44.9574
30 2.36 0.937206 49.4397
31 2.44 0.891739 53.9986
32 2.52 0.890878 58.8566
33 2.6 0.91498 64.1679
34 2.68 0.957825 70.0752
35 2.76 1.00051 76.6196
36 2.84 1.04522 83.8586
37 2.92 1.0613 91.6288
38 3 1.05695 99.797
39 3.08 1.0536 108.379
40 3.16 1.02369 117.157
41 3.24 0.994943 126.125
42 3.32 0.978343 135.385
43 3.4 0.960719 144.921
44 3.48 0.963168 154.937
45 3.56 0.968333 165.474
46 3.64 0.993295 176.775
47 3.72 1.00531 188.72
48 3.8 1.01521 201.308
49 3.88 1.02397 214.544
50 3.96 1.02226 228.309
69000 50
1 0.04 0 0
2 0.12 0 0
3 0.2 0 0
4 0.28 0 0
5 0.36 0 0
6 0.44 0 0
7 0.52 0 0
8 0.6 0 0
9 0.68 0 0
10 0.76 0 0
11 0.84 0.00112748 0.000683594
12 0.92 0.318942 0.232617
13 1 1.92464 1.88604
14 1.08 2.43859 4.32939
15 1.16 1.86201 6.48154
16 1.24 1.28404 8.17734
17 1.32 0.94653 9.59385
18 1.4 0.772265 10.8938
19 1.48 0.682696 12.1781
20 1.56 0.664389 13.5667
21 1.64 0.709482 15.2055
22 1.72 0.820231 17.2894
23 1.8 0.944063 19.9161
24 1.88 1.08175 23.1994
25 1.96 1.17696 27.0821
26 2.04 1.22239 31.4506
27 2.12 1.17245 35.9756
28 2.2 1.0823 40.4738
29 2.28 1.00165 44.9451
30 2.36 0.940065 49.4411
31 2.44 0.888606 53.984
32 2.52 0.889087 58.8322
33 2.6 0.917133 64.156
34 2.68 0.960106 70.0773
35 2.76 1.00676 76.6627
36 2.84 1.04044 83.8686
37 2.92 1.0639 91.6578
38 3 1.0608 99.8558
39 3.08 1.04526 108.37
40 3.16 1.02355 117.146
41 3.24 0.997641 126.139
42 3.32 0.970687 135.326
43 3.4 0.9661 144.916
44 3.48 0.958463 154.883
45 3.56 0.973332 165.475
46 3.64 0.993338 176.776
47 3.72 1.0074 188.746
48 3.8 1.01959 201.388
49 3.88 1.0232 214.614
50 3.96 1.02506 228.417
70000 50
1 0.04 0 0
2 0.12 0 0
3 0.2 0 0
4 0.28 0 0
5 0.36 0 0
6 0.44 0 0
7 0.52 0 0
8 0.6 0 0
9 0.68 0 0
10 0.76 0 0
11 0.84 0.000644274 0.000390625
12 0.92 0.31263 0.227734
13 1 1.93237 1.88779
14 1.08 2.43693 4.32949
15 1.16 1.84418 6.46104
16 1.24 1.29654 8.17334
17 1.32 0.948683 9.59307
18 1.4 0.770003 10.8893
19 1.48 0.683993 12.176
20 1.56 0.674668 13.586
21 1.64 0.705677 15.216
22 1.72 0.812275 17.2797
23 1.8 0.943256 19.9042
24 1.88 1.07046 23.1532
25 1.96 1.19211 27.0859
26 2.04 1.21679 31.4344
27 2.12 1.18118 35.9931
28 2.2 1.08881 40.5184
29 2.28 1.00548 45.0067
30 2.36 0.933388 49.4708
31 2.44 0.890688 54.0243
32 2.52 0.884269 58.8463
33 2.6 0.916023 64.1636
34 2.68 0.95857 70.0755
35 2.76 0.996433 76.5933
36 2.84 1.04711 83.8453
37 2.92 1.06193 91.6201
38 3 1.06688 99.865
39 3.08 1.04855 108.406
40 3.16 1.02234 117.172
41 3.24 0.993871 126.131
42 3.32 0.976506 135.373
43 3.4 0.962293 144.925
44 3.48 0.962201 154.931
45 3.56 0.977136 165.564
46 3.64 0.983827 176.757
47 3.72 1.00365 188.683
48 3.8 1.02092 201.341
49 3.88 1.02425 214.581
50 3.96 1.0177 228.285
71000 50
1 0.04 0 0
2 0.12 0 0
3 0.2 0 0
4 0.28 0 0
5 0.36 0 0
6 0.44 0 0
7 0.52 0 0
8 0.6 0 0
9 0.68 0 0
10 0.76 0 0
11 0.84 0.000644274 0.000390625
12 0.92 0.311287 0.226758
13 1 1.93634 1.89023
14 1.08 2.43206 4.32705
15 1.16 1.84764 6.4626
16 1.24 1.28559 8.16045
17 1.32 0.961996 9.6001
18 1.4 0.759328 10.8783
19 1.48 0.687835 12.1723
20 1.56 0.669061 13.5706
21 1.64 0.718784 15.2309
22 1.72 0.819732 17.3135
23 1.8 0.949679 19.9559
24 1.88 1.06695 23.1942
25 1.96 1.16808 27.0477
26 2.04 1.2131 31.3829
27 2.12 1.18302 35.9487
28 2.2 1.08935 40.4763
29 2.28 1.00648 44.9691
30 2.36 0.935613 49.4438
31 2.44 0.894585 54.0173
32 2.52 0.890752 58.8746
33 2.6 0.917184 64.1986
34 2.68 0.960755 70.124
35 2.76 0.996732 76.6437
36 2.84 1.03475 83.8102
37 2.92 1.06579 91.6133
38 3 1.05549 99.7702
39 3.08 1.05406 108.356
40 3.16 1.02221 117.121
41 3.24 0.994954 126.089
42 3.32 0.977425 135.34
43 3.4 0.965116 144.92
44 3.48 0.964633 154.951
45 3.56 0.978474 165.599
46 3.64 0.986642 176.824
47 3.72 1.00076 188.716
48 3.8 1.01538 201.305
49 3.88 1.02243 214.522
50 3.96 1.02365 228.305
72000 50
1 0.04 0 0
2 0.12 0 0
3 0.2 0 0
4 0.28 0 0
5 0.36 0 0
6 0.44 0 0
7 0.52 0 0
8 0.6 0 0
9 0.68 0 0
10 0.76 0 0
11 0.84 0.000644274 0.000390625
12 0.92 0.323374 0.235547
13 1 1.93305 1.89619
14 1.08 2.43752 4.33848
15 1.16 1.84917 6.47578
16 1.24 1.27524 8.15996
17 1.32 0.946073 9.57578
18 1.4 0.762867 10.86
19 1.48 0.692455 12.1626
20 1.56 0.668734 13.5603
21 1.64 0.721785 15.2274
22 1.72 0.816272 17.3013
23 1.8 0.944309 19.9287
24 1.88 1.08307 23.216
25 1.96 1.17503 27.0924
26 2.04 1.22018 31.4529
27 2.12 1.17829 36.0005
28 2.2 1.08488 40.5095
29 2.28 0.990843 44.9325
30 2.36 0.925016 49.3565
31 2.44 0.905492 53.9857
32 2.52 0.8924 58.8521
33 2.6 0.91816 64.1817
34 2.68 0.9618 70.1136
35 2.76 1.00706 76.7009
36 2.84 1.04165 83.9151
37 2.92 1.05982 91.6745
38 3 1.06124 99.8759
39 3.08 1.0437 108.378
40 3.16 1.01769 117.104
41 3.24 0.992798 126.053
42 3.32 0.972699 135.259
43 3.4 0.962391 144.812
44 3.48 0.971592 154.915
45 3.56 0.976912 165.546
46 3.64 0.989458 176.803
47 3.72 1.01253 188.834
48 3.8 1.01954 201.475
49 3.88 1.0162 214.611
50 3.96 1.01957 228.34
73000 50
1 0.04 0 0
2 0.12 0 0
3 0.2 0 0
4 0.28 0 0
5 0.36 0 0
6 0.44 0 0
7 0.52 0 0
8 0.6 0 0
9 0.68 0 0
10 0.76 0 0
11 0.84 0.000322137 0.000195313
12 0.92 0.305647 0.222461
13 1 1.95521 1.90215
14 1.08 2.45233 4.35928
15 1.16 1.81883 6.46152
16 1.24 1.287 8.16123
17 1.32 0.94392 9.57383
18 1.4 0.7765 10.881
19 1.48 0.680827 12.1617
20 1.56 0.67107 13.5643
21 1.64 0.728169 15.2462
22 1.72 0.818924 17.3268
23 1.8 0.929673 19.9135
24 1.88 1.08883 23.2183
25 1.96 1.1687 27.0737
26 2.04 1.2111 31.4019
27 2.12 1.18125 35.9608
28 2.2 1.08314 40.4626
29 2.28 1.00438 44.9461
30 2.36 0.93641 49.4246
31 2.44 0.900354 54.0275
32 2.52 0.894979 58.9079
33 2.6 0.91715 64.2317
34 2.68 0.952521 70.1063
35 2.76 1.00161 76.658
36 2.84 1.03527 83.828
37 2.92 1.05878 91.5798
38 3 1.06242 99.7902
39 3.08 1.04855 108.331
40 3.16 1.0226 117.1
41 3.24 0.997002 126.086
42 3.32 0.979488 135.357
43 3.4 0.964644 144.932
44 3.48 0.962276 154.938
45 3.56 0.97343 165.532
46 3.64 0.991801 176.815
47 3.72 1.00849 188.799
48 3.8 1.01342 201.364
49 3.88 1.01741 214.515
50 3.96 1.02349 228.297
74000 50
1 0.04 0 0
2 0.12 0 0
3 0.2 0 0
4 0.28 0 0
5 0.36 0 0
6 0.44 0 0
7 0.52 0 0
8 0.6 0 0
9 0.68 0 0
10 0.76 0 0
11 0.84 0.000161069 9.76563e-05
12 0.92 0.305513 0.222266
13 1 1.93441 1.88408
14 1.08 2.45448 4.34336
15 1.16 1.84426 6.475
16 1.24 1.28951 8.17803
17 1.32 0.938177 9.58203
18 1.4 0.769887 10.878
19 1.48 0.681294 12.1597
20 1.56 0.679714 13.5803
21 1.64 0.712315 15.2256
22 1.72 0.819732 17.3082
23 1.8 0.941009 19.9265
24 1.88 1.07049 23.1756
25 1.96 1.17743 27.0599
26 2.04 1.21599 31.4055
27 2.12 1.17971 35.9585
28 2.2 1.09059 40.4912
29 2.28 1.00627 44.9831
30 2.36 0.936839 49.4637
31 2.44 0.890306 54.0152
32 2.52 0.890752 58.8726
33 2.6 0.920145 64.2138
34 2.68 0.950463 70.0757
35 2.76 0.998687 76.6082
36 2.84 1.04573 83.8507
37 2.92 1.06542 91.6511
38 3 1.061 99.8506
39 3.08 1.04561 108.368
40 3.16 1.02026 117.116
41 3.24 0.999472 126.125
42 3.32 0.975309 135.356
43 3.4 0.963031 144.915
44 3.48 0.962426 154.923
45 3.56 0.973134 165.513
46 3.64 0.991046 176.788
47 3.72 1.00606 188.742
48 3.8 1.01748 201.358
49 3.88 1.02363 214.59
50 3.96 1.0229 228.364
75000 50
1 0.04 0 0
2 0.12 0 0
3 0.2 0 0
4 0.28 0 0
5 0.36 0 0
6 0.44 0 0
7 0.52 0 0
8 0.6 0 0
9 0.68 0 0
10 0.76 0 0
11 0.84 0.000322137 0.000195313
12 0.92 0.308467 0.224512
13 1 1.92611 1.8792
14 1.08 2.46296 4.34697
15 1.16 1.85863 6.49521
16 1.24 1.2765 8.18105
17 1.32 0.932174 9.57607
18 1.4 0.772149 10.8759
19 1.48 0.672988 12.1419
20 1.56 0.677004 13.5568
21 1.64 0.719502 15.2188
22 1.72 0.822192 17.3076
23 1.8 0.93943 19.9215
24 1.88 1.08619 23.2183
25 1.96 1.17554 27.0963
26 2.04 1.21671 31.4444
27 2.12 1.17758 35.9893
28 2.2 1.08719 40.5078
29 2.28 0.994999 44.9494
30 2.36 0.930386 49.3991
31 2.44 0.893592 53.9675
32 2.52 0.894155 58.8434
33 2.6 0.920582 64.1871
34 2.68 0.957683 70.0936
35 2.76 1.00499 76.6673
36 2.84 1.04157 83.881
37 2.92 1.06375 91.6691
38 3 1.05982 99.8595
39 3.08 1.04649 108.384
40 3.16 1.01647 117.099
41 3.24 0.996449 126.081
42 3.32 0.978921 135.346
43 3.4 0.963444 144.91
44 3.48 0.96453 154.94
45 3.56 0.975799 165.558
46 3.64 0.989921 176.821
47 3.72 1.00519 188.765
48 3.8 1.01765 201.383
49 3.88 1.01922 214.558
50 3.96 1.02093 228.304
76000 50
1 0.04 0 0
2 0.12 0 0
3 0.2 0 0
4 0.28 0 0
5 0.36 0 0
6 0.44 0 0
7 0.52 0 0
8 0.6 0 0
9 0.68 0 0
10 0.76 0 0
11 0.84 0.00128855 0.00078125
12 0.92 0.300947 0.219629
13 1 1.93828 1.88477
14 1.08 2.442 4.33154
15 1.16 1.85314 6.47344
16 1.24 1.2847 8.17012
17 1.32 0.95299 9.59629
18 1.4 0.766116 10.8859
19 1.48 0.684772 12.1741
20 1.56 0.665183 13.5644
21 1.64 0.720686 15.229
22 1.72 0.810353 17.2878
23 1.8 0.949152 19.9287
24 1.88 1.071 23.1794
25 1.96 1.175 27.0557
26 2.04 1.22239 31.4241
27 2.12 1.16888 35.9354
28 2.2 1.10258 40.5179
29 2.28 0.998981 44.9772
30 2.36 0.926425 49.408
31 2.44 0.897584 53.9968
32 2.52 0.894818 58.8763
33 2.6 0.911767 64.1688
34 2.68 0.965093 70.121
35 2.76 0.995896 76.6353
36 2.84 1.03727 83.8191
37 2.92 1.06151 91.5909
38 3 1.06899 99.8521
39 3.08 1.04479 108.363
40 3.16 1.0199 117.108
41 3.24 0.998529 126.108
42 3.32 0.973442 135.321
43 3.4 0.96674 144.917
44 3.48 0.963525 154.937
45 3.56 0.975835 165.556
46 3.64 0.992531 176.848
47 3.72 1.0031 188.767
48 3.8 1.01496 201.352
49 3.88 1.0212 214.552
50 3.96 1.01706 228.247
77000 50
1 0.04 0 0
2 0.12 0 0
3 0.2 0 0
4 0.28 0 0
5 0.36 0 0
6 0.44 0 0
7 0.52 0 0
8 0.6 0 0
9 0.68 0 0
10 0.76 0 0
11 0.84 0.000644274 0.000390625
12 0.92 0.311959 0.227246
13 1 1.94805 1.90078
14 1.08 2.43635 4.34189
15 1.16 1.84503 6.47441
16 1.24 1.28116 8.16641
17 1.32 0.9464 9.58271
18 1.4 0.76513 10.8707
19 1.48 0.685447 12.1602
20 1.56 0.673547 13.5679
21 1.64 0.718107 15.2266
22 1.72 0.818809 17.3068
23 1.8 0.952522 19.9571
24 1.88 1.07593 23.2228
25 1.96 1.16973 27.0816
26 2.04 1.21099 31.4094
27 2.12 1.17956 35.9618
28 2.2 1.08585 40.4748
29 2.28 1.0076 44.9727
30 2.36 0.923219 49.3881
31 2.44 0.896285 53.9702
32 2.52 0.897504 58.8644
33 2.6 0.916578 64.1849
34 2.68 0.958411 70.0958
35 2.76 1.00526 76.6713
36 2.84 1.04556 83.9126
37 2.92 1.06189 91.6871
38 3 1.05524 99.8421
39 3.08 1.04397 108.346
40 3.16 1.02258 117.114
41 3.24 0.990805 126.045
42 3.32 0.977538 135.297
43 3.4 0.967379 144.899
44 3.48 0.963309 154.917
45 3.56 0.97885 165.569
46 3.64 0.987509 176.803
47 3.72 1.01017 188.807
48 3.8 1.01876 201.438
49 3.88 1.01731 214.588
50 3.96 1.02355 228.371
78000 50
1 0.04 0 0
2 0.12 0 0
3 0.2 0 0
4 0.28 0 0
5 0.36 0 0
6 0.44 0 0
7 0.52 0 0
8 0.6 0 0
9 0.68 0 0
10 0.76 0 0
11 0.84 0.000483206 0.000292969
12 0.92 0.311153 0.226562
13 1 1.93282 1.88701
14 1.08 2.43849 4.33027
15 1.16 1.84781 6.46602
16 1.24 1.28855 8.16777
17 1.32 0.947117 9.58516
18 1.4 0.774818 10.8895
19 1.48 0.673455 12.1563
20 1.56 0.680836 13.5793
21 1.64 0.71557 15.2321
22 1.72 0.810122 17.2903
23 1.8 0.942519 19.9128
24 1.88 1.08114 23.1942
25 1.96 1.18243 27.095
26 2.04 1.20996 31.419
27 2.12 1.17665 35.9603
28 2.2 1.09797 40.5236
29 2.28 1.00069 44.9906
30 2.36 0.925792 49.4184
31 2.44 0.891319 53.9751
32 2.52 0.889964 58.8281
33 2.6 0.920347 64.1705
34 2.68 0.962307 70.1055
35 2.76 1.00251 76.663
36 2.84 1.04013 83.8667
37 2.92 1.06774 91.6841
38 3 1.06044 99.8792
39 3.08 1.04201 108.367
40 3.16 1.02305 117.139
41 3.24 0.994943 126.107
42 3.32 0.969531 135.284
43 3.4 0.9667 144.879
44 3.48 0.967272 154.938
45 3.56 0.973726 165.534
46 3.64 0.989363 176.79
47 3.72 1.00498 188.731
48 3.8 1.01944 201.371
49 3.88 1.02544 214.627
50 3.96 1.01742 228.326
79000 50
1 0.04 0 0
2 0.12 0 0
3 0.2 0 0
4 0.28 0 0
5 0.36 0 0
6 0.44 0 0
7 0.52 0 0
8 0.6 0 0
9 0.68 0 0
10 0.76 0 0
11 0.84 0.000161069 9.76563e-05
12 0.92 0.31357 0.228125
13 1 1.95533 1.90791
14 1.08 2.43888 4.35156
15 1.16 1.83818 6.47617
16 1.24 1.26969 8.15303
17 1.32 0.940722 9.56084
18 1.4 0.76687 10.8518
19 1.48 0.694064 12.1574
20 1.56 0.680649 13.58
21 1.64 0.718065 15.2386
22 1.72 0.819347 17.3202
23 1.8 0.94852 19.9594
24 1.88 1.08011 23.2377
25 1.96 1.16361 27.0764
26 2.04 1.21364 31.4136
27 2.12 1.17951 35.9658
28 2.2 1.08601 40.4795
29 2.28 1.00261 44.9551
30 2.36 0.931325 49.4093
31 2.44 0.894184 53.9807
32 2.52 0.896035 58.8668
33 2.6 0.919691 64.2054
34 2.68 0.95773 70.1121
35 2.76 1.00461 76.6834
36 2.84 1.04065 83.8907
37 2.92 1.05819 91.6382
38 3 1.05873 99.8201
39 3.08 1.05072 108.379
40 3.16 1.01559 117.087
41 3.24 0.993167 126.039
42 3.32 0.978498 135.3
43 3.4 0.966809 144.897
44 3.48 0.965394 154.936
45 3.56 0.974785 165.544
46 3.64 0.993664 176.849
47 3.72 1.00629 188.806
48 3.8 1.01863 201.436
49 3.88 1.01597 214.569
50 3.96 1.0233 228.348
80000 50
1 0.04 0 0
2 0.12 0 0
3 0.2 0 0
4 0.28 0 0
5 0.36 0 0
6 0.44 0 0
7 0.52 0 0
8 0.6 0 0
9 0.68 0 0
10 0.76 0 0
11 0.84 0.000644274 0.000390625
12 0.92 0.312362 0.227539
13 1 1.941 1.89502
14 1.08 2.44765 4.34746
15 1.16 1.83945 6.47354
16 1.24 1.29114 8.17871
17 1.32 0.94007 9.58555
18 1.4 0.764956 10.8732
19 1.48 0.687835 12.1672
20 1.56 0.668267 13.5639
21 1.64 0.716458 15.2188
22 1.72 0.821 17.3046
23 1.8 0.945081 19.9342
24 1.88 1.08445 23.2257
25 1.96 1.17488 27.1016
26 2.04 1.21359 31.4386
27 2.12 1.17222 35.9627
28 2.2 1.09153 40.4993
29 2.28 0.99174 44.9264
30 2.36 0.937043 49.4079
31 2.44 0.897794 53.9978
32 2.52 0.890287 58.8525
33 2.6 0.917571 64.1788
34 2.68 0.961166 70.1067
35 2.76 1.0062 76.6884
36 2.84 1.0361 83.8642
37 2.92 1.06126 91.6341
38 3 1.06119 99.8351
39 3.08 1.04704 108.364
40 3.16 1.02327 117.138
41 3.24 0.993318 126.092
42 3.32 0.975753 135.327
43 3.4 0.965412 144.909
44 3.48 0.960792 154.9
45 3.56 0.973861 165.498
46 3.64 0.994393 176.811
47 3.72 1.00694 188.776
48 3.8 1.01629 201.377
49 3.88 1.0258 214.637
50 3.96 1.0164 228.323
81000 50
1 0.04 0 0
2 0.12 0 0
3 0.2 0 0
4 0.28 0 0
5 0.36 0 0
6 0.44 0 0
7 0.52 0 0
8 0.6 0 0
9 0.68 0 0
10 0.76 0 0
11 0.84 0.000483206 0.000292969
12 0.92 0.308333 0.224512
13 1 1.93146 1.88379
14 1.08 2.43723 4.32578
15 1.16 1.8599 6.47549
16 1.24 1.28759 8.17598
17 1.32 0.952795 9.60186
18 1.4 0.755848 10.8742
19 1.48 0.681398 12.1561
20 1.56 0.679528 13.5763
21 1.64 0.716205 15.2306
22 1.72 0.818233 17.3094
23 1.8 0.945818 19.941
24 1.88 1.07094 23.1915
25 1.96 1.17497 27.0677
26 2.04 1.2181 31.4208
27 2.12 1.177 35.9634
28 2.2 1.0921 40.5023
29 2.28 0.998193 44.9582
30 2.36 0.933837 49.4244
31 2.44 0.897297 54.0117
32 2.52 0.892561 58.8789
33 2.6 0.912776 64.1773
34 2.68 0.95819 70.0869
35 2.76 1.00321 76.649
36 2.84 1.03922 83.8464
37 2.92 1.06169 91.6194
38 3 1.06226 99.8286
39 3.08 1.05431 108.417
40 3.16 1.02029 117.165
41 3.24 0.989873 126.088
42 3.32 0.975072 135.316
43 3.4 0.966878 144.914
44 3.48 0.964746 154.946
45 3.56 0.971869 165.522
46 3.64 0.991389 176.801
47 3.72 1.00776 188.775
48 3.8 1.01609 201.374
49 3.88 1.02302 214.598
50 3.96 1.02007 228.333
82000 50
1 0.04 0 0
2 0.12 0 0
3 0.2 0 0
4 0.28 0 0
5 0.36 0 0
6 0.44 0 0
7 0.52 0 0
8 0.6 0 0
9 0.68 0 0
10 0.76 0 0
11 0.84 0.000483206 0.000292969
12 0.92 0.316525 0.230469
13 1 1.9135 1.87432
14 1.08 2.46578 4.34492
15 1.16 1.84553 6.47803
16 1.24 1.27783 8.16563
17 1.32 0.947444 9.5835
18 1.4 0.762287 10.8667
19 1.48 0.680411 12.1467
20 1.56 0.674995 13.5574
21 1.64 0.726267 15.235
22 1.72 0.817425 17.3117
23 1.8 0.94645 19.9451
24 1.88 1.06972 23.1919
25 1.96 1.18747 27.1093
26 2.04 1.22056 31.4712
27 2.12 1.16015 35.9487
28 2.2 1.08352 40.4521
29 2.28 1.00213 44.9255
30 2.36 0.934225 49.3936
31 2.44 0.903104 54.0105
32 2.52 0.895319 58.8928
33 2.6 0.914795 64.2029
34 2.68 0.954706 70.091
35 2.76 1.00376 76.6567
36 2.84 1.04432 83.8895
37 2.92 1.05831 91.6378
38 3 1.06418 99.8618
39 3.08 1.04351 108.362
40 3.16 1.01533 117.068
41 3.24 0.999851 126.08
42 3.32 0.976589 135.323
43 3.4 0.965648 144.908
44 3.48 0.967178 154.966
45 3.56 0.971923 165.543
46 3.64 0.992599 176.835
47 3.72 1.00491 188.776
48 3.8 1.01587 201.372
49 3.88 1.02054 214.564
50 3.96 1.02192 228.324
83000 50
1 0.04 0 0
2 0.12 0 0
3 0.2 0 0
4 0.28 0 0
5 0.36 0 0
6 0.44 0 0
7 0.52 0 0
8 0.6 0 0
9 0.68 0 0
10 0.76 0 0
11 0.84 0.000805343 0.000488281
12 0.92 0.304573 0.221973
13 1 1.95783 1.90391
14 1.08 2.43284 4.3415
15 1.16 1.84198 6.47051
16 1.24 1.27576 8.15537
17 1.32 0.953512 9.58232
18 1.4 0.76484 10.8698
19 1.48 0.687108 12.1624
20 1.56 0.667426 13.5573
21 1.64 0.718699 15.2174
22 1.72 0.809853 17.2749
23 1.8 0.955013 19.9321
24 1.88 1.08004 23.2103
25 1.96 1.18368 27.1151
26 2.04 1.21124 31.4438
27 2.12 1.16827 35.9526
28 2.2 1.0904 40.4846
29 2.28 1.00333 44.9634
30 2.36 0.937472 49.447
31 2.44 0.897202 54.0338
32 2.52 0.886938 58.8703
33 2.6 0.908032 64.1412
34 2.68 0.958855 70.0549
35 2.76 0.999404 76.5921
36 2.84 1.04693 83.8429
37 2.92 1.06414 91.6339
38 3 1.06511 99.8651
39 3.08 1.05253 108.439
40 3.16 1.02236 117.205
41 3.24 0.992809 126.154
42 3.32 0.971079 135.345
43 3.4 0.958328 144.857
44 3.48 0.962182 154.863
45 3.56 0.973376 165.455
46 3.64 0.991123 176.731
47 3.72 1.00796 188.708
48 3.8 1.02112 201.369
49 3.88 1.02414 214.608
50 3.96 1.02312 228.384
84000 50
1 0.04 0 0
2 0.12 0 0
3 0.2 0 0
4 0.28 0 0
5 0.36 0 0
6 0.44 0 0
7 0.52 0 0
8 0.6 0 0
9 0.68 0 0
10 0.76 0 0
11 0.84 0.000161069 9.76563e-05
12 0.92 0.30981 0.225391
13 1 1.93896 1.89111
14 1.08 2.43528 4.33115
15 1.16 1.84798 6.46709
16 1.24 1.2955 8.17803
17 1.32 0.947705 9.59629
18 1.4 0.755616 10.8683
19 1.48 0.685551 12.1579
20 1.56 0.680649 13.5805
21 1.64 0.718784 15.2407
22 1.72 0.813312 17.307
23 1.8 0.941676 19.9271
24 1.88 1.06759 23.1675
25 1.96 1.17335 27.0383
26 2.04 1.22376 31.4116
27 2.12 1.17508 35.9468
28 2.2 1.09642 40.5037
29 2.28 0.996618 44.9525
30 2.36 0.929243 49.3968
31 2.44 0.899208 53.9938
32 2.52 0.891863 58.8572
33 2.6 0.921423 64.2059
34 2.68 0.958427 70.1169
35 2.76 1.0029 76.677
36 2.84 1.03676 83.8573
37 2.92 1.06167 91.6303
38 3 1.05774 99.8046
39 3.08 1.04905 108.35
40 3.16 1.01895 117.087
41 3.24 0.99542 126.059
42 3.32 0.974288 135.28
43 3.4 0.965471 144.864
44 3.48 0.971573 154.967
45 3.56 0.972614 165.551
46 3.64 0.993252 176.851
47 3.72 1.00311 188.771
48 3.8 1.01731 201.384
49 3.88 1.02175 214.592
50 3.96 1.01949 228.32
85000 50
1 0.04 0 0
2 0.12 0 0
3 0.2 0 0
4 0.28 0 0
5 0.36 0 0
6 0.44 0 0
7 0.52 0 0
8 0.6 0 0
9 0.68 0 0
10 0.76 0 0
11 0.84 0.000805343 0.000488281
12 0.92 0.304036 0.221582
13 1 1.94953 1.89639
14 1.08 2.43352 4.33467
15 1.16 1.86074 6.48535
16 1.24 1.28219 8.17871
17 1.32 0.940918 9.58682
18 1.4 0.756254 10.8599
19 1.48 0.680723 12.1404
20 1.56 0.679481 13.5605
21 1.64 0.721109 15.2262
22 1.72 0.821807 17.3141
23 1.8 0.93957 19.9283
24 1.88 1.07255 23.1837
25 1.96 1.17465 27.0588
26 2.04 1.2163 31.4055
27 2.12 1.18186 35.9668
28 2.2 1.092 40.5054
29 2.28 1.00182 44.9774
30 2.36 0.927834 49.4149
31 2.44 0.898004 54.0059
32 2.52 0.892579 58.8731
33 2.6 0.915855 64.1895
34 2.68 0.955023 70.0795
35 2.76 0.999419 76.6168
36 2.84 1.04149 83.8299
37 2.92 1.06798 91.649
38 3 1.06279 99.8623
39 3.08 1.04308 108.359
40 3.16 1.01836 117.091
41 3.24 0.995561 126.065
42 3.32 0.978952 135.33
43 3.4 0.963956 144.898
44 3.48 0.966352 154.947
45 3.56 0.974534 165.552
46 3.64 0.989853 176.814
47 3.72 1.00501 188.756
48 3.8 1.0174 201.37
49 3.88 1.02035 214.56
50 3.96 1.0198 228.292
86000 50
1 0.04 0 0
2 0.12 0 0
3 0.2 0 0
4 0.28 0 0
5 0.36 0 0
6 0.44 0 0
7 0.52 0 0
8 0.6 0 0
9 0.68 0 0
10 0.76 0 0
11 0.84 0.00112748 0.000683594
12 0.92 0.315853 0.230371
13 1 1.92361 1.88291
14 1.08 2.46978 4.35752
15 1.16 1.82525 6.46719
16 1.24 1.29158 8.17295
17 1.32 0.94007 9.57979
18 1.4 0.763273 10.8646
19 1.48 0.693909 12.17
20 1.56 0.665463 13.5608
21 1.64 0.713964 15.21
22 1.72 0.813697 17.2772
23 1.8 0.952311 19.927
24 1.88 1.08033 23.206
25 1.96 1.18661 27.1205
26 2.04 1.21873 31.4759
27 2.12 1.17055 35.9936
28 2.2 1.08749 40.5134
29 2.28 0.995218 44.956
30 2.36 0.929917 49.4034
31 2.44 0.885798 53.9319
32 2.52 0.89437 58.809
33 2.6 0.92033 64.1513
34 2.68 0.965046 70.1031
35 2.76 1.00339 76.6664
36 2.84 1.0446 83.9011
37 2.92 1.06016 91.663
38 3 1.06579 99.8995
39 3.08 1.04472 108.409
40 3.16 1.01925 117.149
41 3.24 0.988378 126.058
42 3.32 0.973194 135.269
43 3.4 0.966976 144.867
44 3.48 0.965657 154.909
45 3.56 0.972883 165.496
46 3.64 0.994419 176.809
47 3.72 1.0074 188.78
48 3.8 1.01902 201.415
49 3.88 1.01991 214.599
50 3.96 1.02699 228.427
87000 50
1 0.04 0 0
2 0.12 0 0
3 0.2 0 0
4 0.28 0 0
5 0.36 0 0
6 0.44 0 0
7 0.52 0 0
8 0.6 0 0
9 0.68 0 0
10 0.76 0 0
11 0.84 0.000966411 0.000585937
12 0.92 0.310213 0.226172
13 1 1.92827 1.88271
14 1.08 2.44337 4.33086
15 1.16 1.8648 6.48623
16 1.24 1.28744 8.18652
17 1.32 0.941766 9.5959
18 1.4 0.764956 10.8836
19 1.48 0.681709 12.166
20 1.56 0.661538 13.5486
21 1.64 0.721997 15.2163
22 1.72 0.815465 17.2881
23 1.8 0.941501 19.9077
24 1.88 1.08127 23.1896
25 1.96 1.18326 27.0931
26 2.04 1.21518 31.4357
27 2.12 1.17928 35.9871
28 2.2 1.0928 40.529
29 2.28 0.994015 44.9662
30 2.36 0.935225 49.4391
31 2.44 0.896419 54.0219
32 2.52 0.886007 58.8533
33 2.6 0.908015 64.1241
34 2.68 0.961182 70.0521
35 2.76 1.00547 76.629
36 2.84 1.04311 83.8533
37 2.92 1.06283 91.6348
38 3 1.06409 99.8581
39 3.08 1.04501 108.37
40 3.16 1.02201 117.133
41 3.24 0.998107 126.13
42 3.32 0.972162 135.331
43 3.4 0.96244 144.885
44 3.48 0.966295 154.933
45 3.56 0.974292 165.536
46 3.64 0.988659 176.783
47 3.72 1.00828 188.764
48 3.8 1.01978 201.408
49 3.88 1.01934 214.585
50 3.96 1.01694 228.278
88000 50
1 0.04 0 0
2 0.12 0 0
3 0.2 0 0
4 0.28 0 0
5 0.36 0 0
6 0.44 0 0
7 0.52 0 0
8 0.6 0 0
9 0.68 0 0
10 0.76 0 0
11 0.84 0.000483206 0.000292969
12 0.92 0.305647 0.222559
13 1 1.94055 1.88965
14 1.08 2.44765 4.34209
15 1.16 1.84376 6.47314
16 1.24 1.27997 8.16357
17 1.32 0.957101 9.5959
18 1.4 0.772033 10.8955
19 1.48 0.676881 12.1688
20 1.56 0.666351 13.5615
21 1.64 0.725337 15.2369
22 1.72 0.813735 17.3043
23 1.8 0.938517 19.9156
24 1.88 1.07776 23.1868
25 1.96 1.17213 27.0536
26 2.04 1.2222 31.4214
27 2.12 1.16895 35.9329
28 2.2 1.10208 40.5134
29 2.28 1.00349 44.9929
30 2.36 0.93104 49.4457
31 2.44 0.895769 54.0252
32 2.52 0.889678 58.8767
33 2.6 0.911531 64.1679
34 2.68 0.952679 70.0435
35 2.76 1.00691 76.6298
36 2.84 1.04216 83.8476
37 2.92 1.06313 91.6312
38 3 1.06401 99.8539
39 3.08 1.04701 108.383
40 3.16 1.01504 117.086
41 3.24 0.998388 126.085
42 3.32 0.975805 135.321
43 3.4 0.965077 144.9
44 3.48 0.965798 154.943
45 3.56 0.973628 165.539
46 3.64 0.98902 176.791
47 3.72 1.0032 188.711
48 3.8 1.01647 201.314
49 3.88 1.02438 214.556
50 3.96 1.02473 228.354
89000 50
1 0.04 0 0
2 0.12 0 0
3 0.2 0 0
4 0.28 0 0
5 0.36 0 0
6 0.44 0 0
7 0.52 0 0
8 0.6 0 0
9 0.68 0 0
10 0.76 0 0
11 0.84 0.000644274 0.000390625
12 0.92 0.301216 0.219434
13 1 1.95726 1.90088
14 1.08 2.4575 4.36318
15 1.16 1.8283 6.47637
16 1.24 1.26792 8.15088
17 1.32 0.948227 9.56992
18 1.4 0.771279 10.8683
19 1.48 0.683267 12.1536
20 1.56 0.676023 13.5665
21 1.64 0.715655 15.2195
22 1.72 0.820231 17.3034
23 1.8 0.942413 19.9256
24 1.88 1.07213 23.1797
25 1.96 1.17752 27.0643
26 2.04 1.22135 31.429
27 2.12 1.17715 35.9722
28 2.2 1.09332 40.5162
29 2.28 1.00292 44.9932
30 2.36 0.928406 49.4334
31 2.44 0.89044 53.9856
32 2.52 0.894853 58.8653
33 2.6 0.916326 64.1844
34 2.68 0.956765 70.0852
35 2.76 1.0056 76.6629
36 2.84 1.03618 83.8393
37 2.92 1.05354 91.5526
38 3 1.06478 99.7813
39 3.08 1.05663 108.388
40 3.16 1.02503 117.177
41 3.24 0.990859 126.109
42 3.32 0.97502 135.337
43 3.4 0.961073 144.877
44 3.48 0.964736 154.909
45 3.56 0.974067 165.509
46 3.64 0.992874 176.805
47 3.72 1.00445 188.74
48 3.8 1.01846 201.368
49 3.88 1.01937 214.545
50 3.96 1.02194 228.305
90000 50
1 0.04 0 0
2 0.12 0 0
3 0.2 0 0
4 0.28 0 0
5 0.36 0 0
6 0.44 0 0
7 0.52 0 0
8 0.6 0 0
9 0.68 0 0
10 0.76 0 0
11 0.84 0.000644274 0.000390625
12 0.92 0.29571 0.21543
13 1 1.95328 1.89346
14 1.08 2.47173 4.37002
15 1.16 1.84055 6.49736
16 1.24 1.2711 8.17607
17 1.32 0.939548 9.58213
18 1.4 0.765768 10.8712
19 1.48 0.678854 12.1482
20 1.56 0.667893 13.5441
21 1.64 0.723223 15.2146
22 1.72 0.814273 17.2834
23 1.8 0.953294 19.9358
24 1.88 1.07805 23.2079
25 1.96 1.17459 27.0828
26 2.04 1.22171 31.4488
27 2.12 1.17571 35.9864
28 2.2 1.08439 40.4934
29 2.28 0.998346 44.9499
30 2.36 0.933469 49.4144
31 2.44 0.893401 53.9817
32 2.52 0.894513 58.8596
33 2.6 0.918547 64.1915
34 2.68 0.959282 70.1078
35 2.76 0.999553 76.646
36 2.84 1.04267 83.8673
37 2.92 1.06569 91.6696
38 3 1.06036 99.8642
39 3.08 1.04448 108.372
40 3.16 1.02067 117.124
41 3.24 0.994077 126.084
42 3.32 0.976197 135.324
43 3.4 0.96005 144.853
44 3.48 0.968042 154.92
45 3.56 0.975046 165.53
46 3.64 0.989097 176.783
47 3.72 1.01022 188.787
48 3.8 1.01781 201.407
49 3.88 1.02245 214.623
50 3.96 1.01906 228.345
91000 50
1 0.04 0 0
2 0.12 0 0
3 0.2 0 0
4 0.28 0 0
5 0.36 0 0
6 0.44 0 0
7 0.52 0 0
8 0.6 0 0
9 0.68 0 0
10 0.76 0 0
11 0.84 0.000644274 0.000390625
12 0.92 0.318942 0.232324
13 1 1.92589 1.88682
14 1.08 2.47027 4.36191
15 1.16 1.82086 6.4665
16 1.24 1.28729 8.1666
17 1.32 0.942093 9.57646
18 1.4 0.763853 10.8623
19 1.48 0.683526 12.1481
20 1.56 0.684901 13.5796
21 1.64 0.718107 15.2383
22 1.72 0.810391 17.2972
23 1.8 0.945151 19.927
24 1.88 1.07322 23.1844
25 1.96 1.18365 27.0892
26 2.04 1.22239 31.4576
27 2.12 1.17161 35.9794
28 2.2 1.08928 40.5066
29 2.28 0.988371 44.9187
30 2.36 0.935144 49.3911
31 2.44 0.895846 53.971
32 2.52 0.901587 58.8874
33 2.6 0.91789 64.2155
34 2.68 0.954009 70.0993
35 2.76 1.00152 76.6504
36 2.84 1.04027 83.8551
37 2.92 1.06185 91.6293
38 3 1.06447 99.8556
39 3.08 1.05018 108.41
40 3.16 1.01709 117.131
41 3.24 0.990902 126.063
42 3.32 0.976083 135.301
43 3.4 0.961348 144.844
44 3.48 0.969779 154.928
45 3.56 0.972919 165.516
46 3.64 0.991818 176.799
47 3.72 1.00873 188.786
48 3.8 1.01371 201.354
49 3.88 1.02348 214.584
50 3.96 1.02238 228.351
92000 50
1 0.04 0 0
2 0.12 0 0
3 0.2 0 0
4 0.28 0 0
5 0.36 0 0
6 0.44 0 0
7 0.52 0 0
8 0.6 0 0
9 0.68 0 0
10 0.76 0 0
11 0.84 0.000805343 0.000488281
12 0.92 0.321225 0.234082
13 1 1.94078 1.90137
14 1.08 2.42962 4.33574
15 1.16 1.85136 6.47559
16 1.24 1.29106 8.18066
17 1.32 0.940722 9.58848
18 1.4 0.76397 10.8745
19 1.48 0.675168 12.1446
20 1.56 0.676631 13.5588
21 1.64 0.718657 15.2188
22 1.72 0.81854 17.2983
23 1.8 0.949538 19.9403
24 1.88 1.08004 23.2185
25 1.96 1.17195 27.0847
26 2.04 1.22324 31.4562
27 2.12 1.16862 35.9664
28 2.2 1.08618 40.4808
29 2.28 0.998565 44.9383
30 2.36 0.93302 49.4006
31 2.44 0.899112 53.9972
32 2.52 0.887976 58.8394
33 2.6 0.920195 64.1809
34 2.68 0.956955 70.0828
35 2.76 1.00046 76.627
36 2.84 1.04924 83.8937
37 2.92 1.06331 91.6787
38 3 1.0596 99.8674
39 3.08 1.04291 108.363
40 3.16 1.02225 117.128
41 3.24 0.98996 126.051
42 3.32 0.980458 135.331
43 3.4 0.960178 144.862
44 3.48 0.966173 154.909
45 3.56 0.974489 165.513
46 3.64 0.987793 176.751
47 3.72 1.00885 188.739
48 3.8 1.02438 201.44
49 3.88 1.01927 214.616
50 3.96 1.02103 228.364
93000 50
1 0.04 0 0
2 0.12 0 0
3 0.2 0 0
4 0.28 0 0
5 0.36 0 0
6 0.44 0 0
7 0.52 0 0
8 0.6 0 0
9 0.68 0 0
10 0.76 0 0
11 0.84 0.000805343 0.000488281
12 0.92 0.310482 0.22627
13 1 1.9277 1.88232
14 1.08 2.44551 4.33262
15 1.16 1.85685 6.47881
16 1.24 1.28522 8.17617
17 1.32 0.945616 9.59131
18 1.4 0.771221 10.8896
19 1.48 0.670756 12.1514
20 1.56 0.679995 13.5726
21 1.64 0.710877 15.2146
22 1.72 0.815119 17.2854
23 1.8 0.941115 19.904
24 1.88 1.07676 23.1722
25 1.96 1.18205 27.0717
26 2.04 1.21988 31.4312
27 2.12 1.18535 36.006
28 2.2 1.08028 40.4958
29 2.28 1.00659 44.9892
30 2.36 0.920401 49.3911
31 2.44 0.893668 53.9599
32 2.52 0.896895 58.8507
33 2.6 0.91789 64.1788
34 2.68 0.955846 70.0739
35 2.76 1.00667 76.6587
36 2.84 1.03858 83.8517
37 2.92 1.06137 91.6224
38 3 1.06639 99.8635
39 3.08 1.04515 108.377
40 3.16 1.02216 117.141
41 3.24 0.995734 126.117
42 3.32 0.972719 135.323
43 3.4 0.963405 144.886
44 3.48 0.960116 154.87
45 3.56 0.975099 165.481
46 3.64 0.990951 176.755
47 3.72 1.00789 188.731
48 3.8 1.02004 201.379
49 3.88 1.02177 214.587
50 3.96 1.01813 228.296
94000 50
1 0.04 0 0
2 0.12 0 0
3 0.2 0 0
4 0.28 0 0
5 0.36 0 0
6 0.44 0 0
7 0.52 0 0
8 0.6 0 0
9 0.68 0 0
10 0.76 0 0
11 0.84 0.000644274 0.000390625
12 0.92 0.309407 0.225391
13 1 1.92998 1.8834
14 1.08 2.44229 4.33047
15 1.16 1.85871 6.47881
16 1.24 1.29439 8.18828
17 1.32 0.929564 9.57939
18 1.4 0.778821 10.8904
19 1.48 0.684564 12.1782
20 1.56 0.669762 13.578
21 1.64 0.729565 15.2632
22 1.72 0.807547 17.3148
23 1.8 0.93943 19.9287
24 1.88 1.074 23.1885
25 1.96 1.16745 27.0398
26 2.04 1.22162 31.4056
27 2.12 1.1772 35.9489
28 2.2 1.09705 40.5085
29 2.28 1.00476 44.9937
30 2.36 0.928548 49.4346
31 2.44 0.901385 54.0428
32 2.52 0.892328 58.9087
33 2.6 0.909798 64.1898
34 2.68 0.951935 70.0608
35 2.76 1.00382 76.627
36 2.84 1.03912 83.8236
37 2.92 1.06054 91.5883
38 3 1.06923 99.8514
39 3.08 1.04763 108.385
40 3.16 1.02377 117.163
41 3.24 0.996027 126.141
42 3.32 0.974969 135.369
43 3.4 0.960099 144.899
44 3.48 0.967441 154.959
45 3.56 0.974848 165.568
46 3.64 0.984857 176.772
47 3.72 1.00112 188.668
48 3.8 1.02027 201.318
49 3.88 1.02563 214.576
50 3.96 1.02238 228.343
95000 50
1 0.04 0 0
2 0.12 0 0
3 0.2 0 0
4 0.28 0 0
5 0.36 0 0
6 0.44 0 0
7 0.52 0 0
8 0.6 0 0
9 0.68 0 0
10 0.76 0 0
11 0.84 0.000644274 0.000390625
12 0.92 0.310885 0.226465
13 1 1.94544 1.89775
14 1.08 2.45175 4.3543
15 1.16 1.8299 6.46934
16 1.24 1.28766 8.16992
17 1.32 0.937329 9.57266
18 1.4 0.769075 10.8673
19 1.48 0.6896 12.1646
20 1.56 0.67107 13.5671
21 1.64 0.718868 15.2275
22 1.72 0.823499 17.3197
23 1.8 0.938061 19.9298
24 1.88 1.06563 23.1642
25 1.96 1.1827 27.0658
26 2.04 1.22436 31.4413
27 2.12 1.18135 36.0007
28 2.2 1.08876 40.5258
29 2.28 0.998784 44.9843
30 2.36 0.925669 49.4114
31 2.44 0.893019 53.9769
32 2.52 0.891093 58.836
33 2.6 0.921356 64.1843
34 2.68 0.953455 70.0646
35 2.76 1.00523 76.6399
36 2.84 1.04371 83.8685
37 2.92 1.06403 91.6587
38 3 1.06265 99.8709
39 3.08 1.04509 108.384
40 3.16 1.02381 117.162
41 3.24 0.994163 126.124
42 3.32 0.969676 135.301
43 3.4 0.960827 144.839
44 3.48 0.966925 154.893
45 3.56 0.977998 165.536
46 3.64 0.990728 176.808
47 3.72 1.00845 188.79
48 3.8 1.01583 201.386
49 3.88 1.02239 214.602
50 3.96 1.02015 228.338
96000 50
1 0.04 0 0
2 0.12 0 0
3 0.2 0 0
4 0.28 0 0
5 0.36 0 0
6 0.44 0 0
7 0.52 0 0
8 0.6 0 0
9 0.68 0 0
10 0.76 0 0
11 0.84 0.000644274 0.000390625
12 0.92 0.315182 0.22959
13 1 1.93612 1.89287
14 1.08 2.4651 4.36279
15 1.16 1.8348 6.4835
16 1.24 1.28271 8.17754
17 1.32 0.938373 9.58184
18 1.4 0.766174 10.8716
19 1.48 0.679529 12.1499
20 1.56 0.667472 13.5449
21 1.64 0.721785 15.2121
22 1.72 0.815965 17.2852
23 1.8 0.941255 19.9041
24 1.88 1.08275 23.1904
25 1.96 1.18711 27.1066
26 2.04 1.22149 31.4719
27 2.12 1.17563 36.0092
28 2.2 1.07668 40.4841
29 2.28 1.00928 44.9895
30 2.36 0.925567 49.4161
31 2.44 0.890975 53.9711
32 2.52 0.892686 58.839
33 2.6 0.91286 64.1379
34 2.68 0.959979 70.0585
35 2.76 1.00673 76.6437
36 2.84 1.04635 83.8904
37 2.92 1.06305 91.6734
38 3 1.05764 99.847
39 3.08 1.04586 108.366
40 3.16 1.01781 117.093
41 3.24 0.999483 126.103
42 3.32 0.97534 135.334
43 3.4 0.963031 144.893
44 3.48 0.965178 154.929
45 3.56 0.975306 165.543
46 3.64 0.986565 176.767
47 3.72 1.00693 188.732
48 3.8 1.0195 201.373
49 3.88 1.02184 214.581
50 3.96 1.02027 228.319
97000 50
1 0.04 0 0
2 0.12 0 0
3 0.2 0 0
4 0.28 0 0
5 0.36 0 0
6 0.44 0 0
7 0.52 0 0
8 0.6 0 0
9 0.68 0 0
10 0.76 0 0
11 0.84 0.000644274 0.000390625
12 0.92 0.303901 0.221387
13 1 1.93805 1.88633
14 1.08 2.45584 4.34697
15 1.16 1.83835 6.47178
16 1.24 1.27738 8.15879
17 1.32 0.963301 9.60039
18 1.4 0.758052 10.8765
19 1.48 0.682332 12.1601
20 1.56 0.67378 13.5683
21 1.64 0.71557 15.2211
22 1.72 0.822576 17.3109
23 1.8 0.941009 19.9292
24 1.88 1.07181 23.1823
25 1.96 1.17323 27.0527
26 2.04 1.21996 31.4125
27 2.12 1.1768 35.9543
28 2.2 1.09405 40.5014
29 2.28 1.00428 44.9844
30 2.36 0.931489 49.4394
31 2.44 0.89426 54.0111
32 2.52 0.893904 58.8856
33 2.6 0.910068 64.1684
34 2.68 0.957065 70.071
35 2.76 1.00018 76.6133
36 2.84 1.05113 83.8932
37 2.92 1.05786 91.6382
38 3 1.05791 99.8138
39 3.08 1.049 108.359
40 3.16 1.02379 117.137
41 3.24 0.994467 126.101
42 3.32 0.9721 135.301
43 3.4 0.96615 144.892
44 3.48 0.967807 154.956
45 3.56 0.975171 165.568
46 3.64 0.988917 176.818
47 3.72 1.00016 188.703
48 3.8 1.01954 201.344
49 3.88 1.02314 214.57
50 3.96 1.01764 228.272
98000 50
1 0.04 0 0
2 0.12 0 0
3 0.2 0 0
4 0.28 0 0
5 0.36 0 0
6 0.44 0 0
7 0.52 0 0
8 0.6 0 0
9 0.68 0 0
10 0.76 0 0
11 0.84 0.000644274 0.000390625
12 0.92 0.303633 0.221191
13 1 1.92236 1.87266
14 1.08 2.46627 4.34375
15 1.16 1.85398 6.48662
16 1.24 1.2782 8.17471
17 1.32 0.932043 9.56953
18 1.4 0.774528 10.8733
19 1.48 0.688354 12.1683
20 1.56 0.664482 13.557
21 1.64 0.722081 15.2249
22 1.72 0.819578 17.3071
23 1.8 0.936096 19.9117
24 1.88 1.08185 23.1953
25 1.96 1.1758 27.0742
26 2.04 1.21446 31.4144
27 2.12 1.18064 35.971
28 2.2 1.09858 40.5369
29 2.28 1.00104 45.0055
30 2.36 0.923954 49.4244
31 2.44 0.896476 54.0075
32 2.52 0.886974 58.8442
33 2.6 0.912625 64.1418
34 2.68 0.962972 70.0809
35 2.76 1.00339 76.6441
36 2.84 1.04088 83.853
37 2.92 1.06599 91.6576
38 3 1.06205 99.8652
39 3.08 1.05146 108.43
40 3.16 1.01589 117.141
41 3.24 0.992321 126.085
42 3.32 0.974969 135.313
43 3.4 0.961388 144.856
44 3.48 0.962915 154.869
45 3.56 0.974014 165.468
46 3.64 0.997775 176.82
47 3.72 1.00514 188.763
48 3.8 1.02075 201.42
49 3.88 1.02303 214.644
50 3.96 1.02016 228.38
99000 50
1 0.04 0 0
2 0.12 0 0
3 0.2 0 0
4 0.28 0 0
5 0.36 0 0
6 0.44 0 0
7 0.52 0 0
8 0.6 0 0
9 0.68 0 0
10 0.76 0 0
11 0.84 0.000322137 0.000195313
12 0.92 0.30323 0.220703
13 1 1.94828 1.89443
14 1.08 2.45799 4.35723
15 1.16 1.82939 6.47168
16 1.24 1.28633 8.17051
17 1.32 0.943137 9.58193
18 1.4 0.765246 10.8701
19 1.48 0.680567 12.1504
20 1.56 0.68107 13.5738
21 1.64 0.709609 15.2129
22 1.72 0.821538 17.3001
23 1.8 0.944344 19.9276
24 1.88 1.0738 23.1868
25 1.96 1.17992 27.0793
26 2.04 1.21878 31.4349
27 2.12 1.1751 35.9701
28 2.2 1.08526 40.4807
29 2.28 1.00937 44.9864
30 2.36 0.928487 49.4271
31 2.44 0.893955 53.9973
32 2.52 0.893349 58.8687
33 2.6 0.913668 64.1724
34 2.68 0.955514 70.0654
35 2.76 1.00464 76.6369
36 2.84 1.04277 83.8589
37 2.92 1.06299 91.6415
38 3 1.06343 99.8598
39 3.08 1.04585 108.379
40 3.16 1.01668 117.096
41 3.24 1.00184 126.127
42 3.32 0.976186 135.366
43 3.4 0.960561 144.901
44 3.48 0.961966 154.904
45 3.56 0.971779 165.479
46 3.64 0.991887 176.764
47 3.72 1.00614 188.719
48 3.8 1.01911 201.355
49 3.88 1.02245 214.572
50 3.96 1.02318 228.349
100000 50
1 0.04 0 0
2 0.12 0 0
3 0.2 0 0
4 0.28 0 0
5 0.36 0 0
6 0.44 0 0
7 0.52 0 0
8 0.6 0 0
9 0.68 0 0
10 0.76 0 0
11 0.84 0.000805343 0.000488281
12 0.92 0.304841 0.222168
13 1 1.92827 1.87871
14 1.08 2.46169 4.34521
15 1.16 1.84384 6.47637
16 1.24 1.28707 8.17617
17 1.32 0.944311 9.58936
18 1.4 0.769365 10.8845
19 1.48 0.675636 12.1555
20 1.56 0.671771 13.5595
21 1.64 0.725802 15.2359
22 1.72 0.808085 17.289
23 1.8 0.946309 19.922
24 1.88 1.08284 23.2086
25 1.96 1.17314 27.0787
26 2.04 1.21742 31.4294
27 2.12 1.17181 35.952
28 2.2 1.09506 40.5032
29 2.28 0.999484 44.9648
30 2.36 0.934 49.4318
31 2.44 0.894661 54.0057
32 2.52 0.88889 58.8528
33 2.6 0.913466 64.1553
34 2.68 0.967785 70.124
35 2.76 0.999434 76.6614
36 2.84 1.04 83.8643
37 2.92 1.06253 91.6435
38 3 1.0585 99.8236
39 3.08 1.04534 108.339
40 3.16 1.02389 117.118
41 3.24 0.996774 126.103
42 3.32 0.978044 135.359
43 3.4 0.963316 144.921
44 3.48 0.964126 154.947
45 3.56 0.969643 165.499
46 3.64 0.989484 176.756
47 3.72 1.00628 188.713
48 3.8 1.01613 201.312
49 3.88 1.025 214.562
50 3.96 1.02227 228.327
