# Time-averaged data for fix 1
# TimeStep Number-of-rows
# Row c_RDF[1] c_RDF[2] c_RDF[3]
21000 50
1 0.07 0 0
2 0.21 0 0
3 0.35 0 0
4 0.49 0 0
5 0.63 0 0
6 0.77 0 0
7 0.91 0.389256 0.491406
8 1.05 2.36392 4.4626
9 1.19 1.60013 7.91416
10 1.33 0.912167 10.3714
11 1.47 0.684194 12.6226
12 1.61 0.695095 15.3656
13 1.75 0.873937 19.4399
14 1.89 1.09678 25.4035
15 2.03 1.21676 33.0354
16 2.17 1.11731 41.0432
17 2.31 0.96922 48.9145
18 2.45 0.892733 57.0697
19 2.59 0.911817 66.3782
20 2.73 0.9869 77.5716
21 2.87 1.05613 90.81
22 3.01 1.06202 105.452
23 3.15 1.02383 120.912
24 3.29 0.977721 137.016
25 3.43 0.959343 154.191
26 3.57 0.979779 173.192
27 3.71 1.00574 194.256
28 3.85 1.02162 217.299
29 3.99 1.0199 242.006
30 4.13 1.00387 268.06
31 4.27 0.988058 295.472
32 4.41 0.987218 324.687
33 4.55 0.993363 355.978
34 4.69 1.00612 389.652
35 4.83 1.00971 425.494
36 4.97 1.00671 463.331
37 5.11 0.998908 503.019
38 5.25 0.996504 544.811
39 5.39 0.993785 588.741
40 5.53 0.999668 635.256
41 5.67 1.00523 684.428
42 5.81 1.00319 735.954
43 5.95 1.00007 789.825
44 6.09 1.00132 846.33
45 6.23 0.997469 905.236
46 6.37 0.998448 966.88
47 6.51 1.00219 1031.5
48 6.65 1.00172 1098.91
49 6.79 1.00029 1169.08
50 6.93 1.00011 1242.16
22000 50
1 0.07 0 0
2 0.21 0 0
3 0.35 0 0
4 0.49 0 0
5 0.63 0 0
6 0.77 0 0
7 0.91 0.394826 0.498437
8 1.05 2.37177 4.48281
9 1.19 1.58804 7.9083
10 1.33 0.910028 10.3598
11 1.47 0.67894 12.5937
12 1.61 0.703633 15.3704
13 1.75 0.876158 19.4551
14 1.89 1.10062 25.4396
15 2.03 1.21785 33.0783
16 2.17 1.11488 41.0687
17 2.31 0.965203 48.9073
18 2.45 0.885196 56.9937
19 2.59 0.916772 66.3528
20 2.73 0.992394 77.6085
21 2.87 1.05612 90.8467
22 3.01 1.06277 105.499
23 3.15 1.01878 120.882
24 3.29 0.978474 136.999
25 3.43 0.961296 154.209
26 3.57 0.978158 173.179
27 3.71 1.00569 194.242
28 3.85 1.02396 217.337
29 3.99 1.01906 242.023
30 4.13 1.00326 268.062
31 4.27 0.986911 295.443
32 4.41 0.985759 324.614
33 4.55 0.99779 356.045
34 4.69 1.00629 389.725
35 4.83 1.00761 425.492
36 4.97 1.00648 463.32
37 5.11 0.998498 502.992
38 5.25 0.995661 544.748
39 5.39 0.996721 588.808
40 5.53 1.00038 635.356
41 5.67 1.00294 684.416
42 5.81 1.00192 735.876
43 5.95 1.00244 789.875
44 6.09 1.00004 846.308
45 6.23 0.997931 905.241
46 6.37 0.999027 966.921
47 6.51 1.00054 1031.44
48 6.65 1.00355 1098.96
49 6.79 1.00072 1169.16
50 6.93 1.00015 1242.25
23000 50
1 0.07 0 0
2 0.21 0 0
3 0.35 0 0
4 0.49 0 0
5 0.63 0 0
6 0.77 0 0
7 0.91 0.397611 0.501953
8 1.05 2.37241 4.4874
9 1.19 1.5898 7.9167
10 1.33 0.904518 10.3533
11 1.47 0.687192 12.6144
12 1.61 0.696233 15.3619
13 1.75 0.879237 19.4609
14 1.89 1.10554 25.4722
15 2.03 1.20572 33.0349
16 2.17 1.12067 41.0667
17 2.31 0.964121 48.8966
18 2.45 0.88712 57.0006
19 2.59 0.916724 66.3592
20 2.73 0.997052 77.6677
21 2.87 1.0525 90.8605
22 3.01 1.05723 105.437
23 3.15 1.02382 120.896
24 3.29 0.978356 137.01
25 3.43 0.960113 154.199
26 3.57 0.97773 173.161
27 3.71 1.00795 194.271
28 3.85 1.02353 217.357
29 3.99 1.01981 242.061
30 4.13 1.00057 268.03
31 4.27 0.987073 295.415
32 4.41 0.987396 324.634
33 4.55 0.99881 356.098
34 4.69 1.00423 389.709
35 4.83 1.00999 425.561
36 4.97 1.00653 463.391
37 5.11 0.996558 502.985
38 5.25 0.994599 544.697
39 5.39 0.994779 588.671
40 5.53 1.00226 635.307
41 5.67 1.00462 684.45
42 5.81 1.00445 736.04
43 5.95 1.00016 789.915
44 6.09 0.999943 846.343
45 6.23 0.99696 905.219
46 6.37 0.998705 966.879
47 6.51 1.00145 1031.46
48 6.65 1.00226 1098.89
49 6.79 1.00193 1169.18
50 6.93 1.00109 1242.33
24000 50
1 0.07 0 0
2 0.21 0 0
3 0.35 0 0
4 0.49 0 0
5 0.63 0 0
6 0.77 0 0
7 0.91 0.404882 0.511133
8 1.05 2.35171 4.46182
9 1.19 1.59777 7.9083
10 1.33 0.910028 10.3598
11 1.47 0.688468 12.625
12 1.61 0.696085 15.372
13 1.75 0.864951 19.4044
14 1.89 1.1124 25.4529
15 2.03 1.20847 33.0329
16 2.17 1.11856 41.0496
17 2.31 0.966839 48.9016
18 2.45 0.893909 57.0676
19 2.59 0.909645 66.3539
20 2.73 0.991946 77.6045
21 2.87 1.05637 90.8458
22 3.01 1.05852 105.44
23 3.15 1.02175 120.868
24 3.29 0.978955 136.992
25 3.43 0.963391 154.239
26 3.57 0.978918 173.224
27 3.71 1.00375 194.247
28 3.85 1.02126 217.281
29 3.99 1.01916 241.97
30 4.13 1.00403 268.029
31 4.27 0.989572 295.483
32 4.41 0.986386 324.672
33 4.55 0.995403 356.029
34 4.69 1.00594 389.696
35 4.83 1.01057 425.569
36 4.97 1.0011 463.194
37 5.11 1.00244 503.023
38 5.25 0.996471 544.813
39 5.39 0.995517 588.819
40 5.53 0.99898 635.303
41 5.67 1.0034 684.385
42 5.81 1.00276 735.889
43 5.95 1.00116 789.818
44 6.09 1.00116 846.315
45 6.23 0.99933 905.331
46 6.37 0.998949 967.005
47 6.51 0.999939 1031.48
48 6.65 1.00161 1098.88
49 6.79 1.00104 1169.1
50 6.93 1.00036 1242.2
25000 50
1 0.07 0 0
2 0.21 0 0
3 0.35 0 0
4 0.49 0 0
5 0.63 0 0
6 0.77 0 0
7 0.91 0.402407 0.508008
8 1.05 2.35363 4.46191
9 1.19 1.60049 7.91426
10 1.33 0.905787 10.3543
11 1.47 0.688023 12.6181
12 1.61 0.697248 15.3696
13 1.75 0.87842 19.4648
14 1.89 1.09877 25.4393
15 2.03 1.2084 33.0187
16 2.17 1.11998 41.0456
17 2.31 0.967368 48.9019
18 2.45 0.891343 57.0444
19 2.59 0.914629 66.3816
20 2.73 0.991472 77.6269
21 2.87 1.05446 90.8443
22 3.01 1.05784 105.429
23 3.15 1.02491 120.905
24 3.29 0.974336 136.953
25 3.43 0.964596 154.222
26 3.57 0.97697 173.169
27 3.71 1.00983 194.319
28 3.85 1.0254 217.447
29 3.99 1.01278 241.981
30 4.13 1.00148 267.973
31 4.27 0.990107 295.442
32 4.41 0.987944 324.678
33 4.55 0.996277 356.062
34 4.69 1.00803 389.8
35 4.83 1.00841 425.595
36 4.97 1.00255 463.276
37 5.11 0.998488 502.947
38 5.25 0.995209 544.684
39 5.39 0.997764 588.79
40 5.53 1.00046 635.342
41 5.67 1.00401 684.455
42 5.81 1.00331 735.986
43 5.95 1.00135 789.926
44 6.09 0.997847 846.236
45 6.23 0.997532 905.146
46 6.37 1.00114 966.956
47 6.51 1.00104 1031.51
48 6.65 1.0012 1098.87
49 6.79 1.00251 1169.2
50 6.93 1.00016 1242.28
26000 50
1 0.07 0 0
2 0.21 0 0
3 0.35 0 0
4 0.49 0 0
5 0.63 0 0
6 0.77 0 0
7 0.91 0.400627 0.505762
8 1.05 2.35933 4.46924
9 1.19 1.60085 7.92236
10 1.33 0.903648 10.3566
11 1.47 0.686004 12.6138
12 1.61 0.696852 15.3638
13 1.75 0.878483 19.4593
14 1.89 1.10346 25.4592
15 2.03 1.20938 33.0448
16 2.17 1.12226 41.0881
17 2.31 0.96067 48.8899
18 2.45 0.889269 57.0136
19 2.59 0.91417 66.3461
20 2.73 0.992092 77.5983
21 2.87 1.0582 90.8626
22 3.01 1.06249 105.511
23 3.15 1.01928 120.902
24 3.29 0.976144 136.98
25 3.43 0.960505 154.176
26 3.57 0.981169 173.204
27 3.71 1.00699 194.295
28 3.85 1.0236 217.382
29 3.99 1.01748 242.03
30 4.13 1.00127 268.017
31 4.27 0.990589 295.5
32 4.41 0.986825 324.702
33 4.55 0.994275 356.023
34 4.69 1.00592 389.69
35 4.83 1.01102 425.578
36 4.97 1.00589 463.384
37 5.11 0.995543 502.939
38 5.25 0.997044 544.753
39 5.39 0.995897 588.776
40 5.53 1.00037 635.324
41 5.67 1.00296 684.385
42 5.81 1.00414 735.96
43 5.95 1.00184 789.925
44 6.09 0.997899 846.238
45 6.23 1.00025 905.309
46 6.37 0.997886 966.918
47 6.51 0.999665 1031.38
48 6.65 1.00263 1098.84
49 6.79 1.00318 1169.21
50 6.93 0.999693 1242.26
27000 50
1 0.07 0 0
2 0.21 0 0
3 0.35 0 0
4 0.49 0 0
5 0.63 0 0
6 0.77 0 0
7 0.91 0.392428 0.49541
8 1.05 2.36636 4.4707
9 1.19 1.61285 7.94971
10 1.33 0.89821 10.3693
11 1.47 0.683333 12.6177
12 1.61 0.696803 15.3675
13 1.75 0.868177 19.4149
14 1.89 1.10378 25.4166
15 2.03 1.21901 33.0627
16 2.17 1.11855 41.0793
17 2.31 0.963977 48.908
18 2.45 0.887559 57.016
19 2.59 0.914007 66.3469
20 2.73 0.990809 77.5846
21 2.87 1.05774 90.8431
22 3.01 1.06093 105.47
23 3.15 1.02093 120.886
24 3.29 0.978575 137.004
25 3.43 0.960871 154.206
26 3.57 0.977075 173.155
27 3.71 1.00903 194.289
28 3.85 1.0232 217.367
29 3.99 1.0175 242.015
30 4.13 1.00159 268.01
31 4.27 0.989512 295.463
32 4.41 0.986838 324.666
33 4.55 0.996135 356.045
34 4.69 1.00844 389.797
35 4.83 1.00665 425.53
36 4.97 1.00407 463.267
37 5.11 1.00013 503.004
38 5.25 0.995959 544.773
39 5.39 0.996308 588.814
40 5.53 1.00026 635.357
41 5.67 1.00201 684.372
42 5.81 1.00333 735.905
43 5.95 1.00244 789.903
44 6.09 0.999104 846.284
45 6.23 0.999892 905.333
46 6.37 0.99765 966.928
47 6.51 1.00162 1031.51
48 6.65 0.999674 1098.78
49 6.79 1.00299 1169.14
50 6.93 1.00088 1242.27
28000 50
1 0.07 0 0
2 0.21 0 0
3 0.35 0 0
4 0.49 0 0
5 0.63 0 0
6 0.77 0 0
7 0.91 0.40581 0.512305
8 1.05 2.34991 4.45996
9 1.19 1.61122 7.93545
10 1.33 0.906403 10.3771
11 1.47 0.680187 12.6151
12 1.61 0.69559 15.3602
13 1.75 0.870691 19.4193
14 1.89 1.1043 25.4238
15 2.03 1.2202 33.0773
16 2.17 1.11987 41.1034
17 2.31 0.957207 48.8771
18 2.45 0.895384 57.0566
19 2.59 0.908832 66.3347
20 2.73 0.994779 77.6174
21 2.87 1.05272 90.813
22 3.01 1.06416 105.485
23 3.15 1.02185 120.914
24 3.29 0.977022 137.007
25 3.43 0.960827 154.208
26 3.57 0.977866 173.172
27 3.71 1.00495 194.221
28 3.85 1.02545 217.349
29 3.99 1.01962 242.049
30 4.13 1.00134 268.038
31 4.27 0.988917 295.474
32 4.41 0.988142 324.716
33 4.55 0.99495 356.058
34 4.69 1.00299 389.627
35 4.83 1.01103 425.515
36 4.97 1.00518 463.294
37 5.11 1.00144 503.083
38 5.25 0.994774 544.802
39 5.39 0.996701 588.861
40 5.53 0.997366 635.269
41 5.67 1.00236 684.301
42 5.81 1.0045 735.894
43 5.95 1.00376 789.963
44 6.09 0.998377 846.303
45 6.23 0.9993 905.317
46 6.37 0.998783 966.982
47 6.51 0.999091 1031.41
48 6.65 1.00101 1098.76
49 6.79 1.00278 1169.1
50 6.93 1.00179 1242.31
29000 50
1 0.07 0 0
2 0.21 0 0
3 0.35 0 0
4 0.49 0 0
5 0.63 0 0
6 0.77 0 0
7 0.91 0.397688 0.502051
8 1.05 2.35014 4.4501
9 1.19 1.60398 7.90996
10 1.33 0.91833 10.3838
11 1.47 0.686182 12.6415
12 1.61 0.693388 15.3778
13 1.75 0.865307 19.4119
14 1.89 1.1025 25.4066
15 2.03 1.21522 33.0289
16 2.17 1.12781 41.1119
17 2.31 0.965059 48.9494
18 2.45 0.887153 57.0537
19 2.59 0.911157 66.3555
20 2.73 0.987184 77.5521
21 2.87 1.05898 90.8262
22 3.01 1.06374 105.492
23 3.15 1.02476 120.966
24 3.29 0.978184 137.077
25 3.43 0.957543 154.22
26 3.57 0.977161 173.171
27 3.71 1.00476 194.215
28 3.85 1.02427 217.317
29 3.99 1.02176 242.068
30 4.13 1.00567 268.17
31 4.27 0.986665 295.543
32 4.41 0.985482 324.706
33 4.55 0.992625 355.975
34 4.69 1.00584 389.639
35 4.83 1.01034 425.503
36 4.97 1.00806 463.391
37 5.11 0.999837 503.116
38 5.25 0.99435 544.817
39 5.39 0.993794 588.747
40 5.53 0.999343 635.248
41 5.67 1.00312 684.316
42 5.81 1.00465 735.917
43 5.95 1.00428 790.014
44 6.09 0.99847 846.359
45 6.23 0.999273 905.372
46 6.37 0.995929 966.86
47 6.51 0.998397 1031.24
48 6.65 1.00445 1098.83
49 6.79 1.00271 1169.16
50 6.93 1.00181 1242.37
30000 50
1 0.07 0 0
2 0.21 0 0
3 0.35 0 0
4 0.49 0 0
5 0.63 0 0
6 0.77 0 0
7 0.91 0.404031 0.510059
8 1.05 2.36148 4.47715
9 1.19 1.59909 7.92646
10 1.33 0.902778 10.3584
11 1.47 0.688112 12.6225
12 1.61 0.697842 15.3764
13 1.75 0.8678 19.4221
14 1.89 1.10441 25.4271
15 2.03 1.21367 33.0397
16 2.17 1.11876 41.0579
17 2.31 0.964073 48.8874
18 2.45 0.893353 57.0483
19 2.59 0.91306 66.3695
20 2.73 0.991481 77.6148
21 2.87 1.056 90.8516
22 3.01 1.05882 105.45
23 3.15 1.02166 120.876
24 3.29 0.976571 136.961
25 3.43 0.966026 154.256
26 3.57 0.978339 173.229
27 3.71 1.00457 194.269
28 3.85 1.02254 217.332
29 3.99 1.02003 242.042
30 4.13 1.00347 268.087
31 4.27 0.987847 295.493
32 4.41 0.985647 324.661
33 4.55 0.996922 356.065
34 4.69 1.00359 389.654
35 4.83 1.01129 425.552
36 4.97 1.00543 463.34
37 5.11 0.999569 503.054
38 5.25 0.994937 544.78
39 5.39 0.994741 588.753
40 5.53 0.999853 635.277
41 5.67 1.00422 684.4
42 5.81 1.00674 736.108
43 5.95 0.998741 789.907
44 6.09 0.99888 846.275
45 6.23 0.999312 905.29
46 6.37 0.998294 966.924
47 6.51 1.00147 1031.5
48 6.65 1.00266 1098.97
49 6.79 1.00094 1169.18
50 6.93 0.999262 1242.2
31000 50
1 0.07 0 0
2 0.21 0 0
3 0.35 0 0
4 0.49 0 0
5 0.63 0 0
6 0.77 0 0
7 0.91 0.398926 0.503613
8 1.05 2.35502 4.45986
9 1.19 1.60968 7.93203
10 1.33 0.903068 10.3647
11 1.47 0.681404 12.6067
12 1.61 0.702964 15.3809
13 1.75 0.870481 19.4391
14 1.89 1.09909 25.4152
15 2.03 1.22076 33.0723
16 2.17 1.11507 41.064
17 2.31 0.969857 48.9404
18 2.45 0.887153 57.0447
19 2.59 0.911147 66.3464
20 2.73 0.99198 77.5974
21 2.87 1.05616 90.836
22 3.01 1.06082 105.462
23 3.15 1.02415 120.926
24 3.29 0.978806 137.048
25 3.43 0.958634 154.21
26 3.57 0.976169 173.141
27 3.71 1.00695 194.231
28 3.85 1.02514 217.353
29 3.99 1.02102 242.087
30 4.13 1.00037 268.051
31 4.27 0.989607 295.506
32 4.41 0.985142 324.659
33 4.55 0.99576 356.026
34 4.69 1.00714 389.734
35 4.83 1.00837 425.528
36 4.97 1.00815 463.419
37 5.11 0.998473 503.09
38 5.25 0.991728 544.682
39 5.39 0.996917 588.75
40 5.53 1.00121 635.337
41 5.67 1.00258 684.38
42 5.81 1.00513 736.005
43 5.95 1.0015 789.953
44 6.09 0.998448 846.297
45 6.23 0.996808 905.164
46 6.37 0.999577 966.877
47 6.51 1.001 1031.42
48 6.65 1.00281 1098.9
49 6.79 1.0022 1169.2
50 6.93 0.999672 1242.25
32000 50
1 0.07 0 0
2 0.21 0 0
3 0.35 0 0
4 0.49 0 0
5 0.63 0 0
6 0.77 0 0
7 0.91 0.398771 0.503418
8 1.05 2.35816 4.46494
9 1.19 1.59877 7.91357
10 1.33 0.910137 10.3653
11 1.47 0.679237 12.6002
12 1.61 0.703212 15.3753
13 1.75 0.874315 19.4514
14 1.89 1.09891 25.4266
15 2.03 1.21671 33.0582
16 2.17 1.11705 41.0641
17 2.31 0.966129 48.9103
18 2.45 0.887249 57.0154
19 2.59 0.916217 66.3688
20 2.73 0.98963 77.5932
21 2.87 1.05807 90.8559
22 3.01 1.06068 105.48
23 3.15 1.02402 120.942
24 3.29 0.973393 136.975
25 3.43 0.9614 154.186
26 3.57 0.979366 173.18
27 3.71 1.00662 194.263
28 3.85 1.02413 217.362
29 3.99 1.02048 242.082
30 4.13 1.00226 268.095
31 4.27 0.986823 295.473
32 4.41 0.985449 324.635
33 4.55 0.995084 355.981
34 4.69 1.00862 389.739
35 4.83 1.00796 425.518
36 4.97 1.00769 463.392
37 5.11 0.999257 503.094
38 5.25 0.993651 544.766
39 5.39 0.993977 588.704
40 5.53 1.00122 635.292
41 5.67 1.00379 684.393
42 5.81 1.00572 736.049
43 5.95 1.00163 790.004
44 6.09 0.998169 846.332
45 6.23 0.997411 905.234
46 6.37 0.999044 966.915
47 6.51 1.00153 1031.5
48 6.65 1.00224 1098.93
49 6.79 1.00162 1169.2
50 6.93 0.999598 1242.24
33000 50
1 0.07 0 0
2 0.21 0 0
3 0.35 0 0
4 0.49 0 0
5 0.63 0 0
6 0.77 0 0
7 0.91 0.39645 0.500488
8 1.05 2.36392 4.47168
9 1.19 1.59297 7.90781
10 1.33 0.914088 10.3702
11 1.47 0.686123 12.6277
12 1.61 0.693561 15.3647
13 1.75 0.874335 19.4409
14 1.89 1.10195 25.4326
15 2.03 1.21221 33.036
16 2.17 1.11703 41.0418
17 2.31 0.968631 48.9083
18 2.45 0.888307 57.0231
19 2.59 0.916925 66.3838
20 2.73 0.985996 77.5669
21 2.87 1.05963 90.8491
22 3.01 1.05918 105.452
23 3.15 1.02191 120.882
24 3.29 0.975652 136.953
25 3.43 0.964924 154.227
26 3.57 0.97773 173.189
27 3.71 1.00871 194.316
28 3.85 1.02219 217.371
29 3.99 1.01775 242.025
30 4.13 1.00086 268.002
31 4.27 0.989769 295.462
32 4.41 0.987858 324.695
33 4.55 0.996439 356.084
34 4.69 1.00657 389.773
35 4.83 1.00887 425.584
36 4.97 1.00271 463.271
37 5.11 1.0007 503.03
38 5.25 0.993409 544.692
39 5.39 0.998996 588.852
40 5.53 1.00001 635.383
41 5.67 1.0042 684.505
42 5.81 1.00114 735.925
43 5.95 1.00072 789.831
44 6.09 0.999974 846.261
45 6.23 0.998898 905.251
46 6.37 0.99775 966.852
47 6.51 1.00389 1031.59
48 6.65 1.00158 1098.98
49 6.79 1.00093 1169.19
50 6.93 0.998471 1242.15
34000 50
1 0.07 0 0
2 0.21 0 0
3 0.35 0 0
4 0.49 0 0
5 0.63 0 0
6 0.77 0 0
7 0.91 0.402484 0.508105
8 1.05 2.35032 4.45645
9 1.19 1.60216 7.9124
10 1.33 0.909521 10.3625
11 1.47 0.688408 12.6275
12 1.61 0.695169 15.3709
13 1.75 0.878818 19.468
14 1.89 1.09726 25.4342
15 2.03 1.21006 33.0241
16 2.17 1.11901 41.044
17 2.31 0.965817 48.8877
18 2.45 0.892006 57.0363
19 2.59 0.917881 66.4067
20 2.73 0.991601 77.6534
21 2.87 1.05168 90.836
22 3.01 1.06003 105.451
23 3.15 1.0192 120.84
24 3.29 0.978557 136.958
25 3.43 0.965573 154.245
26 3.57 0.981839 173.286
27 3.71 1.0045 194.325
28 3.85 1.01856 217.298
29 3.99 1.01976 242.001
30 4.13 1.00244 268.018
31 4.27 0.989132 295.46
32 4.41 0.988191 324.703
33 4.55 0.997849 356.137
34 4.69 1.00136 389.651
35 4.83 1.00973 425.494
36 4.97 1.00681 463.334
37 5.11 0.997652 502.972
38 5.25 0.996206 544.751
39 5.39 0.998572 588.893
40 5.53 0.998755 635.366
41 5.67 1.00242 684.401
42 5.81 1.00229 735.88
43 5.95 1.00263 789.889
44 6.09 0.999547 846.294
45 6.23 0.99885 905.282
46 6.37 1.00059 967.058
47 6.51 0.998986 1031.48
48 6.65 1.00172 1098.88
49 6.79 0.999574 1169
50 6.93 1.00244 1242.25
35000 50
1 0.07 0 0
2 0.21 0 0
3 0.35 0 0
4 0.49 0 0
5 0.63 0 0
6 0.77 0 0
7 0.91 0.398926 0.503613
8 1.05 2.35613 4.46172
9 1.19 1.60343 7.92041
10 1.33 0.910173 10.3723
11 1.47 0.677664 12.602
12 1.61 0.693239 15.3377
13 1.75 0.881772 19.4485
14 1.89 1.10304 25.4462
15 2.03 1.20986 33.0349
16 2.17 1.12162 41.0735
17 2.31 0.962702 48.8919
18 2.45 0.88943 57.017
19 2.59 0.911224 66.3194
20 2.73 0.99954 77.6562
21 2.87 1.05414 90.8695
22 3.01 1.05589 105.427
23 3.15 1.02539 120.91
24 3.29 0.975059 136.97
25 3.43 0.962213 154.196
26 3.57 0.979125 173.185
27 3.71 1.00634 194.262
28 3.85 1.02403 217.359
29 3.99 1.01854 242.033
30 4.13 1.00165 268.03
31 4.27 0.990146 295.5
32 4.41 0.983707 324.61
33 4.55 0.995456 355.968
34 4.69 1.00985 389.767
35 4.83 1.00954 425.602
36 4.97 1.00345 463.316
37 5.11 0.997426 502.945
38 5.25 0.995759 544.706
39 5.39 0.995519 588.712
40 5.53 1.0029 635.378
41 5.67 1.00241 684.413
42 5.81 1.00416 735.988
43 5.95 0.999162 789.81
44 6.09 0.998482 846.156
45 6.23 0.99955 905.185
46 6.37 1.00131 967.005
47 6.51 1.00122 1031.57
48 6.65 1.00165 1098.96
49 6.79 0.998818 1169.03
50 6.93 1.00119 1242.19
36000 50
1 0.07 0 0
2 0.21 0 0
3 0.35 0 0
4 0.49 0 0
5 0.63 0 0
6 0.77 0 0
7 0.91 0.397843 0.502246
8 1.05 2.34235 4.43721
9 1.19 1.6234 7.93896
10 1.33 0.901509 10.3675
11 1.47 0.687726 12.6303
12 1.61 0.693437 15.3668
13 1.75 0.873351 19.4384
14 1.89 1.10026 25.4209
15 2.03 1.21819 33.0618
16 2.17 1.11545 41.0562
17 2.31 0.965011 48.8934
18 2.45 0.888724 57.012
19 2.59 0.916265 66.3659
20 2.73 0.991601 77.6126
21 2.87 1.05648 90.8554
22 3.01 1.06044 105.476
23 3.15 1.02012 120.879
24 3.29 0.975895 136.953
25 3.43 0.964275 154.216
26 3.57 0.976834 173.16
27 3.71 1.00959 194.306
28 3.85 1.02202 217.357
29 3.99 1.01765 242.009
30 4.13 1.001 267.989
31 4.27 0.989347 295.437
32 4.41 0.986591 324.633
33 4.55 0.995995 356.008
34 4.69 1.00723 389.719
35 4.83 1.00786 425.495
36 4.97 1.00568 463.293
37 5.11 1.00018 503.031
38 5.25 0.995868 544.796
39 5.39 0.993838 588.729
40 5.53 1.00006 635.262
41 5.67 1.00486 684.416
42 5.81 1.00308 735.936
43 5.95 1.0014 789.879
44 6.09 0.999213 846.266
45 6.23 0.998827 905.252
46 6.37 0.99852 966.9
47 6.51 1.00264 1031.55
48 6.65 1.0002 1098.85
49 6.79 1.00208 1169.15
50 6.93 1.0005 1242.26
37000 50
1 0.07 0 0
2 0.21 0 0
3 0.35 0 0
4 0.49 0 0
5 0.63 0 0
6 0.77 0 0
7 0.91 0.409601 0.51709
8 1.05 2.34084 4.44951
9 1.19 1.60289 7.90703
10 1.33 0.920287 10.3861
11 1.47 0.684372 12.6379
12 1.61 0.691457 15.3666
13 1.75 0.872743 19.4354
14 1.89 1.09678 25.3989
15 2.03 1.21508 33.0203
16 2.17 1.12386 41.075
17 2.31 0.964013 48.904
18 2.45 0.89253 57.0574
19 2.59 0.914026 66.3885
20 2.73 0.988114 77.5956
21 2.87 1.05429 90.8108
22 3.01 1.06398 105.48
23 3.15 1.01853 120.859
24 3.29 0.979257 136.989
25 3.43 0.964209 154.251
26 3.57 0.97852 173.228
27 3.71 1.00495 194.276
28 3.85 1.02247 217.337
29 3.99 1.01949 242.034
30 4.13 1.00285 268.062
31 4.27 0.98771 295.465
32 4.41 0.988333 324.712
33 4.55 0.996504 356.103
34 4.69 1.00299 389.672
35 4.83 1.00809 425.456
36 4.97 1.00639 463.281
37 5.11 1.00295 503.129
38 5.25 0.994732 544.847
39 5.39 0.995314 588.844
40 5.53 0.997062 635.238
41 5.67 1.00264 684.284
42 5.81 1.00547 735.927
43 5.95 1.00098 789.846
44 6.09 1.00278 846.435
45 6.23 0.997183 905.324
46 6.37 0.997372 966.901
47 6.51 0.999795 1031.37
48 6.65 1.00171 1098.77
49 6.79 1.00299 1169.13
50 6.93 1.0013 1242.3
38000 50
1 0.07 0 0
2 0.21 0 0
3 0.35 0 0
4 0.49 0 0
5 0.63 0 0
6 0.77 0 0
7 0.91 0.396605 0.500684
8 1.05 2.35282 4.45322
9 1.19 1.60637 7.91826
10 1.33 0.909883 10.3693
11 1.47 0.69013 12.64
12 1.61 0.693907 15.3784
13 1.75 0.867109 19.4209
14 1.89 1.10294 25.418
15 2.03 1.21968 33.0683
16 2.17 1.11924 41.0898
17 2.31 0.963604 48.9155
18 2.45 0.888083 57.0283
19 2.59 0.908765 66.3057
20 2.73 0.995562 77.5973
21 2.87 1.05515 90.8233
22 3.01 1.0654 105.512
23 3.15 1.01904 120.899
24 3.29 0.977164 136.994
25 3.43 0.961733 154.212
26 3.57 0.976662 173.153
27 3.71 1.00588 194.22
28 3.85 1.02692 217.382
29 3.99 1.01604 241.995
30 4.13 1.00425 268.06
31 4.27 0.989368 295.508
32 4.41 0.985479 324.671
33 4.55 0.994448 355.997
34 4.69 1.00634 389.678
35 4.83 1.0104 425.545
36 4.97 1.0047 463.305
37 5.11 1.00185 503.11
38 5.25 0.992273 544.725
39 5.39 0.997894 588.836
40 5.53 0.998065 635.277
41 5.67 1.00335 684.357
42 5.81 1.00376 735.912
43 5.95 1.00245 789.911
44 6.09 1.00063 846.378
45 6.23 0.997165 905.266
46 6.37 0.997934 966.878
47 6.51 1.00114 1031.43
48 6.65 1.00136 1098.81
49 6.79 1.00172 1169.08
50 6.93 1.00179 1242.28
39000 50
1 0.07 0 0
2 0.21 0 0
3 0.35 0 0
4 0.49 0 0
5 0.63 0 0
6 0.77 0 0
7 0.91 0.400395 0.505469
8 1.05 2.34956 4.45254
9 1.19 1.61303 7.93193
10 1.33 0.902053 10.3619
11 1.47 0.683096 12.6095
12 1.61 0.694872 15.3517
13 1.75 0.875509 19.4333
14 1.89 1.10299 25.4307
15 2.03 1.21813 33.0712
16 2.17 1.11421 41.0567
17 2.31 0.964025 48.8858
18 2.45 0.89083 57.0237
19 2.59 0.915117 66.3659
20 2.73 0.992428 77.622
21 2.87 1.05323 90.8239
22 3.01 1.06064 105.447
23 3.15 1.02367 120.904
24 3.29 0.97851 137.021
25 3.43 0.958301 154.177
26 3.57 0.979966 173.182
27 3.71 1.00765 194.287
28 3.85 1.02297 217.359
29 3.99 1.01907 242.046
30 4.13 1.00264 268.069
31 4.27 0.988234 295.486
32 4.41 0.985122 324.638
33 4.55 0.996364 356.025
34 4.69 1.00524 389.669
35 4.83 1.00988 425.517
36 4.97 1.00785 463.396
37 5.11 0.997082 503.012
38 5.25 0.995395 544.757
39 5.39 0.994269 588.708
40 5.53 1.00018 635.248
41 5.67 1.00394 684.357
42 5.81 1.00463 735.956
43 5.95 1.00266 789.966
44 6.09 0.998972 846.339
45 6.23 0.997531 905.249
46 6.37 0.998538 966.898
47 6.51 0.999819 1031.37
48 6.65 1.00251 1098.82
49 6.79 1.00148 1169.08
50 6.93 1.0029 1242.36
40000 50
1 0.07 0 0
2 0.21 0 0
3 0.35 0 0
4 0.49 0 0
5 0.63 0 0
6 0.77 0 0
7 0.91 0.394671 0.498242
8 1.05 2.36305 4.46797
9 1.19 1.60117 7.92178
10 1.33 0.91195 10.3784
11 1.47 0.682294 12.6233
12 1.61 0.694996 15.366
13 1.75 0.871675 19.4298
14 1.89 1.102 25.4218
15 2.03 1.2143 33.0383
16 2.17 1.11951 41.0618
17 2.31 0.967669 48.9205
18 2.45 0.889109 57.0427
19 2.59 0.911157 66.3444
20 2.73 0.992549 77.6019
21 2.87 1.05594 90.8378
22 3.01 1.06129 105.47
23 3.15 1.02455 120.94
24 3.29 0.976304 137.021
25 3.43 0.961007 154.225
26 3.57 0.977267 173.178
27 3.71 1.00575 194.243
28 3.85 1.02361 217.33
29 3.99 1.02027 242.046
30 4.13 1.00333 268.086
31 4.27 0.988129 295.501
32 4.41 0.984911 324.646
33 4.55 0.996786 356.046
34 4.69 1.00294 389.614
35 4.83 1.01298 425.571
36 4.97 1.00547 463.362
37 5.11 0.999491 503.073
38 5.25 0.995253 544.812
39 5.39 0.99424 588.762
40 5.53 0.998088 635.204
41 5.67 1.00396 684.314
42 5.81 1.00547 735.957
43 5.95 1.00322 789.997
44 6.09 0.999171 846.382
45 6.23 0.995688 905.183
46 6.37 1.00005 966.925
47 6.51 0.99915 1031.35
48 6.65 1.00171 1098.75
49 6.79 1.00392 1169.18
50 6.93 0.99963 1242.22
41000 50
1 0.07 0 0
2 0.21 0 0
3 0.35 0 0
4 0.49 0 0
5 0.63 0 0
6 0.77 0 0
7 0.91 0.395831 0.499707
8 1.05 2.35375 4.45381
9 1.19 1.60814 7.92266
10 1.33 0.904953 10.3604
11 1.47 0.685945 12.6174
12 1.61 0.703855 15.395
13 1.75 0.871738 19.4591
14 1.89 1.09642 25.4207
15 2.03 1.21554 33.045
16 2.17 1.12333 41.0959
17 2.31 0.959889 48.8914
18 2.45 0.889953 57.0213
19 2.59 0.920416 66.4176
20 2.73 0.986444 77.6058
21 2.87 1.05445 90.823
22 3.01 1.06082 105.449
23 3.15 1.02449 120.918
24 3.29 0.978237 137.031
25 3.43 0.960423 154.225
26 3.57 0.976557 173.164
27 3.71 1.00838 194.283
28 3.85 1.02394 217.378
29 3.99 1.01578 241.985
30 4.13 1.0029 268.014
31 4.27 0.98954 295.468
32 4.41 0.989432 324.747
33 4.55 0.993453 356.042
34 4.69 1.00511 389.682
35 4.83 1.00989 425.531
36 4.97 1.00517 463.309
37 5.11 0.999105 503.005
38 5.25 0.997517 544.839
39 5.39 0.994328 588.793
40 5.53 1.00101 635.371
41 5.67 1.00231 684.401
42 5.81 1.00287 735.91
43 5.95 1.00109 789.836
44 6.09 1.00124 846.337
45 6.23 0.997443 905.242
46 6.37 0.999873 966.973
47 6.51 1.0006 1031.5
48 6.65 1.00192 1098.91
49 6.79 0.999997 1169.06
50 6.93 1.0008 1242.19
42000 50
1 0.07 0 0
2 0.21 0 0
3 0.35 0 0
4 0.49 0 0
5 0.63 0 0
6 0.77 0 0
7 0.91 0.398384 0.50293
8 1.05 2.35741 4.46318
9 1.19 1.6033 7.92158
10 1.33 0.908759 10.3696
11 1.47 0.677189 12.5978
12 1.61 0.702494 15.37
13 1.75 0.878001 19.4633
14 1.89 1.09442 25.4141
15 2.03 1.21307 33.0229
16 2.17 1.12032 41.0521
17 2.31 0.96524 48.8911
18 2.45 0.889633 57.0181
19 2.59 0.917901 66.3887
20 2.73 0.988286 77.5978
21 2.87 1.05743 90.8523
22 3.01 1.06103 105.481
23 3.15 1.01834 120.857
24 3.29 0.979708 136.994
25 3.43 0.962834 154.232
26 3.57 0.975937 173.158
27 3.71 1.00902 194.292
28 3.85 1.02257 217.356
29 3.99 1.01604 241.969
30 4.13 1.00424 268.033
31 4.27 0.989526 295.486
32 4.41 0.987756 324.716
33 4.55 0.993506 356.012
34 4.69 1.00748 389.732
35 4.83 1.00883 425.542
36 4.97 1.00578 463.344
37 5.11 0.997522 502.977
38 5.25 0.996837 544.783
39 5.39 0.995581 588.792
40 5.53 0.999895 635.318
41 5.67 1.00324 684.393
42 5.81 1.0041 735.965
43 5.95 1.00082 789.876
44 6.09 0.999815 846.297
45 6.23 0.99844 905.26
46 6.37 1.0005 967.031
47 6.51 0.998316 1031.41
48 6.65 1.00343 1098.92
49 6.79 1.00155 1169.18
50 6.93 0.999701 1242.23
43000 50
1 0.07 0 0
2 0.21 0 0
3 0.35 0 0
4 0.49 0 0
5 0.63 0 0
6 0.77 0 0
7 0.91 0.39939 0.504199
8 1.05 2.36415 4.47578
9 1.19 1.59076 7.90713
10 1.33 0.909303 10.3566
11 1.47 0.683838 12.6066
12 1.61 0.69215 15.3381
13 1.75 0.880117 19.4412
14 1.89 1.10662 25.4583
15 2.03 1.2154 33.0817
16 2.17 1.11053 41.0409
17 2.31 0.960321 48.8399
18 2.45 0.894069 57.0074
19 2.59 0.916753 66.3663
20 2.73 0.992264 77.6205
21 2.87 1.06024 90.9104
22 3.01 1.0554 105.461
23 3.15 1.01839 120.838
24 3.29 0.97848 136.955
25 3.43 0.964144 154.216
26 3.57 0.978888 173.2
27 3.71 1.00711 194.293
28 3.85 1.0241 217.391
29 3.99 1.01565 241.995
30 4.13 1.00227 268.008
31 4.27 0.987097 295.394
32 4.41 0.988234 324.638
33 4.55 0.998085 356.079
34 4.69 1.00657 389.768
35 4.83 1.00671 425.503
36 4.97 1.00556 463.296
37 5.11 0.996753 502.899
38 5.25 0.995978 544.669
39 5.39 0.996895 588.736
40 5.53 1.00128 635.326
41 5.67 1.00446 684.461
42 5.81 1.00392 736.024
43 5.95 0.998161 789.792
44 6.09 0.998569 846.142
45 6.23 0.999867 905.19
46 6.37 1.00156 967.026
47 6.51 1.00115 1031.58
48 6.65 1.00122 1098.95
49 6.79 0.999833 1169.09
50 6.93 1.00062 1242.21
44000 50
1 0.07 0 0
2 0.21 0 0
3 0.35 0 0
4 0.49 0 0
5 0.63 0 0
6 0.77 0 0
7 0.91 0.409137 0.516504
8 1.05 2.35375 4.47061
9 1.19 1.59003 7.90039
10 1.33 0.91369 10.3617
11 1.47 0.687281 12.623
12 1.61 0.697842 15.377
13 1.75 0.875718 19.4596
14 1.89 1.09618 25.4199
15 2.03 1.21132 33.0178
16 2.17 1.1198 41.0434
17 2.31 0.967789 48.903
18 2.45 0.892551 57.0566
19 2.59 0.915155 66.3992
20 2.73 0.990086 77.6287
21 2.87 1.05189 90.8139
22 3.01 1.06251 105.463
23 3.15 1.02043 120.871
24 3.29 0.97902 136.996
25 3.43 0.963135 154.239
26 3.57 0.977473 173.196
27 3.71 1.00527 194.25
28 3.85 1.02306 217.325
29 3.99 1.01989 242.032
30 4.13 1.00272 268.056
31 4.27 0.987499 295.453
32 4.41 0.989426 324.733
33 4.55 0.994225 356.052
34 4.69 1.00498 389.687
35 4.83 1.01005 425.541
36 4.97 1.006 463.351
37 5.11 0.998994 503.043
38 5.25 0.994946 544.769
39 5.39 0.994478 588.73
40 5.53 1.00355 635.426
41 5.67 1.00182 684.431
42 5.81 1.0027 735.931
43 5.95 1.00251 789.933
44 6.09 0.998043 846.254
45 6.23 0.998782 905.238
46 6.37 0.999477 966.945
47 6.51 1.00091 1031.49
48 6.65 1.00169 1098.89
49 6.79 1.0008 1169.09
50 6.93 1.0017 1242.29
45000 50
1 0.07 0 0
2 0.21 0 0
3 0.35 0 0
4 0.49 0 0
5 0.63 0 0
6 0.77 0 0
7 0.91 0.396528 0.500586
8 1.05 2.36473 4.47314
9 1.19 1.59655 7.91699
10 1.33 0.905895 10.3573
11 1.47 0.679712 12.5938
12 1.61 0.703781 15.3711
13 1.75 0.869455 19.4245
14 1.89 1.10468 25.4311
15 2.03 1.22006 33.0837
16 2.17 1.11468 41.0726
17 2.31 0.963063 48.8938
18 2.45 0.888425 57.0098
19 2.59 0.916054 66.3615
20 2.73 0.993039 77.6245
21 2.87 1.05282 90.8214
22 3.01 1.06503 105.505
23 3.15 1.02204 120.937
24 3.29 0.974988 136.997
25 3.43 0.961143 154.204
26 3.57 0.976315 173.138
27 3.71 1.00906 194.272
28 3.85 1.02362 217.359
29 3.99 1.02072 242.086
30 4.13 0.999385 268.024
31 4.27 0.988016 295.435
32 4.41 0.986654 324.633
33 4.55 0.99651 356.024
34 4.69 1.0067 389.717
35 4.83 1.01012 425.573
36 4.97 1.00609 463.387
37 5.11 0.996929 502.996
38 5.25 0.993391 544.658
39 5.39 0.998192 588.782
40 5.53 0.998911 635.262
41 5.67 1.00568 684.457
42 5.81 1.00318 735.982
43 5.95 1.00175 789.943
44 6.09 0.997776 846.249
45 6.23 0.99638 905.091
46 6.37 1.00167 966.934
47 6.51 1.0024 1031.57
48 6.65 1.00147 1098.96
49 6.79 1.00038 1169.13
50 6.93 1.00003 1242.21
46000 50
1 0.07 0 0
2 0.21 0 0
3 0.35 0 0
4 0.49 0 0
5 0.63 0 0
6 0.77 0 0
7 0.91 0.401246 0.506543
8 1.05 2.34985 4.4541
9 1.19 1.60384 7.91367
10 1.33 0.910717 10.367
11 1.47 0.680602 12.6063
12 1.61 0.704103 15.385
13 1.75 0.867423 19.4289
14 1.89 1.1011 25.416
15 2.03 1.21473 33.0353
16 2.17 1.11934 41.0575
17 2.31 0.967115 48.9117
18 2.45 0.888959 57.0325
19 2.59 0.911654 66.3394
20 2.73 0.992867 77.6004
21 2.87 1.05994 90.8865
22 3.01 1.0593 105.491
23 3.15 1.01922 120.881
24 3.29 0.976909 136.972
25 3.43 0.964913 154.246
26 3.57 0.975932 173.173
27 3.71 1.00511 194.224
28 3.85 1.02627 217.372
29 3.99 1.01879 242.051
30 4.13 1.00125 268.038
31 4.27 0.98821 295.455
32 4.41 0.988647 324.711
33 4.55 0.994873 356.05
34 4.69 1.00489 389.683
35 4.83 1.00928 425.51
36 4.97 1.00691 463.354
37 5.11 0.999626 503.07
38 5.25 0.994664 544.785
39 5.39 0.995115 588.774
40 5.53 1.00016 635.312
41 5.67 1.00145 684.3
42 5.81 1.00506 735.921
43 5.95 1.00428 790.018
44 6.09 0.998597 846.371
45 6.23 0.99713 905.257
46 6.37 0.999031 966.936
47 6.51 1.00107 1031.49
48 6.65 1.00074 1098.82
49 6.79 1.00195 1169.11
50 6.93 1.00179 1242.31
47000 50
1 0.07 0 0
2 0.21 0 0
3 0.35 0 0
4 0.49 0 0
5 0.63 0 0
6 0.77 0 0
7 0.91 0.410993 0.518848
8 1.05 2.34834 4.46387
9 1.19 1.60488 7.92568
10 1.33 0.905279 10.3644
11 1.47 0.679801 12.6011
12 1.61 0.702742 15.3743
13 1.75 0.872639 19.4426
14 1.89 1.09916 25.4191
15 2.03 1.21598 33.0462
16 2.17 1.11853 41.0627
17 2.31 0.967897 48.9232
18 2.45 0.884459 57.0029
19 2.59 0.917709 66.3716
20 2.73 0.99192 77.6219
21 2.87 1.0536 90.8285
22 3.01 1.06188 105.469
23 3.15 1.02127 120.889
24 3.29 0.976998 136.982
25 3.43 0.961547 154.196
26 3.57 0.977956 173.162
27 3.71 1.0094 194.303
28 3.85 1.01925 217.292
29 3.99 1.02146 242.037
30 4.13 1.00185 268.039
31 4.27 0.987893 295.446
32 4.41 0.98801 324.684
33 4.55 0.994024 355.997
34 4.69 1.00604 389.668
35 4.83 1.00968 425.509
36 4.97 1.00703 463.357
37 5.11 0.99879 503.041
38 5.25 0.99343 544.704
39 5.39 0.997041 588.777
40 5.53 0.999524 635.286
41 5.67 1.00408 684.402
42 5.81 1.00338 735.937
43 5.95 1.00242 789.935
44 6.09 0.998835 846.3
45 6.23 0.998237 905.252
46 6.37 0.998802 966.917
47 6.51 1.00073 1031.45
48 6.65 1.00253 1098.9
49 6.79 1.00103 1169.12
50 6.93 1.00129 1242.29
48000 50
1 0.07 0 0
2 0.21 0 0
3 0.35 0 0
4 0.49 0 0
5 0.63 0 0
6 0.77 0 0
7 0.91 0.398771 0.503418
8 1.05 2.35473 4.45918
9 1.19 1.59718 7.90439
10 1.33 0.909303 10.3539
11 1.47 0.690041 12.6243
12 1.61 0.701183 15.3914
13 1.75 0.86912 19.4433
14 1.89 1.09462 25.3951
15 2.03 1.21839 33.0373
16 2.17 1.11695 41.0425
17 2.31 0.965576 48.8842
18 2.45 0.892925 57.0412
19 2.59 0.91813 66.4142
20 2.73 0.988106 77.6212
21 2.87 1.05347 90.8262
22 3.01 1.05804 105.414
23 3.15 1.02393 120.874
24 3.29 0.981374 137.039
25 3.43 0.961744 154.256
26 3.57 0.978042 173.224
27 3.71 1.00538 194.281
28 3.85 1.01831 217.249
29 3.99 1.02123 241.988
30 4.13 1.0029 268.017
31 4.27 0.991036 295.512
32 4.41 0.986535 324.706
33 4.55 0.994157 356.023
34 4.69 1.00563 389.68
35 4.83 1.0074 425.44
36 4.97 1.0079 463.321
37 5.11 1.00023 503.062
38 5.25 0.993214 544.716
39 5.39 0.99716 588.795
40 5.53 1.00096 635.37
41 5.67 1.00291 684.429
42 5.81 1.00335 735.963
43 5.95 0.999773 789.818
44 6.09 0.999019 846.194
45 6.23 1.00039 905.273
46 6.37 0.999933 967.008
47 6.51 0.999772 1031.48
48 6.65 1.00246 1098.93
49 6.79 0.99976 1169.06
50 6.93 1.00102 1242.21
49000 50
1 0.07 0 0
2 0.21 0 0
3 0.35 0 0
4 0.49 0 0
5 0.63 0 0
6 0.77 0 0
7 0.91 0.40465 0.51084
8 1.05 2.35363 4.46475
9 1.19 1.60551 7.92793
10 1.33 0.905859 10.3682
11 1.47 0.683392 12.6167
12 1.61 0.694526 15.3575
13 1.75 0.879845 19.4594
14 1.89 1.09667 25.4224
15 2.03 1.21744 33.0586
16 2.17 1.11848 41.0747
17 2.31 0.96174 48.8853
18 2.45 0.889387 57.01
19 2.59 0.91704 66.3718
20 2.73 0.994193 77.6479
21 2.87 1.05323 90.8498
22 3.01 1.06168 105.487
23 3.15 1.02251 120.927
24 3.29 0.973198 136.956
25 3.43 0.963511 154.206
26 3.57 0.97849 173.182
27 3.71 1.00896 194.314
28 3.85 1.02235 217.373
29 3.99 1.01832 242.041
30 4.13 1.00183 268.043
31 4.27 0.987309 295.435
32 4.41 0.987733 324.664
33 4.55 0.996646 356.059
34 4.69 1.00602 389.73
35 4.83 1.00826 425.52
36 4.97 1.00865 463.43
37 5.11 0.996128 503.008
38 5.25 0.994182 544.702
39 5.39 0.99686 588.768
40 5.53 1.00084 635.337
41 5.67 1.00379 684.439
42 5.81 1.00293 735.952
43 5.95 1.001 789.873
44 6.09 0.999389 846.269
45 6.23 0.999693 905.307
46 6.37 1.00008 967.052
47 6.51 0.99738 1031.37
48 6.65 1.0036 1098.89
49 6.79 1.00046 1169.08
50 6.93 1.00084 1242.21
50000 50
1 0.07 0 0
2 0.21 0 0
3 0.35 0 0
4 0.49 0 0
5 0.63 0 0
6 0.77 0 0
7 0.91 0.395445 0.499219
8 1.05 2.35462 4.45479
9 1.19 1.61135 7.93057
10 1.33 0.910246 10.3826
11 1.47 0.687755 12.6455
12 1.61 0.687473 15.3585
13 1.75 0.872178 19.4246
14 1.89 1.10092 25.4107
15 2.03 1.21598 33.0378
16 2.17 1.12161 41.0764
17 2.31 0.962245 48.891
18 2.45 0.898527 57.0992
19 2.59 0.908038 66.3691
20 2.73 0.984636 77.5368
21 2.87 1.06156 90.8433
22 3.01 1.06133 105.476
23 3.15 1.02405 120.939
24 3.29 0.97701 137.031
25 3.43 0.961902 154.252
26 3.57 0.974301 173.147
27 3.71 1.00549 194.206
28 3.85 1.02456 217.315
29 3.99 1.02391 242.119
30 4.13 1.00278 268.145
31 4.27 0.987675 295.546
32 4.41 0.984149 324.67
33 4.55 0.99177 355.911
34 4.69 1.00629 389.591
35 4.83 1.01404 425.587
36 4.97 1.00871 463.498
37 5.11 0.996942 503.108
38 5.25 0.993796 544.787
39 5.39 0.99357 588.707
40 5.53 0.999994 635.237
41 5.67 1.0058 684.438
42 5.81 1.00585 736.1
43 5.95 1.00051 789.994
44 6.09 0.997202 846.268
45 6.23 0.997648 905.184
46 6.37 1.00024 966.939
47 6.51 1.00028 1031.44
48 6.65 1.00198 1098.86
49 6.79 1.00346 1169.25
50 6.93 1.00085 1242.39
51000 50
1 0.07 0 0
2 0.21 0 0
3 0.35 0 0
4 0.49 0 0
5 0.63 0 0
6 0.77 0 0
7 0.91 0.39676 0.500879
8 1.05 2.34944 4.44775
9 1.19 1.61448 7.93027
10 1.33 0.909557 10.3805
11 1.47 0.679771 12.6171
12 1.61 0.695664 15.3624
13 1.75 0.875027 19.4418
14 1.89 1.09528 25.3973
15 2.03 1.2206 33.0533
16 2.17 1.11815 41.0671
17 2.31 0.964157 48.8973
18 2.45 0.887687 57.0064
19 2.59 0.915796 66.3556
20 2.73 0.992669 77.6144
21 2.87 1.05349 90.8196
22 3.01 1.0635 105.482
23 3.15 1.02297 120.929
24 3.29 0.974229 136.975
25 3.43 0.961427 154.187
26 3.57 0.981164 173.216
27 3.71 1.00866 194.341
28 3.85 1.01934 217.332
29 3.99 1.02085 242.062
30 4.13 1.00106 268.043
31 4.27 0.991258 295.544
32 4.41 0.98372 324.655
33 4.55 0.996473 356.045
34 4.69 1.00603 389.716
35 4.83 1.00952 425.551
36 4.97 1.00678 463.39
37 5.11 0.997465 503.021
38 5.25 0.99584 544.785
39 5.39 0.994998 588.769
40 5.53 0.999971 635.298
41 5.67 1.00361 684.391
42 5.81 1.00441 735.979
43 5.95 1.00382 790.052
44 6.09 0.998605 846.405
45 6.23 0.994824 905.155
46 6.37 0.998598 966.808
47 6.51 1.0017 1031.4
48 6.65 1.00324 1098.9
49 6.79 1.00365 1169.31
50 6.93 0.999969 1242.38
52000 50
1 0.07 0 0
2 0.21 0 0
3 0.35 0 0
4 0.49 0 0
5 0.63 0 0
6 0.77 0 0
7 0.91 0.40202 0.50752
8 1.05 2.35392 4.46191
9 1.19 1.60515 7.92432
10 1.33 0.909086 10.3732
11 1.47 0.6836 12.6225
12 1.61 0.687028 15.3337
13 1.75 0.878127 19.4275
14 1.89 1.10775 25.4508
15 2.03 1.21433 33.0675
16 2.17 1.11825 41.0819
17 2.31 0.960983 48.8863
18 2.45 0.888243 57.0006
19 2.59 0.917308 66.3651
20 2.73 0.992996 77.6276
21 2.87 1.05475 90.8487
22 3.01 1.0634 105.51
23 3.15 1.01945 120.903
24 3.29 0.97468 136.957
25 3.43 0.960456 154.152
26 3.57 0.982327 173.203
27 3.71 1.00509 194.254
28 3.85 1.02559 217.386
29 3.99 1.01783 242.042
30 4.13 0.999656 267.987
31 4.27 0.990642 295.471
32 4.41 0.986489 324.664
33 4.55 0.994857 356.003
34 4.69 1.00574 389.664
35 4.83 1.01131 425.563
36 4.97 1.00493 463.332
37 5.11 0.99893 503.021
38 5.25 0.995787 544.783
39 5.39 0.996049 588.813
40 5.53 0.997849 635.244
41 5.67 1.00446 684.378
42 5.81 1.00474 735.984
43 5.95 1.001 789.904
44 6.09 1.00019 846.346
45 6.23 0.998008 905.284
46 6.37 0.998074 966.905
47 6.51 0.999252 1031.34
48 6.65 1.00198 1098.76
49 6.79 1.00466 1169.24
50 6.93 1.00115 1242.39
53000 50
1 0.07 0 0
2 0.21 0 0
3 0.35 0 0
4 0.49 0 0
5 0.63 0 0
6 0.77 0 0
7 0.91 0.399544 0.504395
8 1.05 2.35537 4.46123
9 1.19 1.59827 7.90879
10 1.33 0.910064 10.3604
11 1.47 0.687459 12.6223
12 1.61 0.696209 15.3697
13 1.75 0.872513 19.4374
14 1.89 1.0997 25.4169
15 2.03 1.21405 33.0318
16 2.17 1.11969 41.0566
17 2.31 0.965444 48.8973
18 2.45 0.892701 57.0522
19 2.59 0.91351 66.378
20 2.73 0.988734 77.5922
21 2.87 1.0556 90.8239
22 3.01 1.06066 105.447
23 3.15 1.02116 120.866
24 3.29 0.97947 136.999
25 3.43 0.9623 154.227
26 3.57 0.978082 173.196
27 3.71 1.00554 194.256
28 3.85 1.02338 217.338
29 3.99 1.01908 242.025
30 4.13 1.00008 267.981
31 4.27 0.991089 295.477
32 4.41 0.988353 324.725
33 4.55 0.992043 355.975
34 4.69 1.00774 389.704
35 4.83 1.00857 425.505
36 4.97 1.00431 463.251
37 5.11 1.00061 503.007
38 5.25 0.996807 544.812
39 5.39 0.993641 588.735
40 5.53 0.99869 635.205
41 5.67 1.00538 684.385
42 5.81 1.00365 735.934
43 5.95 1.00192 789.904
44 6.09 1.00157 846.424
45 6.23 0.997459 905.33
46 6.37 0.996727 966.867
47 6.51 1.00037 1031.37
48 6.65 1.00334 1098.89
49 6.79 1.0009 1169.1
50 6.93 1.00136 1242.27
54000 50
1 0.07 0 0
2 0.21 0 0
3 0.35 0 0
4 0.49 0 0
5 0.63 0 0
6 0.77 0 0
7 0.91 0.398539 0.503125
8 1.05 2.34526 4.44297
9 1.19 1.61317 7.92266
10 1.33 0.906004 10.3633
11 1.47 0.687548 12.6255
12 1.61 0.695491 15.3701
13 1.75 0.874377 19.4465
14 1.89 1.09595 25.4056
15 2.03 1.21722 33.0404
16 2.17 1.11939 41.0631
17 2.31 0.968751 48.9306
18 2.45 0.889985 57.0607
19 2.59 0.911998 66.3711
20 2.73 0.98808 77.5778
21 2.87 1.0553 90.8058
22 3.01 1.06225 105.451
23 3.15 1.02375 120.909
24 3.29 0.976755 136.998
25 3.43 0.962491 154.229
26 3.57 0.977 173.176
27 3.71 1.0037 194.198
28 3.85 1.02531 217.324
29 3.99 1.02034 242.041
30 4.13 1.00211 268.05
31 4.27 0.989308 295.497
32 4.41 0.987779 324.727
33 4.55 0.992725 355.999
34 4.69 1.00454 389.62
35 4.83 1.01065 425.495
36 4.97 1.00741 463.358
37 5.11 0.997306 502.983
38 5.25 0.997964 544.836
39 5.39 0.995093 588.823
40 5.53 0.999626 635.337
41 5.67 1.00285 684.393
42 5.81 1.00272 735.894
43 5.95 1.00382 789.967
44 6.09 0.997674 846.267
45 6.23 0.999161 905.273
46 6.37 0.998308 966.908
47 6.51 1.00145 1031.48
48 6.65 1.0021 1098.91
49 6.79 1.00109 1169.14
50 6.93 1.00024 1242.23
55000 50
1 0.07 0 0
2 0.21 0 0
3 0.35 0 0
4 0.49 0 0
5 0.63 0 0
6 0.77 0 0
7 0.91 0.393975 0.497363
8 1.05 2.35834 4.45918
9 1.19 1.61212 7.93662
10 1.33 0.896688 10.3521
11 1.47 0.685262 12.6068
12 1.61 0.69804 15.3615
13 1.75 0.88261 19.4763
14 1.89 1.0936 25.4226
15 2.03 1.21557 33.0471
16 2.17 1.12004 41.0744
17 2.31 0.95984 48.8695
18 2.45 0.894828 57.0439
19 2.59 0.913701 66.3717
20 2.73 0.992953 77.6337
21 2.87 1.0505 90.8015
22 3.01 1.06276 105.454
23 3.15 1.02161 120.88
24 3.29 0.980775 137.034
25 3.43 0.959938 154.22
26 3.57 0.977931 173.185
27 3.71 1.00529 194.24
28 3.85 1.02466 217.351
29 3.99 1.02093 242.083
30 4.13 1.00006 268.039
31 4.27 0.988157 295.454
32 4.41 0.988383 324.702
33 4.55 0.996659 356.098
34 4.69 1.00384 389.696
35 4.83 1.01068 425.571
36 4.97 1.00424 463.315
37 5.11 0.998559 502.99
38 5.25 0.994622 544.702
39 5.39 0.998075 588.822
40 5.53 1.00095 635.397
41 5.67 1.00145 684.385
42 5.81 1.0038 735.942
43 5.95 1.00244 789.94
44 6.09 0.997435 846.227
45 6.23 1.00048 905.311
46 6.37 0.998003 966.927
47 6.51 1.00159 1031.51
48 6.65 1.00133 1098.89
49 6.79 1.00133 1169.13
50 6.93 0.999527 1242.17
56000 50
1 0.07 0 0
2 0.21 0 0
3 0.35 0 0
4 0.49 0 0
5 0.63 0 0
6 0.77 0 0
7 0.91 0.408131 0.515234
8 1.05 2.33578 4.43916
9 1.19 1.61801 7.9293
10 1.33 0.911369 10.3844
11 1.47 0.684045 12.6351
12 1.61 0.693289 15.371
13 1.75 0.872597 19.4391
14 1.89 1.09685 25.403
15 2.03 1.21453 33.021
16 2.17 1.12487 41.0829
17 2.31 0.967332 48.9389
18 2.45 0.889643 57.0659
19 2.59 0.910975 66.3658
20 2.73 0.991421 77.6104
21 2.87 1.05326 90.8128
22 3.01 1.06156 105.449
23 3.15 1.02374 120.907
24 3.29 0.982091 137.083
25 3.43 0.959938 154.268
26 3.57 0.972997 173.138
27 3.71 1.00551 194.198
28 3.85 1.02742 217.371
29 3.99 1.01612 241.986
30 4.13 1.00457 268.059
31 4.27 0.987231 295.448
32 4.41 0.987891 324.682
33 4.55 0.993807 355.988
34 4.69 1.00602 389.659
35 4.83 1.01066 425.534
36 4.97 1.00631 463.356
37 5.11 0.99779 503
38 5.25 0.99526 544.739
39 5.39 0.997129 588.817
40 5.53 0.998344 635.271
41 5.67 1.00498 684.431
42 5.81 1.00222 735.907
43 5.95 1.00284 789.926
44 6.09 0.99779 846.233
45 6.23 0.998192 905.182
46 6.37 0.999354 966.881
47 6.51 1.00103 1031.43
48 6.65 1.00232 1098.87
49 6.79 1.00098 1169.09
50 6.93 1.0009 1242.23
57000 50
1 0.07 0 0
2 0.21 0 0
3 0.35 0 0
4 0.49 0 0
5 0.63 0 0
6 0.77 0 0
7 0.91 0.396992 0.501172
8 1.05 2.36688 4.47734
9 1.19 1.5913 7.90986
10 1.33 0.907128 10.3535
11 1.47 0.690367 12.625
12 1.61 0.695417 15.3693
13 1.75 0.870335 19.4269
14 1.89 1.10259 25.4221
15 2.03 1.211 33.0179
16 2.17 1.12571 41.0858
17 2.31 0.964073 48.9153
18 2.45 0.885378 57.0034
19 2.59 0.915413 66.3486
20 2.73 0.994047 77.623
21 2.87 1.0541 90.8359
22 3.01 1.06106 105.465
23 3.15 1.02158 120.89
24 3.29 0.979571 137.025
25 3.43 0.960025 154.212
26 3.57 0.977962 173.178
27 3.71 1.00572 194.242
28 3.85 1.0243 217.345
29 3.99 1.01772 241.999
30 4.13 1.00432 268.066
31 4.27 0.987122 295.452
32 4.41 0.988396 324.701
33 4.55 0.994163 356.018
34 4.69 1.00484 389.649
35 4.83 1.01006 425.503
36 4.97 1.00678 463.342
37 5.11 0.998903 503.03
38 5.25 0.994606 544.743
39 5.39 0.996398 588.788
40 5.53 1.00132 635.38
41 5.67 1.00023 684.308
42 5.81 1.00405 735.878
43 5.95 1.00228 789.868
44 6.09 1.0006 846.333
45 6.23 0.997421 905.236
46 6.37 1.00025 966.991
47 6.51 0.999188 1031.42
48 6.65 1.00163 1098.82
49 6.79 1.00247 1169.14
50 6.93 1.00095 1242.28
58000 50
1 0.07 0 0
2 0.21 0 0
3 0.35 0 0
4 0.49 0 0
5 0.63 0 0
6 0.77 0 0
7 0.91 0.39645 0.500488
8 1.05 2.35183 4.45137
9 1.19 1.60714 7.91807
10 1.33 0.909774 10.3688
11 1.47 0.681166 12.6101
12 1.61 0.703509 15.3863
13 1.75 0.869916 19.4419
14 1.89 1.0953 25.3975
15 2.03 1.22066 33.0539
16 2.17 1.11808 41.0672
17 2.31 0.969496 48.9407
18 2.45 0.888115 57.0538
19 2.59 0.911501 66.3591
20 2.73 0.988949 77.5757
21 2.87 1.05413 90.789
22 3.01 1.06258 105.439
23 3.15 1.02475 120.912
24 3.29 0.97918 137.04
25 3.43 0.960816 154.241
26 3.57 0.974492 173.14
27 3.71 1.00712 194.234
28 3.85 1.02519 217.357
29 3.99 1.02068 242.082
30 4.13 1.00127 268.069
31 4.27 0.989414 295.519
32 4.41 0.985202 324.674
33 4.55 0.994383 355.998
34 4.69 1.00528 389.643
35 4.83 1.01028 425.505
36 4.97 1.00764 463.377
37 5.11 0.999636 503.094
38 5.25 0.994795 544.814
39 5.39 0.993347 588.724
40 5.53 1.00019 635.264
41 5.67 1.0023 684.293
42 5.81 1.00516 735.92
43 5.95 1.00269 789.932
44 6.09 1.00115 846.428
45 6.23 0.997547 905.339
46 6.37 0.997684 966.935
47 6.51 0.998676 1031.33
48 6.65 1.00375 1098.87
49 6.79 1.00088 1169.08
50 6.93 1.00374 1242.43
59000 50
1 0.07 0 0
2 0.21 0 0
3 0.35 0 0
4 0.49 0 0
5 0.63 0 0
6 0.77 0 0
7 0.91 0.403412 0.509277
8 1.05 2.34357 4.44629
9 1.19 1.61661 7.9334
10 1.33 0.906077 10.3742
11 1.47 0.676774 12.601
12 1.61 0.699376 15.3609
13 1.75 0.875865 19.4442
14 1.89 1.10206 25.4365
15 2.03 1.21093 33.0319
16 2.17 1.12094 41.0657
17 2.31 0.967055 48.9194
18 2.45 0.890167 57.0513
19 2.59 0.911606 66.3576
20 2.73 0.990448 77.5912
21 2.87 1.05644 90.8335
22 3.01 1.06359 105.497
23 3.15 1.02365 120.954
24 3.29 0.97596 137.029
25 3.43 0.960707 154.228
26 3.57 0.976013 173.157
27 3.71 1.00767 194.262
28 3.85 1.02277 217.33
29 3.99 1.01985 242.035
30 4.13 1.00405 268.095
31 4.27 0.98966 295.551
32 4.41 0.985099 324.703
33 4.55 0.991646 355.941
34 4.69 1.00689 389.641
35 4.83 1.01144 425.544
36 4.97 1.00722 463.4
37 5.11 1.00044 503.149
38 5.25 0.993081 544.797
39 5.39 0.99363 588.72
40 5.53 0.998972 635.203
41 5.67 1.0036 684.295
42 5.81 1.0064 735.986
43 5.95 1.00447 790.093
44 6.09 0.997153 846.364
45 6.23 0.997461 905.269
46 6.37 0.997149 966.833
47 6.51 1.00179 1031.43
48 6.65 1.00183 1098.84
49 6.79 1.00274 1169.18
50 6.93 1.00045 1242.29
60000 50
1 0.07 0 0
2 0.21 0 0
3 0.35 0 0
4 0.49 0 0
5 0.63 0 0
6 0.77 0 0
7 0.91 0.406197 0.512793
8 1.05 2.34968 4.46006
9 1.19 1.60778 7.92812
10 1.33 0.911587 10.3838
11 1.47 0.680454 12.6227
12 1.61 0.694105 15.3618
13 1.75 0.87002 19.4179
14 1.89 1.10689 25.4364
15 2.03 1.21341 33.0474
16 2.17 1.11857 41.0642
17 2.31 0.965288 48.9035
18 2.45 0.890402 57.0375
19 2.59 0.90976 66.325
20 2.73 0.992902 77.5864
21 2.87 1.05456 90.8051
22 3.01 1.06694 105.515
23 3.15 1.01975 120.913
24 3.29 0.974976 136.972
25 3.43 0.961842 154.191
26 3.57 0.978314 173.164
27 3.71 1.00845 194.285
28 3.85 1.02352 217.371
29 3.99 1.02024 242.085
30 4.13 1.00079 268.06
31 4.27 0.984806 295.382
32 4.41 0.987835 324.615
33 4.55 0.998943 356.082
34 4.69 1.00659 389.772
35 4.83 1.00861 425.575
36 4.97 1.00404 463.311
37 5.11 0.997465 502.942
38 5.25 0.997202 544.763
39 5.39 0.994238 588.713
40 5.53 1.00221 635.346
41 5.67 1.00434 684.475
42 5.81 1.00382 736.033
43 5.95 0.998698 789.829
44 6.09 0.998929 846.2
45 6.23 0.999212 905.209
46 6.37 0.999946 966.946
47 6.51 1.00098 1031.49
48 6.65 1.00196 1098.91
49 6.79 1.00163 1169.17
50 6.93 0.998649 1242.15
61000 50
1 0.07 0 0
2 0.21 0 0
3 0.35 0 0
4 0.49 0 0
5 0.63 0 0
6 0.77 0 0
7 0.91 0.391345 0.494043
8 1.05 2.36398 4.46533
9 1.19 1.59795 7.91221
10 1.33 0.913146 10.3721
11 1.47 0.678911 12.6059
12 1.61 0.698832 15.3637
13 1.75 0.870565 19.4223
14 1.89 1.10353 25.4226
15 2.03 1.21422 33.0386
16 2.17 1.12446 41.0976
17 2.31 0.964999 48.9346
18 2.45 0.884063 57.0106
19 2.59 0.90999 66.3005
20 2.73 0.995295 77.5891
21 2.87 1.05889 90.862
22 3.01 1.0593 105.467
23 3.15 1.0236 120.923
24 3.29 0.978836 137.045
25 3.43 0.958602 154.207
26 3.57 0.975222 173.12
27 3.71 1.00695 194.21
28 3.85 1.02434 217.313
29 3.99 1.02073 242.04
30 4.13 1.00124 268.027
31 4.27 0.989576 295.481
32 4.41 0.985466 324.643
33 4.55 0.995707 356.009
34 4.69 1.00363 389.6
35 4.83 1.01181 425.516
36 4.97 1.00708 463.366
37 5.11 0.998279 503.029
38 5.25 0.994781 544.749
39 5.39 0.997445 588.841
40 5.53 0.997889 635.273
41 5.67 1.00176 684.276
42 5.81 1.0068 735.987
43 5.95 1.00215 789.969
44 6.09 0.997882 846.281
45 6.23 1.00035 905.358
46 6.37 0.997295 966.93
47 6.51 1.00052 1031.45
48 6.65 1.00063 1098.77
49 6.79 1.00297 1169.13
50 6.93 1.00149 1242.31
62000 50
1 0.07 0 0
2 0.21 0 0
3 0.35 0 0
4 0.49 0 0
5 0.63 0 0
6 0.77 0 0
7 0.91 0.403799 0.509766
8 1.05 2.35055 4.4585
9 1.19 1.61348 7.93887
10 1.33 0.902597 10.3703
11 1.47 0.681819 12.6137
12 1.61 0.694947 15.3562
13 1.75 0.876305 19.4415
14 1.89 1.10004 25.4229
15 2.03 1.2197 33.0732
16 2.17 1.11848 41.0894
17 2.31 0.95972 48.8835
18 2.45 0.891343 57.0261
19 2.59 0.913548 66.3522
20 2.73 0.989759 77.578
21 2.87 1.05583 90.8126
22 3.01 1.06624 105.513
23 3.15 1.02078 120.926
24 3.29 0.975119 136.988
25 3.43 0.962131 154.212
26 3.57 0.978732 173.193
27 3.71 1.0036 194.213
28 3.85 1.02582 217.35
29 3.99 1.0204 242.069
30 4.13 1.00322 268.107
31 4.27 0.987193 295.495
32 4.41 0.984149 324.618
33 4.55 0.995409 355.975
34 4.69 1.00688 389.674
35 4.83 1.01158 425.582
36 4.97 1.00554 463.374
37 5.11 1.00013 503.111
38 5.25 0.992913 544.752
39 5.39 0.994264 588.703
40 5.53 1.00075 635.269
41 5.67 1.00212 684.289
42 5.81 1.00598 735.958
43 5.95 1.003 789.986
44 6.09 0.998297 846.322
45 6.23 0.996644 905.179
46 6.37 0.998957 966.854
47 6.51 1.00075 1031.39
48 6.65 1.00277 1098.86
49 6.79 1.00149 1169.11
50 6.93 1.00162 1242.3
63000 50
1 0.07 0 0
2 0.21 0 0
3 0.35 0 0
4 0.49 0 0
5 0.63 0 0
6 0.77 0 0
7 0.91 0.402561 0.508203
8 1.05 2.34427 4.44639
9 1.19 1.61018 7.91963
10 1.33 0.907092 10.3632
11 1.47 0.685203 12.6177
12 1.61 0.702742 15.3909
13 1.75 0.869203 19.4432
14 1.89 1.1008 25.4286
15 2.03 1.21403 33.0435
16 2.17 1.11993 41.07
17 2.31 0.965769 48.9133
18 2.45 0.890883 57.0517
19 2.59 0.911912 66.3611
20 2.73 0.990973 77.6007
21 2.87 1.05694 90.8492
22 3.01 1.05696 105.422
23 3.15 1.02538 120.904
24 3.29 0.980342 137.052
25 3.43 0.959583 154.231
26 3.57 0.978898 173.215
27 3.71 1.00707 194.308
28 3.85 1.02199 217.358
29 3.99 1.01949 242.055
30 4.13 1.00007 268.011
31 4.27 0.989917 295.475
32 4.41 0.986581 324.67
33 4.55 0.999539 356.157
34 4.69 1.00454 389.778
35 4.83 1.00978 425.622
36 4.97 1.00226 463.291
37 5.11 0.998505 502.964
38 5.25 0.995551 544.715
39 5.39 0.997112 588.792
40 5.53 1.00345 635.483
41 5.67 1.00372 684.582
42 5.81 1.00002 735.945
43 5.95 0.998986 789.757
44 6.09 0.999533 846.162
45 6.23 1.00087 905.269
46 6.37 0.999534 966.979
47 6.51 1.00148 1031.56
48 6.65 1.0011 1098.92
49 6.79 1.00036 1169.09
50 6.93 0.999519 1242.13
64000 50
1 0.07 0 0
2 0.21 0 0
3 0.35 0 0
4 0.49 0 0
5 0.63 0 0
6 0.77 0 0
7 0.91 0.399235 0.504004
8 1.05 2.35043 4.45254
9 1.19 1.60425 7.91299
10 1.33 0.914487 10.3765
11 1.47 0.68173 12.6195
12 1.61 0.698782 15.3771
13 1.75 0.875152 19.4571
14 1.89 1.09442 25.4079
15 2.03 1.2145 33.0257
16 2.17 1.11879 41.044
17 2.31 0.969965 48.9214
18 2.45 0.891418 57.0646
19 2.59 0.911855 66.3735
20 2.73 0.989294 77.594
21 2.87 1.05402 90.806
22 3.01 1.06346 105.468
23 3.15 1.02398 120.93
24 3.29 0.975972 137.005
25 3.43 0.962829 154.242
26 3.57 0.975132 173.153
27 3.71 1.00564 194.216
28 3.85 1.02501 217.335
29 3.99 1.02001 242.044
30 4.13 1.00045 268.01
31 4.27 0.990332 295.485
32 4.41 0.985786 324.657
33 4.55 0.996488 356.047
34 4.69 1.00508 389.687
35 4.83 1.00984 425.533
36 4.97 1.00584 463.337
37 5.11 0.999835 503.062
38 5.25 0.992631 544.691
39 5.39 0.99661 588.746
40 5.53 1.00103 635.325
41 5.67 1.00308 684.392
42 5.81 1.00421 735.97
43 5.95 1.00288 789.992
44 6.09 0.997029 846.256
45 6.23 0.998371 905.215
46 6.37 0.998017 966.832
47 6.51 1.00207 1031.45
48 6.65 1.00261 1098.91
49 6.79 1.00187 1169.19
50 6.93 0.999885 1242.25
65000 50
1 0.07 0 0
2 0.21 0 0
3 0.35 0 0
4 0.49 0 0
5 0.63 0 0
6 0.77 0 0
7 0.91 0.397224 0.501465
8 1.05 2.36601 4.47617
9 1.19 1.59316 7.9127
10 1.33 0.915611 10.3792
11 1.47 0.680454 12.6181
12 1.61 0.69606 15.3649
13 1.75 0.870837 19.4248
14 1.89 1.10184 25.4159
15 2.03 1.21699 33.0493
16 2.17 1.12474 41.1104
17 2.31 0.962041 48.9233
18 2.45 0.887954 57.035
19 2.59 0.910104 66.326
20 2.73 0.995571 77.6177
21 2.87 1.05408 90.8303
22 3.01 1.06275 105.483
23 3.15 1.02168 120.909
24 3.29 0.982352 137.09
25 3.43 0.95768 154.235
26 3.57 0.975283 173.149
27 3.71 1.00705 194.241
28 3.85 1.02718 217.409
29 3.99 1.01928 242.1
30 4.13 1.00057 268.07
31 4.27 0.989836 295.531
32 4.41 0.984119 324.654
33 4.55 0.995226 356.004
34 4.69 1.00672 389.698
35 4.83 1.01143 425.601
36 4.97 1.00706 463.451
37 5.11 0.995799 503.016
38 5.25 0.993423 544.678
39 5.39 0.996672 588.736
40 5.53 1.00108 635.317
41 5.67 1.00407 684.432
42 5.81 1.00475 736.038
43 5.95 1.00177 790
44 6.09 0.998176 846.329
45 6.23 0.995068 905.093
46 6.37 1.0011 966.9
47 6.51 1.00209 1031.52
48 6.65 1.00167 1098.92
49 6.79 1.00179 1169.19
50 6.93 0.999487 1242.23
66000 50
1 0.07 0 0
2 0.21 0 0
3 0.35 0 0
4 0.49 0 0
5 0.63 0 0
6 0.77 0 0
7 0.91 0.408286 0.51543
8 1.05 2.34694 4.45811
9 1.19 1.60447 7.91904
10 1.33 0.911732 10.3751
11 1.47 0.684609 12.6276
12 1.61 0.702296 15.3991
13 1.75 0.866501 19.4388
14 1.89 1.09548 25.3953
15 2.03 1.21708 33.0293
16 2.17 1.12172 41.0687
17 2.31 0.963989 48.8975
18 2.45 0.892947 57.0547
19 2.59 0.913118 66.3765
20 2.73 0.991128 77.6178
21 2.87 1.05556 90.849
22 3.01 1.05559 105.403
23 3.15 1.02417 120.867
24 3.29 0.976447 136.95
25 3.43 0.967324 154.268
26 3.57 0.977619 173.227
27 3.71 1.00507 194.278
28 3.85 1.02078 217.301
29 3.99 1.01722 241.943
30 4.13 1.00261 267.965
31 4.27 0.991276 295.467
32 4.41 0.993854 324.877
33 4.55 0.991832 356.121
34 4.69 1.00339 389.703
35 4.83 1.00691 425.446
36 4.97 1.00583 463.249
37 5.11 0.999859 502.975
38 5.25 0.997617 544.814
39 5.39 0.998157 588.937
40 5.53 0.997213 635.338
41 5.67 1.00335 684.418
42 5.81 1.00176 735.87
43 5.95 1.00295 789.895
44 6.09 0.999093 846.276
45 6.23 0.99864 905.251
46 6.37 1.00015 967
47 6.51 1.00121 1031.56
48 6.65 1.00023 1098.86
49 6.79 1.0017 1169.13
50 6.93 0.998845 1242.12
67000 50
1 0.07 0 0
2 0.21 0 0
3 0.35 0 0
4 0.49 0 0
5 0.63 0 0
6 0.77 0 0
7 0.91 0.399312 0.504102
8 1.05 2.35642 4.4627
9 1.19 1.60194 7.91816
10 1.33 0.912892 10.3773
11 1.47 0.682294 12.6223
12 1.61 0.694081 15.3613
13 1.75 0.872723 19.43
14 1.89 1.10435 25.4348
15 2.03 1.21568 33.06
16 2.17 1.11575 41.0565
17 2.31 0.966226 48.9035
18 2.45 0.890541 57.0388
19 2.59 0.912008 66.3492
20 2.73 0.989328 77.5701
21 2.87 1.05647 90.8127
22 3.01 1.06294 105.468
23 3.15 1.02214 120.901
24 3.29 0.977407 137
25 3.43 0.961574 154.215
26 3.57 0.978254 173.187
27 3.71 1.00536 194.244
28 3.85 1.02535 217.37
29 3.99 1.01664 241.998
30 4.13 1.00186 268
31 4.27 0.9869 295.38
32 4.41 0.991135 324.71
33 4.55 0.996873 356.113
34 4.69 1.00481 389.743
35 4.83 1.00864 425.547
36 4.97 1.00403 463.282
37 5.11 0.997957 502.933
38 5.25 0.995987 544.703
39 5.39 0.998689 588.85
40 5.53 1.0006 635.408
41 5.67 1.00328 684.485
42 5.81 1.0006 735.878
43 5.95 1.00059 789.776
44 6.09 0.998025 846.096
45 6.23 1.00138 905.233
46 6.37 1.00181 967.084
47 6.51 0.999612 1031.54
48 6.65 0.999698 1098.81
49 6.79 1.0023 1169.12
50 6.93 0.999296 1242.14
68000 50
1 0.07 0 0
2 0.21 0 0
3 0.35 0 0
4 0.49 0 0
5 0.63 0 0
6 0.77 0 0
7 0.91 0.393897 0.497266
8 1.05 2.35473 4.45303
9 1.19 1.60846 7.92256
10 1.33 0.908107 10.3688
11 1.47 0.68642 12.6273
12 1.61 0.695145 15.3706
13 1.75 0.872806 19.4396
14 1.89 1.09521 25.3947
15 2.03 1.21978 33.0456
16 2.17 1.12115 41.0809
17 2.31 0.963652 48.9069
18 2.45 0.890819 57.0447
19 2.59 0.909703 66.3316
20 2.73 0.98994 77.5595
21 2.87 1.05983 90.8442
22 3.01 1.06231 105.491
23 3.15 1.02135 120.912
24 3.29 0.975172 136.975
25 3.43 0.963407 154.222
26 3.57 0.976315 173.156
27 3.71 1.00665 194.24
28 3.85 1.02517 217.362
29 3.99 1.02084 242.092
30 4.13 1.00051 268.059
31 4.27 0.986914 295.44
32 4.41 0.987231 324.654
33 4.55 0.994678 355.988
34 4.69 1.00766 389.713
35 4.83 1.01047 425.582
36 4.97 1.00493 463.352
37 5.11 0.997433 502.981
38 5.25 0.996162 544.758
39 5.39 0.99502 588.743
40 5.53 1.00071 635.307
41 5.67 1.00442 684.44
42 5.81 1.00246 735.928
43 5.95 1.00098 789.847
44 6.09 1.00013 846.286
45 6.23 0.997218 905.177
46 6.37 1.00159 967.015
47 6.51 1.00126 1031.58
48 6.65 0.998257 1098.75
49 6.79 1.00214 1169.05
50 6.93 1.00107 1242.2
69000 50
1 0.07 0 0
2 0.21 0 0
3 0.35 0 0
4 0.49 0 0
5 0.63 0 0
6 0.77 0 0
7 0.91 0.40202 0.50752
8 1.05 2.34067 4.43965
9 1.19 1.61425 7.92168
10 1.33 0.913835 10.3834
11 1.47 0.685411 12.6386
12 1.61 0.691111 15.3659
13 1.75 0.873435 19.4379
14 1.89 1.10247 25.4324
15 2.03 1.20695 33.0028
16 2.17 1.1237 41.0563
17 2.31 0.966406 48.9048
18 2.45 0.895266 57.0832
19 2.59 0.909167 66.3646
20 2.73 0.990448 77.5982
21 2.87 1.05517 90.8245
22 3.01 1.06234 105.471
23 3.15 1.02074 120.884
24 3.29 0.97966 137.02
25 3.43 0.962884 154.258
26 3.57 0.976149 173.189
27 3.71 1.0041 194.219
28 3.85 1.0265 217.372
29 3.99 1.01933 242.064
30 4.13 1.00214 268.074
31 4.27 0.986978 295.457
32 4.41 0.988046 324.695
33 4.55 0.993459 355.99
34 4.69 1.00703 389.695
35 4.83 1.01113 425.587
36 4.97 1.00578 463.388
37 5.11 0.996182 502.968
38 5.25 0.994096 544.659
39 5.39 0.99578 588.677
40 5.53 1.00289 635.342
41 5.67 1.00291 684.401
42 5.81 1.00648 736.096
43 5.95 0.999733 789.948
44 6.09 0.996961 846.208
45 6.23 0.996977 905.085
46 6.37 1.002 966.948
47 6.51 1.00147 1031.53
48 6.65 1.00211 1098.95
49 6.79 1.00059 1169.14
50 6.93 1.00079 1242.27
70000 50
1 0.07 0 0
2 0.21 0 0
3 0.35 0 0
4 0.49 0 0
5 0.63 0 0
6 0.77 0 0
7 0.91 0.40612 0.512695
8 1.05 2.34462 4.45146
9 1.19 1.60497 7.91348
10 1.33 0.912638 10.372
11 1.47 0.686598 12.6311
12 1.61 0.698089 15.3859
13 1.75 0.872764 19.4548
14 1.89 1.09159 25.3901
15 2.03 1.21764 33.0276
16 2.17 1.12611 41.0984
17 2.31 0.965083 48.9361
18 2.45 0.890317 57.0693
19 2.59 0.907684 66.3356
20 2.73 0.992307 77.5903
21 2.87 1.05362 90.7972
22 3.01 1.06597 105.494
23 3.15 1.02593 120.985
24 3.29 0.974063 137.029
25 3.43 0.958143 154.182
26 3.57 0.978158 173.152
27 3.71 1.00257 194.15
28 3.85 1.02792 217.334
29 3.99 1.02229 242.099
30 4.13 1.00057 268.068
31 4.27 0.987319 295.46
32 4.41 0.985277 324.617
33 4.55 0.997359 356.034
34 4.69 1.00429 389.647
35 4.83 1.01253 425.589
36 4.97 1.00601 463.399
37 5.11 0.996315 502.984
38 5.25 0.99394 544.668
39 5.39 0.99754 588.764
40 5.53 1.00051 635.319
41 5.67 1.00516 684.488
42 5.81 1.00286 735.996
43 5.95 0.999319 789.826
44 6.09 0.999778 846.245
45 6.23 0.998703 905.224
46 6.37 1.00045 966.991
47 6.51 1.00023 1031.49
48 6.65 1.00178 1098.9
49 6.79 1.00126 1169.13
50 6.93 0.999126 1242.14
71000 50
1 0.07 0 0
2 0.21 0 0
3 0.35 0 0
4 0.49 0 0
5 0.63 0 0
6 0.77 0 0
7 0.91 0.393511 0.496777
8 1.05 2.35148 4.44707
9 1.19 1.61978 7.94102
10 1.33 0.90604 10.3817
11 1.47 0.677427 12.6106
12 1.61 0.695788 15.3564
13 1.75 0.876158 19.4411
14 1.89 1.10145 25.4301
15 2.03 1.2171 33.0642
16 2.17 1.12108 41.0989
17 2.31 0.960778 48.9017
18 2.45 0.889152 57.0242
19 2.59 0.911807 66.3326
20 2.73 0.992876 77.5938
21 2.87 1.05817 90.8577
22 3.01 1.06069 105.482
23 3.15 1.02224 120.917
24 3.29 0.976453 137
25 3.43 0.960025 154.187
26 3.57 0.979472 173.183
27 3.71 1.0083 194.301
28 3.85 1.02339 217.383
29 3.99 1.01718 242.024
30 4.13 1.00012 267.981
31 4.27 0.990192 295.453
32 4.41 0.986258 324.638
33 4.55 0.997344 356.056
34 4.69 1.00326 389.634
35 4.83 1.01072 425.511
36 4.97 1.00641 463.337
37 5.11 0.998394 503.005
38 5.25 0.995712 544.763
39 5.39 0.996562 588.816
40 5.53 0.997689 635.239
41 5.67 1.00471 684.386
42 5.81 1.00264 735.883
43 5.95 1.00293 789.908
44 6.09 0.999325 846.301
45 6.23 0.998053 905.242
46 6.37 0.998152 966.867
47 6.51 1.0014 1031.44
48 6.65 1.00245 1098.89
49 6.79 1.00074 1169.09
50 6.93 1.00081 1242.22
72000 50
1 0.07 0 0
2 0.21 0 0
3 0.35 0 0
4 0.49 0 0
5 0.63 0 0
6 0.77 0 0
7 0.91 0.392196 0.495117
8 1.05 2.35735 4.45527
9 1.19 1.61154 7.93145
10 1.33 0.908143 10.3778
11 1.47 0.687043 12.6384
12 1.61 0.691853 15.3687
13 1.75 0.867192 19.4115
14 1.89 1.10184 25.4026
15 2.03 1.21937 33.051
16 2.17 1.1228 41.098
17 2.31 0.962787 48.9171
18 2.45 0.894946 57.0926
19 2.59 0.910458 66.3872
20 2.73 0.986513 77.5762
21 2.87 1.05555 90.8072
22 3.01 1.06243 105.455
23 3.15 1.02538 120.938
24 3.29 0.977917 137.045
25 3.43 0.9599 154.23
26 3.57 0.977901 173.195
27 3.71 1.00488 194.242
28 3.85 1.02282 217.311
29 3.99 1.02171 242.062
30 4.13 1.00428 268.127
31 4.27 0.986964 295.509
32 4.41 0.985994 324.687
33 4.55 0.994712 356.021
34 4.69 1.00551 389.675
35 4.83 1.01061 425.548
36 4.97 1.00666 463.383
37 5.11 0.998962 503.073
38 5.25 0.992839 544.711
39 5.39 0.99758 588.809
40 5.53 1.00064 635.37
41 5.67 1.00203 684.386
42 5.81 1.00534 736.022
43 5.95 1.00009 789.893
44 6.09 0.998584 846.245
45 6.23 0.999748 905.286
46 6.37 0.999363 966.986
47 6.51 1.00131 1031.55
48 6.65 1.00172 1098.95
49 6.79 1.00048 1169.14
50 6.93 1.00042 1242.24
73000 50
1 0.07 0 0
2 0.21 0 0
3 0.35 0 0
4 0.49 0 0
5 0.63 0 0
6 0.77 0 0
7 0.91 0.401556 0.506934
8 1.05 2.34968 4.4542
9 1.19 1.60986 7.92676
10 1.33 0.906874 10.3697
11 1.47 0.682294 12.6146
12 1.61 0.697149 15.3658
13 1.75 0.874356 19.4421
14 1.89 1.10193 25.4337
15 2.03 1.20555 32.9953
16 2.17 1.12318 41.0451
17 2.31 0.969593 48.9194
18 2.45 0.892305 57.0708
19 2.59 0.912037 66.3815
20 2.73 0.991343 77.6253
21 2.87 1.05344 90.8299
22 3.01 1.05753 105.41
23 3.15 1.02561 120.896
24 3.29 0.979619 137.032
25 3.43 0.961067 154.237
26 3.57 0.977967 173.204
27 3.71 1.00579 194.269
28 3.85 1.02187 217.317
29 3.99 1.01891 242
30 4.13 1.00372 268.051
31 4.27 0.990635 295.534
32 4.41 0.987 324.742
33 4.55 0.993875 356.05
34 4.69 1.00394 389.651
35 4.83 1.01046 425.519
36 4.97 1.00655 463.35
37 5.11 0.998643 503.028
38 5.25 0.997922 544.879
39 5.39 0.992791 588.765
40 5.53 0.9986 635.23
41 5.67 1.00502 684.393
42 5.81 1.00312 735.914
43 5.95 1.00446 790.022
44 6.09 0.999136 846.404
45 6.23 0.995976 905.222
46 6.37 1.00024 966.976
47 6.51 0.999209 1031.41
48 6.65 1.00169 1098.81
49 6.79 1.00388 1169.23
50 6.93 0.999531 1242.27
74000 50
1 0.07 0 0
2 0.21 0 0
3 0.35 0 0
4 0.49 0 0
5 0.63 0 0
6 0.77 0 0
7 0.91 0.397301 0.501563
8 1.05 2.3634 4.47187
9 1.19 1.59279 7.90762
10 1.33 0.909629 10.358
11 1.47 0.689922 12.628
12 1.61 0.69418 15.3675
13 1.75 0.87002 19.4235
14 1.89 1.10807 25.4485
15 2.03 1.21215 33.0516
16 2.17 1.11966 41.0762
17 2.31 0.965131 48.9143
18 2.45 0.887398 57.0208
19 2.59 0.913108 66.3425
20 2.73 0.994245 77.6191
21 2.87 1.05478 90.8405
22 3.01 1.06114 105.471
23 3.15 1.02463 120.942
24 3.29 0.976393 137.024
25 3.43 0.959785 154.207
26 3.57 0.974885 173.113
27 3.71 1.00831 194.232
28 3.85 1.02621 217.378
29 3.99 1.02086 242.108
30 4.13 1.00235 268.123
31 4.27 0.98306 295.396
32 4.41 0.985918 324.572
33 4.55 0.996962 355.977
34 4.69 1.00911 389.751
35 4.83 1.00958 425.588
36 4.97 1.00622 463.407
37 5.11 0.998999 503.099
38 5.25 0.992881 544.738
39 5.39 0.993922 588.674
40 5.53 1.00026 635.217
41 5.67 1.00592 684.423
42 5.81 1.00531 736.058
43 5.95 1.00029 789.94
44 6.09 0.999169 846.325
45 6.23 0.998334 905.282
46 6.37 0.997984 966.897
47 6.51 1.00055 1031.42
48 6.65 1.00173 1098.82
49 6.79 1.00455 1169.29
50 6.93 1.00029 1242.38
75000 50
1 0.07 0 0
2 0.21 0 0
3 0.35 0 0
4 0.49 0 0
5 0.63 0 0
6 0.77 0 0
7 0.91 0.404263 0.510352
8 1.05 2.36183 4.47803
9 1.19 1.5913 7.91055
10 1.33 0.901727 10.3396
11 1.47 0.692979 12.6197
12 1.61 0.700787 15.3853
13 1.75 0.871612 19.4487
14 1.89 1.10157 25.4384
15 2.03 1.21265 33.0445
16 2.17 1.11397 41.0283
17 2.31 0.967837 48.8884
18 2.45 0.891086 57.0286
19 2.59 0.915165 66.3713
20 2.73 0.994219 77.6477
21 2.87 1.05298 90.8466
22 3.01 1.05875 105.444
23 3.15 1.02123 120.864
24 3.29 0.977787 136.969
25 3.43 0.962993 154.209
26 3.57 0.978274 173.181
27 3.71 1.00871 194.308
28 3.85 1.02154 217.348
29 3.99 1.01664 241.976
30 4.13 1.00574 268.079
31 4.27 0.986365 295.445
32 4.41 0.985957 324.621
33 4.55 0.995828 355.991
34 4.69 1.00807 389.73
35 4.83 1.00855 425.531
36 4.97 1.0047 463.292
37 5.11 0.99895 502.982
38 5.25 0.993391 544.643
39 5.39 0.997498 588.737
40 5.53 1.0008 635.305
41 5.67 1.00479 684.456
42 5.81 1.00428 736.037
43 5.95 1.0001 789.91
44 6.09 0.997816 846.218
45 6.23 0.997193 905.108
46 6.37 1.00023 966.861
47 6.51 1.00278 1031.52
48 6.65 1.00339 1099.04
49 6.79 1.00036 1169.21
50 6.93 0.998986 1242.21
76000 50
1 0.07 0 0
2 0.21 0 0
3 0.35 0 0
4 0.49 0 0
5 0.63 0 0
6 0.77 0 0
7 0.91 0.396063 0.5
8 1.05 2.35665 4.45898
9 1.19 1.6004 7.91113
10 1.33 0.916662 10.3805
11 1.47 0.680751 12.6203
12 1.61 0.695145 15.3636
13 1.75 0.876598 19.4503
14 1.89 1.10015 25.4322
15 2.03 1.21501 33.0532
16 2.17 1.11699 41.0587
17 2.31 0.966009 48.9039
18 2.45 0.889846 57.0328
19 2.59 0.91284 66.3518
20 2.73 0.991455 77.5968
21 2.87 1.05688 90.8445
22 3.01 1.06375 105.511
23 3.15 1.02077 120.924
24 3.29 0.9742 136.97
25 3.43 0.960827 154.171
26 3.57 0.980983 173.196
27 3.71 1.00587 194.263
28 3.85 1.02356 217.349
29 3.99 1.01931 242.042
30 4.13 1.00234 268.057
31 4.27 0.988016 295.468
32 4.41 0.986647 324.665
33 4.55 0.996804 356.065
34 4.69 1.00636 389.747
35 4.83 1.00706 425.495
36 4.97 1.00754 463.363
37 5.11 0.997335 502.988
38 5.25 0.992766 544.623
39 5.39 1.001 588.872
40 5.53 0.997914 635.306
41 5.67 1.00485 684.46
42 5.81 1.00249 735.949
43 5.95 1.00132 789.887
44 6.09 0.998981 846.261
45 6.23 0.999538 905.289
46 6.37 0.997896 966.899
47 6.51 1.00144 1031.47
48 6.65 1.00116 1098.84
49 6.79 1.00172 1169.11
50 6.93 1.00149 1242.29
77000 50
1 0.07 0 0
2 0.21 0 0
3 0.35 0 0
4 0.49 0 0
5 0.63 0 0
6 0.77 0 0
7 0.91 0.401556 0.506934
8 1.05 2.35729 4.46699
9 1.19 1.5975 7.91289
10 1.33 0.910246 10.3649
11 1.47 0.686331 12.6231
12 1.61 0.694427 15.3636
13 1.75 0.87576 19.4464
14 1.89 1.10051 25.4303
15 2.03 1.21381 33.0438
16 2.17 1.11844 41.0596
17 2.31 0.965444 48.9002
18 2.45 0.894294 57.0697
19 2.59 0.909951 66.3592
20 2.73 0.991929 77.6096
21 2.87 1.05338 90.8135
22 3.01 1.06478 105.494
23 3.15 1.0225 120.933
24 3.29 0.975261 136.997
25 3.43 0.962169 154.222
26 3.57 0.979442 173.217
27 3.71 1.00435 194.252
28 3.85 1.02349 217.337
29 3.99 1.01927 242.028
30 4.13 1.00463 268.103
31 4.27 0.985489 295.444
32 4.41 0.985865 324.618
33 4.55 0.997086 356.027
34 4.69 1.00639 389.71
35 4.83 1.01015 425.567
36 4.97 1.00637 463.391
37 5.11 0.997554 503.025
38 5.25 0.992804 544.662
39 5.39 0.9968 588.725
40 5.53 0.999817 635.248
41 5.67 1.00639 684.476
42 5.81 1.00359 736.023
43 5.95 1.00106 789.946
44 6.09 0.999264 846.336
45 6.23 0.996702 905.197
46 6.37 0.997726 966.796
47 6.51 1.0038 1031.52
48 6.65 1.00165 1098.92
49 6.79 1.00194 1169.21
50 6.93 1.00009 1242.28
78000 50
1 0.07 0 0
2 0.21 0 0
3 0.35 0 0
4 0.49 0 0
5 0.63 0 0
6 0.77 0 0
7 0.91 0.404727 0.510938
8 1.05 2.34555 4.45127
9 1.19 1.6109 7.92607
10 1.33 0.902452 10.3571
11 1.47 0.688468 12.6224
12 1.61 0.694922 15.3647
13 1.75 0.876242 19.4498
14 1.89 1.09775 25.4187
15 2.03 1.21388 33.0325
16 2.17 1.11818 41.0465
17 2.31 0.968751 48.914
18 2.45 0.892209 57.0645
19 2.59 0.9091 66.3452
20 2.73 0.995631 77.6376
21 2.87 1.0508 90.8091
22 3.01 1.06437 105.484
23 3.15 1.02095 120.9
24 3.29 0.980022 137.042
25 3.43 0.960325 154.234
26 3.57 0.976818 173.178
27 3.71 1.00696 194.268
28 3.85 1.02183 217.315
29 3.99 1.01948 242.012
30 4.13 1.00224 268.024
31 4.27 0.988375 295.445
32 4.41 0.989429 324.725
33 4.55 0.994699 356.058
34 4.69 1.00598 389.728
35 4.83 1.00839 425.522
36 4.97 1.00472 463.284
37 5.11 1.00134 503.069
38 5.25 0.993891 544.751
39 5.39 0.994255 588.702
40 5.53 1.00096 635.277
41 5.67 1.00414 684.396
42 5.81 1.00289 735.907
43 5.95 1.00218 789.891
44 6.09 1.00064 846.358
45 6.23 0.999945 905.411
46 6.37 0.995134 966.85
47 6.51 1.00007 1031.34
48 6.65 1.0043 1098.91
49 6.79 1.00049 1169.1
50 6.93 1.00129 1242.26
79000 50
1 0.07 0 0
2 0.21 0 0
3 0.35 0 0
4 0.49 0 0
5 0.63 0 0
6 0.77 0 0
7 0.91 0.399235 0.504004
8 1.05 2.3538 4.4582
9 1.19 1.60746 7.92559
10 1.33 0.908578 10.3731
11 1.47 0.684817 12.6264
12 1.61 0.695046 15.3692
13 1.75 0.877645 19.4608
14 1.89 1.0955 25.4175
15 2.03 1.21241 33.0222
16 2.17 1.12048 41.0526
17 2.31 0.967176 48.9073
18 2.45 0.892006 57.056
19 2.59 0.913634 66.383
20 2.73 0.990396 77.616
21 2.87 1.05381 90.8253
22 3.01 1.06182 105.465
23 3.15 1.02028 120.871
24 3.29 0.97886 136.994
25 3.43 0.966609 154.298
26 3.57 0.975449 173.216
27 3.71 1.0028 194.219
28 3.85 1.0231 217.294
29 3.99 1.02356 242.09
30 4.13 0.999803 268.039
31 4.27 0.989864 295.501
32 4.41 0.986271 324.687
33 4.55 0.994811 356.025
34 4.69 1.00645 389.71
35 4.83 1.0084 425.505
36 4.97 1.00656 463.336
37 5.11 0.998911 503.024
38 5.25 0.996278 544.806
39 5.39 0.994998 588.79
40 5.53 0.998875 635.268
41 5.67 1.00325 684.344
42 5.81 1.00549 735.988
43 5.95 0.999918 789.85
44 6.09 1.00084 846.329
45 6.23 0.999608 905.362
46 6.37 0.996817 966.905
47 6.51 1.0008 1031.44
48 6.65 1.00222 1098.87
49 6.79 1.00248 1169.2
50 6.93 0.999775 1242.25
80000 50
1 0.07 0 0
2 0.21 0 0
3 0.35 0 0
4 0.49 0 0
5 0.63 0 0
6 0.77 0 0
7 0.91 0.392041 0.494922
8 1.05 2.36136 4.46182
9 1.19 1.60923 7.93301
10 1.33 0.90546 10.3722
11 1.47 0.683838 12.6222
12 1.61 0.696728 15.3717
13 1.75 0.874524 19.4487
14 1.89 1.09365 25.3953
15 2.03 1.22074 33.0522
16 2.17 1.11902 41.0723
17 2.31 0.963496 48.8971
18 2.45 0.890285 57.03
19 2.59 0.916801 66.3894
20 2.73 0.98969 77.6144
21 2.87 1.05197 90.8006
22 3.01 1.06313 105.458
23 3.15 1.02229 120.894
24 3.29 0.974964 136.953
25 3.43 0.966631 154.258
26 3.57 0.979079 173.246
27 3.71 1.00241 194.241
28 3.85 1.02348 217.325
29 3.99 1.01989 242.031
30 4.13 1.00101 268.012
31 4.27 0.987851 295.418
32 4.41 0.989135 324.689
33 4.55 0.995797 356.058
34 4.69 1.00612 389.732
35 4.83 1.00835 425.525
36 4.97 1.00456 463.281
37 5.11 0.99748 502.912
38 5.25 0.997801 544.758
39 5.39 0.995269 588.754
40 5.53 1.00224 635.389
41 5.67 1.00192 684.399
42 5.81 1.00406 735.969
43 5.95 1.00114 789.897
44 6.09 0.997726 846.2
45 6.23 1.00013 905.264
46 6.37 0.999023 966.943
47 6.51 1.0004 1031.45
48 6.65 1.00296 1098.94
49 6.79 1.00115 1169.17
50 6.93 0.999588 1242.21
81000 50
1 0.07 0 0
2 0.21 0 0
3 0.35 0 0
4 0.49 0 0
5 0.63 0 0
6 0.77 0 0
7 0.91 0.403025 0.508789
8 1.05 2.35003 4.45664
9 1.19 1.60918 7.92773
10 1.33 0.899588 10.3511
11 1.47 0.68639 12.6095
12 1.61 0.699995 15.3719
13 1.75 0.868659 19.4216
14 1.89 1.10789 25.4456
15 2.03 1.21579 33.0715
16 2.17 1.11406 41.056
17 2.31 0.963616 48.8817
18 2.45 0.892989 57.0394
19 2.59 0.915748 66.388
20 2.73 0.987925 77.593
21 2.87 1.05405 90.8053
22 3.01 1.06284 105.459
23 3.15 1.02186 120.888
24 3.29 0.982796 137.076
25 3.43 0.960838 154.278
26 3.57 0.977297 173.231
27 3.71 1.00315 194.241
28 3.85 1.02037 217.255
29 3.99 1.01972 241.958
30 4.13 1.00632 268.076
31 4.27 0.991107 295.573
32 4.41 0.988472 324.824
33 4.55 0.990353 356.021
34 4.69 1.00275 389.582
35 4.83 1.01084 425.464
36 4.97 1.0075 463.331
37 5.11 1.00023 503.071
38 5.25 0.995789 544.833
39 5.39 0.996626 588.889
40 5.53 0.996208 635.243
41 5.67 1.00169 684.242
42 5.81 1.00496 735.858
43 5.95 1.00369 789.924
44 6.09 1.00174 846.454
45 6.23 0.996714 905.315
46 6.37 0.995925 966.803
47 6.51 1.0007 1031.33
48 6.65 1.00177 1098.74
49 6.79 1.00318 1169.11
50 6.93 1.00286 1242.39
82000 50
1 0.07 0 0
2 0.21 0 0
3 0.35 0 0
4 0.49 0 0
5 0.63 0 0
6 0.77 0 0
7 0.91 0.394439 0.497949
8 1.05 2.34846 4.44316
9 1.19 1.6033 7.90156
10 1.33 0.918982 10.3771
11 1.47 0.689477 12.6457
12 1.61 0.695046 15.3886
13 1.75 0.864867 19.4206
14 1.89 1.10062 25.4051
15 2.03 1.2138 33.0185
16 2.17 1.12301 41.0671
17 2.31 0.967657 48.9257
18 2.45 0.890798 57.0633
19 2.59 0.908966 66.3427
20 2.73 0.992695 77.6018
21 2.87 1.05468 90.8219
22 3.01 1.05849 105.416
23 3.15 1.0261 120.909
24 3.29 0.977769 137.014
25 3.43 0.962414 154.244
26 3.57 0.97564 173.165
27 3.71 1.00611 194.237
28 3.85 1.0241 217.335
29 3.99 1.01912 242.023
30 4.13 1.00336 268.065
31 4.27 0.988664 295.494
32 4.41 0.986211 324.678
33 4.55 0.995422 356.035
34 4.69 1.0048 389.664
35 4.83 1.01087 425.547
36 4.97 1.0044 463.297
37 5.11 1.00038 503.044
38 5.25 0.995104 544.777
39 5.39 0.995596 588.787
40 5.53 0.999351 635.288
41 5.67 1.00374 684.387
42 5.81 1.00505 736.008
43 5.95 1.00132 789.946
44 6.09 0.997165 846.217
45 6.23 0.998713 905.197
46 6.37 0.999389 966.899
47 6.51 1.00157 1031.48
48 6.65 1.0011 1098.84
49 6.79 1.00147 1169.1
50 6.93 1.00143 1242.27
83000 50
1 0.07 0 0
2 0.21 0 0
3 0.35 0 0
4 0.49 0 0
5 0.63 0 0
6 0.77 0 0
7 0.91 0.397224 0.501465
8 1.05 2.35857 4.46367
9 1.19 1.60868 7.93369
10 1.33 0.906367 10.3753
11 1.47 0.68179 12.6186
12 1.61 0.699822 15.3803
13 1.75 0.868261 19.4281
14 1.89 1.10096 25.4145
15 2.03 1.21669 33.046
16 2.17 1.12161 41.0846
17 2.31 0.968174 48.9474
18 2.45 0.888478 57.0638
19 2.59 0.91109 66.3648
20 2.73 0.988838 77.5802
21 2.87 1.0581 90.8432
22 3.01 1.06242 105.491
23 3.15 1.02296 120.937
24 3.29 0.97714 137.032
25 3.43 0.960353 154.224
26 3.57 0.977473 173.181
27 3.71 1.00742 194.281
28 3.85 1.02098 217.309
29 3.99 1.02301 242.091
30 4.13 1.00169 268.089
31 4.27 0.986939 295.47
32 4.41 0.986617 324.666
33 4.55 0.994737 356.002
34 4.69 1.0069 389.702
35 4.83 1.01035 425.566
36 4.97 1.00511 463.342
37 5.11 1.00046 503.092
38 5.25 0.992336 544.709
39 5.39 0.996893 588.776
40 5.53 0.999202 635.27
41 5.67 1.005 684.431
42 5.81 1.00355 735.975
43 5.95 1.00177 789.937
44 6.09 0.99888 846.306
45 6.23 0.997841 905.234
46 6.37 0.999686 966.954
47 6.51 1.00043 1031.46
48 6.65 1.00121 1098.83
49 6.79 1.00276 1169.17
50 6.93 0.999511 1242.21
84000 50
1 0.07 0 0
2 0.21 0 0
3 0.35 0 0
4 0.49 0 0
5 0.63 0 0
6 0.77 0 0
7 0.91 0.398926 0.503613
8 1.05 2.36404 4.475
9 1.19 1.59524 7.91602
10 1.33 0.911805 10.3723
11 1.47 0.683185 12.6201
12 1.61 0.695219 15.3637
13 1.75 0.868491 19.4126
14 1.89 1.10624 25.4276
15 2.03 1.22172 33.0907
16 2.17 1.11799 41.1033
17 2.31 0.962306 48.9185
18 2.45 0.882117 56.9768
19 2.59 0.916552 66.3336
20 2.73 0.993651 77.6035
21 2.87 1.05746 90.8585
22 3.01 1.06517 105.544
23 3.15 1.018 120.916
24 3.29 0.973132 136.944
25 3.43 0.963724 154.197
26 3.57 0.978737 173.179
27 3.71 1.00957 194.323
28 3.85 1.02106 217.353
29 3.99 1.02168 242.103
30 4.13 1.00057 268.072
31 4.27 0.987337 295.464
32 4.41 0.985241 324.619
33 4.55 0.99691 356.023
34 4.69 1.00793 389.758
35 4.83 1.00818 425.545
36 4.97 1.00677 463.384
37 5.11 0.999289 503.087
38 5.25 0.994101 544.778
39 5.39 0.99475 588.751
40 5.53 1.00079 635.318
41 5.67 1.00355 684.408
42 5.81 1.00433 735.992
43 5.95 1.00179 789.955
44 6.09 0.999401 846.353
45 6.23 0.99736 905.253
46 6.37 0.998258 966.885
47 6.51 1.00048 1031.4
48 6.65 1.00391 1098.95
49 6.79 1.00122 1169.18
50 6.93 1.00064 1242.3
85000 50
1 0.07 0 0
2 0.21 0 0
3 0.35 0 0
4 0.49 0 0
5 0.63 0 0
6 0.77 0 0
7 0.91 0.400473 0.505566
8 1.05 2.36322 4.47559
9 1.19 1.58845 7.90195
10 1.33 0.913653 10.3632
11 1.47 0.682828 12.6099
12 1.61 0.697644 15.363
13 1.75 0.879803 19.4646
14 1.89 1.099 25.4403
15 2.03 1.21486 33.0604
16 2.17 1.1182 41.0745
17 2.31 0.964133 48.9045
18 2.45 0.886586 57.0036
19 2.59 0.920483 66.4006
20 2.73 0.990964 77.64
21 2.87 1.05322 90.8419
22 3.01 1.06141 105.476
23 3.15 1.02084 120.89
24 3.29 0.977549 136.991
25 3.43 0.961105 154.197
26 3.57 0.979658 173.197
27 3.71 1.00866 194.322
28 3.85 1.02225 217.379
29 3.99 1.01682 242.011
30 4.13 1.00309 268.045
31 4.27 0.989646 295.502
32 4.41 0.985162 324.655
33 4.55 0.997325 356.072
34 4.69 1.00537 389.721
35 4.83 1.0087 425.526
36 4.97 1.00593 463.334
37 5.11 0.999542 503.047
38 5.25 0.995139 544.782
39 5.39 0.99483 588.758
40 5.53 1.00225 635.393
41 5.67 1.00198 684.407
42 5.81 1.00443 735.996
43 5.95 1.0009 789.911
44 6.09 0.999912 846.337
45 6.23 0.996651 905.195
46 6.37 0.999985 966.934
47 6.51 1.00064 1031.46
48 6.65 1.00235 1098.9
49 6.79 1.00176 1169.17
50 6.93 0.999852 1242.24
86000 50
1 0.07 0 0
2 0.21 0 0
3 0.35 0 0
4 0.49 0 0
5 0.63 0 0
6 0.77 0 0
7 0.91 0.393356 0.496582
8 1.05 2.37328 4.4835
9 1.19 1.59252 7.91865
10 1.33 0.910354 10.371
11 1.47 0.681582 12.6136
12 1.61 0.696357 15.3616
13 1.75 0.874 19.4362
14 1.89 1.09773 25.405
15 2.03 1.22291 33.0755
16 2.17 1.11631 41.0761
17 2.31 0.966442 48.9248
18 2.45 0.887473 57.032
19 2.59 0.914581 66.3688
20 2.73 0.992127 77.6214
21 2.87 1.05228 90.8114
22 3.01 1.06173 105.45
23 3.15 1.02421 120.915
24 3.29 0.978545 137.032
25 3.43 0.962845 154.27
26 3.57 0.978787 173.252
27 3.71 1.00226 194.244
28 3.85 1.01915 217.23
29 3.99 1.02338 242.021
30 4.13 1.00296 268.052
31 4.27 0.991747 295.567
32 4.41 0.984476 324.7
33 4.55 0.996234 356.082
34 4.69 1.00274 389.643
35 4.83 1.00961 425.481
36 4.97 1.00664 463.315
37 5.11 1.00122 503.096
38 5.25 0.995288 544.836
39 5.39 0.99749 588.93
40 5.53 0.99774 635.356
41 5.67 1.00127 684.334
42 5.81 1.00446 735.925
43 5.95 1.00295 789.951
44 6.09 0.999131 846.333
45 6.23 0.997023 905.213
46 6.37 0.999042 966.893
47 6.51 1.00223 1031.52
48 6.65 0.999472 1098.77
49 6.79 1.00232 1169.08
50 6.93 1.00264 1242.35
87000 50
1 0.07 0 0
2 0.21 0 0
3 0.35 0 0
4 0.49 0 0
5 0.63 0 0
6 0.77 0 0
7 0.91 0.39676 0.500879
8 1.05 2.35613 4.45898
9 1.19 1.59709 7.904
10 1.33 0.910536 10.3568
11 1.47 0.688616 12.6226
12 1.61 0.707641 15.4151
13 1.75 0.862794 19.4375
14 1.89 1.09512 25.3921
15 2.03 1.2152 33.0143
16 2.17 1.12037 41.0439
17 2.31 0.96643 48.8926
18 2.45 0.893834 57.0579
19 2.59 0.917049 66.4198
20 2.73 0.988175 77.6276
21 2.87 1.05201 90.8144
22 3.01 1.05884 105.413
23 3.15 1.02211 120.846
24 3.29 0.980123 136.99
25 3.43 0.965098 154.268
26 3.57 0.977398 173.223
27 3.71 1.00457 194.263
28 3.85 1.02214 217.317
29 3.99 1.01733 241.961
30 4.13 1.00054 267.929
31 4.27 0.99412 295.51
32 4.41 0.988703 324.768
33 4.55 0.995791 356.136
34 4.69 1.00284 389.7
35 4.83 1.00896 425.516
36 4.97 1.00455 463.271
37 5.11 0.999449 502.98
38 5.25 0.995987 544.75
39 5.39 0.997708 588.854
40 5.53 0.999624 635.367
41 5.67 1.00151 684.357
42 5.81 1.00404 735.927
43 5.95 1.00165 789.883
44 6.09 1.00035 846.334
45 6.23 0.998073 905.275
46 6.37 0.998407 966.917
47 6.51 1.00106 1031.47
48 6.65 1.00177 1098.87
49 6.79 1.00067 1169.07
50 6.93 1.00029 1242.16
88000 50
1 0.07 0 0
2 0.21 0 0
3 0.35 0 0
4 0.49 0 0
5 0.63 0 0
6 0.77 0 0
7 0.91 0.394671 0.498242
8 1.05 2.3588 4.46084
9 1.19 1.60058 7.91338
10 1.33 0.910209 10.3653
11 1.47 0.689388 12.6336
12 1.61 0.697644 15.3867
13 1.75 0.869224 19.4391
14 1.89 1.10121 25.4268
15 2.03 1.2117 33.027
16 2.17 1.11968 41.0517
17 2.31 0.965817 48.8953
18 2.45 0.895373 57.0747
19 2.59 0.914457 66.4102
20 2.73 0.987641 77.6119
21 2.87 1.05104 90.7864
22 3.01 1.06029 105.405
23 3.15 1.02479 120.879
24 3.29 0.98084 137.034
25 3.43 0.962196 154.26
26 3.57 0.975414 173.177
27 3.71 1.00389 194.203
28 3.85 1.02438 217.307
29 3.99 1.01856 241.982
30 4.13 1.00518 268.07
31 4.27 0.988277 295.488
32 4.41 0.987865 324.722
33 4.55 0.994352 356.045
34 4.69 1.00418 389.654
35 4.83 1.00825 425.444
36 4.97 1.00903 463.368
37 5.11 0.999702 503.087
38 5.25 0.9953 544.829
39 5.39 0.994264 588.78
40 5.53 0.998525 635.242
41 5.67 1.00393 684.351
42 5.81 1.00558 735.999
43 5.95 1.00116 789.928
44 6.09 1.00065 846.396
45 6.23 0.997107 905.281
46 6.37 0.997921 966.892
47 6.51 1.00071 1031.42
48 6.65 1.00283 1098.9
49 6.79 1.00098 1169.11
50 6.93 1.00132 1242.28
89000 50
1 0.07 0 0
2 0.21 0 0
3 0.35 0 0
4 0.49 0 0
5 0.63 0 0
6 0.77 0 0
7 0.91 0.405656 0.512109
8 1.05 2.35811 4.47354
9 1.19 1.5937 7.91123
10 1.33 0.909774 10.362
11 1.47 0.686509 12.6208
12 1.61 0.69611 15.3679
13 1.75 0.872618 19.436
14 1.89 1.10179 25.4269
15 2.03 1.21327 33.0369
16 2.17 1.11656 41.0393
17 2.31 0.969665 48.9142
18 2.45 0.889194 57.0371
19 2.59 0.916198 66.3903
20 2.73 0.991791 77.6392
21 2.87 1.05117 90.8153
22 3.01 1.06175 105.454
23 3.15 1.02314 120.903
24 3.29 0.975279 136.967
25 3.43 0.966931 154.277
26 3.57 0.97701 173.225
27 3.71 1.00583 194.292
28 3.85 1.02088 217.317
29 3.99 1.01661 241.944
30 4.13 1.00384 267.998
31 4.27 0.990825 295.487
32 4.41 0.988142 324.729
33 4.55 0.996497 356.119
34 4.69 1.00343 389.703
35 4.83 1.00579 425.406
36 4.97 1.00658 463.238
37 5.11 1.00052 502.99
38 5.25 0.996536 544.783
39 5.39 0.996736 588.843
40 5.53 0.999786 635.364
41 5.67 1.00318 684.436
42 5.81 1.00095 735.847
43 5.95 1.00213 789.828
44 6.09 0.999022 846.204
45 6.23 1.00047 905.287
46 6.37 0.999352 966.987
47 6.51 0.999632 1031.45
48 6.65 1.00278 1098.92
49 6.79 1.00061 1169.11
50 6.93 1.00034 1242.21
90000 50
1 0.07 0 0
2 0.21 0 0
3 0.35 0 0
4 0.49 0 0
5 0.63 0 0
6 0.77 0 0
7 0.91 0.401788 0.507227
8 1.05 2.35787 4.46826
9 1.19 1.59818 7.91563
10 1.33 0.904445 10.3521
11 1.47 0.691287 12.6266
12 1.61 0.697817 15.3804
13 1.75 0.873498 19.4526
14 1.89 1.09245 25.3927
15 2.03 1.21579 33.0186
16 2.17 1.12652 41.0923
17 2.31 0.96465 48.9265
18 2.45 0.886586 57.0256
19 2.59 0.915968 66.3765
20 2.73 0.989087 77.5946
21 2.87 1.05451 90.8127
22 3.01 1.06269 105.464
23 3.15 1.02038 120.871
24 3.29 0.979476 137.004
25 3.43 0.964144 154.265
26 3.57 0.978223 173.236
27 3.71 1.00039 194.189
28 3.85 1.02418 217.289
29 3.99 1.02019 242.003
30 4.13 1.00417 268.065
31 4.27 0.990044 295.532
32 4.41 0.985466 324.695
33 4.55 0.993803 356
34 4.69 1.00483 389.631
35 4.83 1.01197 425.553
36 4.97 1.0041 463.292
37 5.11 1.00179 503.094
38 5.25 0.994648 544.808
39 5.39 0.995375 588.808
40 5.53 0.999408 635.312
41 5.67 1.00333 684.391
42 5.81 1.00296 735.904
43 5.95 1.00446 790.012
44 6.09 0.99765 846.31
45 6.23 0.998432 905.273
46 6.37 0.997203 966.84
47 6.51 1.00197 1031.45
48 6.65 1.0027 1098.92
49 6.79 1.00076 1169.12
50 6.93 1.00187 1242.33
91000 50
1 0.07 0 0
2 0.21 0 0
3 0.35 0 0
4 0.49 0 0
5 0.63 0 0
6 0.77 0 0
7 0.91 0.405965 0.5125
8 1.05 2.34625 4.454
9 1.19 1.60823 7.92305
10 1.33 0.912421 10.381
11 1.47 0.683125 12.6286
12 1.61 0.697223 15.3801
13 1.75 0.868889 19.4309
14 1.89 1.10229 25.4244
15 2.03 1.2117 33.0246
16 2.17 1.12138 41.0615
17 2.31 0.971408 48.9506
18 2.45 0.885292 57.0379
19 2.59 0.911855 66.3468
20 2.73 0.992221 77.6005
21 2.87 1.05588 90.8357
22 3.01 1.05937 105.442
23 3.15 1.02072 120.854
24 3.29 0.980656 137.006
25 3.43 0.963604 154.257
26 3.57 0.977785 173.22
27 3.71 1.00354 194.238
28 3.85 1.02243 217.299
29 3.99 1.01907 241.986
30 4.13 1.00405 268.045
31 4.27 0.99174 295.559
32 4.41 0.987116 324.771
33 4.55 0.993813 356.077
34 4.69 1.00195 389.611
35 4.83 1.00911 425.431
36 4.97 1.00857 463.338
37 5.11 0.999606 503.054
38 5.25 0.995046 544.785
39 5.39 0.996073 588.816
40 5.53 0.997899 635.249
41 5.67 1.00332 684.328
42 5.81 1.00518 735.956
43 5.95 1.00187 789.923
44 6.09 0.999207 846.31
45 6.23 0.999183 905.317
46 6.37 0.998288 966.951
47 6.51 0.999423 1031.4
48 6.65 1.00153 1098.79
49 6.79 1.00476 1169.27
50 6.93 0.999472 1242.3
92000 50
1 0.07 0 0
2 0.21 0 0
3 0.35 0 0
4 0.49 0 0
5 0.63 0 0
6 0.77 0 0
7 0.91 0.399931 0.504883
8 1.05 2.3527 4.45723
9 1.19 1.60538 7.92012
10 1.33 0.910499 10.3729
11 1.47 0.682621 12.6188
12 1.61 0.693759 15.3566
13 1.75 0.873079 19.427
14 1.89 1.10342 25.4267
15 2.03 1.21506 33.0479
16 2.17 1.11801 41.0607
17 2.31 0.967152 48.9152
18 2.45 0.886843 57.0167
19 2.59 0.914141 66.3489
20 2.73 0.991989 77.6
21 2.87 1.05527 90.8276
22 3.01 1.06058 105.45
23 3.15 1.02551 120.935
24 3.29 0.977437 137.034
25 3.43 0.958978 154.202
26 3.57 0.976053 173.132
27 3.71 1.00785 194.24
28 3.85 1.02474 217.353
29 3.99 1.01763 242.005
30 4.13 1.00198 268.01
31 4.27 0.989445 295.461
32 4.41 0.988541 324.714
33 4.55 0.993937 356.024
34 4.69 1.00528 389.67
35 4.83 1.01029 425.532
36 4.97 1.00603 463.343
37 5.11 0.998296 503.007
38 5.25 0.996953 544.817
39 5.39 0.993491 588.734
40 5.53 1.00217 635.366
41 5.67 1.00224 684.392
42 5.81 1.00375 735.947
43 5.95 1.00131 789.884
44 6.09 0.999574 846.292
45 6.23 0.998769 905.274
46 6.37 0.998444 966.918
47 6.51 1.00102 1031.47
48 6.65 1.00206 1098.89
49 6.79 1 1169.04
50 6.93 1.00084 1242.17
93000 50
1 0.07 0 0
2 0.21 0 0
3 0.35 0 0
4 0.49 0 0
5 0.63 0 0
6 0.77 0 0
7 0.91 0.408827 0.516113
8 1.05 2.34724 4.45928
9 1.19 1.59501 7.8998
10 1.33 0.917496 10.3714
11 1.47 0.686212 12.6292
12 1.61 0.696728 15.3787
13 1.75 0.873351 19.4503
14 1.89 1.10067 25.4351
15 2.03 1.21503 33.0562
16 2.17 1.11398 41.04
17 2.31 0.966911 48.8926
18 2.45 0.893652 57.0562
19 2.59 0.907732 66.323
20 2.73 0.995235 77.6109
21 2.87 1.0552 90.8376
22 3.01 1.06092 105.465
23 3.15 1.021 120.881
24 3.29 0.981421 137.046
25 3.43 0.959011 154.215
26 3.57 0.978943 173.2
27 3.71 1.00371 194.222
28 3.85 1.02433 217.326
29 3.99 1.02009 242.037
30 4.13 1.00451 268.108
31 4.27 0.986038 295.465
32 4.41 0.986096 324.646
33 4.55 0.995657 356.01
34 4.69 1.00446 389.628
35 4.83 1.0122 425.558
36 4.97 1.00568 463.356
37 5.11 1.00005 503.089
38 5.25 0.993309 544.747
39 5.39 0.996785 588.81
40 5.53 0.997595 635.229
41 5.67 1.00448 684.364
42 5.81 1.00326 735.893
43 5.95 1.00369 789.959
44 6.09 0.999624 846.369
45 6.23 0.997757 905.292
46 6.37 0.99834 966.929
47 6.51 1.00102 1031.48
48 6.65 1.0011 1098.84
49 6.79 1.00083 1169.05
50 6.93 1.00121 1242.21
94000 50
1 0.07 0 0
2 0.21 0 0
3 0.35 0 0
4 0.49 0 0
5 0.63 0 0
6 0.77 0 0
7 0.91 0.401092 0.506348
8 1.05 2.35043 4.45488
9 1.19 1.60235 7.91123
10 1.33 0.911805 10.3675
11 1.47 0.681849 12.6109
12 1.61 0.698312 15.3667
13 1.75 0.877142 19.456
14 1.89 1.096 25.4153
15 2.03 1.21822 33.0564
16 2.17 1.11726 41.0639
17 2.31 0.963568 48.8893
18 2.45 0.888735 57.008
19 2.59 0.916934 66.3688
20 2.73 0.99043 77.6021
21 2.87 1.0548 90.8238
22 3.01 1.06069 105.448
23 3.15 1.022 120.879
24 3.29 0.979417 137.012
25 3.43 0.963473 154.26
26 3.57 0.976798 173.204
27 3.71 1.00354 194.222
28 3.85 1.02364 217.31
29 3.99 1.01852 241.983
30 4.13 1.00363 268.032
31 4.27 0.987858 295.438
32 4.41 0.9893 324.714
33 4.55 0.996814 356.115
34 4.69 1.00263 389.672
35 4.83 1.00842 425.468
36 4.97 1.00718 463.322
37 5.11 0.99908 503.017
38 5.25 0.996203 544.796
39 5.39 0.996641 588.852
40 5.53 0.997404 635.262
41 5.67 1.00456 684.402
42 5.81 1.00308 735.922
43 5.95 1.00226 789.91
44 6.09 0.999181 846.296
45 6.23 0.997154 905.183
46 6.37 0.999639 966.9
47 6.51 1.00023 1031.4
48 6.65 1.00152 1098.79
49 6.79 1.00327 1169.17
50 6.93 0.999972 1242.23
95000 50
1 0.07 0 0
2 0.21 0 0
3 0.35 0 0
4 0.49 0 0
5 0.63 0 0
6 0.77 0 0
7 0.91 0.403103 0.508887
8 1.05 2.36113 4.47539
9 1.19 1.59438 7.91455
10 1.33 0.903648 10.3488
11 1.47 0.684461 12.6009
12 1.61 0.700861 15.3667
13 1.75 0.874901 19.4455
14 1.89 1.1008 25.431
15 2.03 1.2085 33.0111
16 2.17 1.12299 41.0596
17 2.31 0.965167 48.8979
18 2.45 0.892818 57.054
19 2.59 0.909779 66.3417
20 2.73 0.992376 77.5972
21 2.87 1.05376 90.8058
22 3.01 1.06364 105.471
23 3.15 1.02023 120.875
24 3.29 0.980709 137.029
25 3.43 0.961263 154.238
26 3.57 0.973374 173.115
27 3.71 1.00877 194.243
28 3.85 1.02487 217.358
29 3.99 1.01555 241.96
30 4.13 1.00574 268.063
31 4.27 0.989435 295.513
32 4.41 0.985307 324.671
33 4.55 0.994154 355.988
34 4.69 1.00576 389.65
35 4.83 1.00947 425.483
36 4.97 1.0069 463.327
37 5.11 0.999894 503.054
38 5.25 0.993686 544.728
39 5.39 0.996155 588.762
40 5.53 1.00016 635.301
41 5.67 1.00322 684.375
42 5.81 1.00328 735.905
43 5.95 1.00178 789.867
44 6.09 0.999493 846.27
45 6.23 1.00009 905.331
46 6.37 0.998743 966.993
47 6.51 1.00072 1031.52
48 6.65 1.00065 1098.85
49 6.79 1.00024 1169.02
50 6.93 1.00078 1242.15
96000 50
1 0.07 0 0
2 0.21 0 0
3 0.35 0 0
4 0.49 0 0
5 0.63 0 0
6 0.77 0 0
7 0.91 0.390571 0.493066
8 1.05 2.36037 4.4583
9 1.19 1.60293 7.91592
10 1.33 0.911768 10.3721
11 1.47 0.678644 12.605
12 1.61 0.697446 15.3573
13 1.75 0.873372 19.429
14 1.89 1.10446 25.4344
15 2.03 1.21338 33.0451
16 2.17 1.11732 41.0529
17 2.31 0.964157 48.8831
18 2.45 0.888724 57.0018
19 2.59 0.918484 66.3783
20 2.73 0.992359 77.6336
21 2.87 1.05576 90.8673
22 3.01 1.05941 105.474
23 3.15 1.02209 120.907
24 3.29 0.976915 136.997
25 3.43 0.960276 154.189
26 3.57 0.979175 173.179
27 3.71 1.0068 194.265
28 3.85 1.0248 217.379
29 3.99 1.01737 242.025
30 4.13 1.00371 268.075
31 4.27 0.986844 295.454
32 4.41 0.986254 324.639
33 4.55 0.99434 355.962
34 4.69 1.00834 389.71
35 4.83 1.01111 425.602
36 4.97 1.00307 463.301
37 5.11 1.00013 503.038
38 5.25 0.996383 544.825
39 5.39 0.993966 588.763
40 5.53 0.999186 635.256
41 5.67 1.00346 684.342
42 5.81 1.00485 735.952
43 5.95 1.00133 789.891
44 6.09 0.999701 846.305
45 6.23 0.99841 905.267
46 6.37 0.997717 966.866
47 6.51 1.00093 1031.41
48 6.65 1.00292 1098.89
49 6.79 1.00153 1169.15
50 6.93 1.001 1242.29
97000 50
1 0.07 0 0
2 0.21 0 0
3 0.35 0 0
4 0.49 0 0
5 0.63 0 0
6 0.77 0 0
7 0.91 0.396141 0.500098
8 1.05 2.37566 4.49102
9 1.19 1.58731 7.91494
10 1.33 0.902995 10.3475
11 1.47 0.690041 12.6179
12 1.61 0.704994 15.4
13 1.75 0.865265 19.4339
14 1.89 1.09961 25.4129
15 2.03 1.22211 33.0784
16 2.17 1.1166 41.0811
17 2.31 0.956365 48.8479
18 2.45 0.896239 57.0353
19 2.59 0.918302 66.41
20 2.73 0.989475 77.6325
21 2.87 1.05319 90.8341
22 3.01 1.06118 105.465
23 3.15 1.02141 120.888
24 3.29 0.977294 136.985
25 3.43 0.963565 154.235
26 3.57 0.978103 173.204
27 3.71 1.00695 194.294
28 3.85 1.02201 217.345
29 3.99 1.01948 242.042
30 4.13 0.999795 267.99
31 4.27 0.992304 295.52
32 4.41 0.987221 324.735
33 4.55 0.995208 356.085
34 4.69 1.00487 389.717
35 4.83 1.00872 425.523
36 4.97 1.00497 463.295
37 5.11 1.00001 503.027
38 5.25 0.995121 544.76
39 5.39 0.998174 588.884
40 5.53 0.998531 635.347
41 5.67 1.00308 684.414
42 5.81 1.00293 735.926
43 5.95 0.999678 789.776
44 6.09 1.00098 846.262
45 6.23 0.999426 905.284
46 6.37 0.999745 967.008
47 6.51 0.999471 1031.46
48 6.65 1.00222 1098.89
49 6.79 0.999021 1168.97
50 6.93 1.00314 1242.27
98000 50
1 0.07 0 0
2 0.21 0 0
3 0.35 0 0
4 0.49 0 0
5 0.63 0 0
6 0.77 0 0
7 0.91 0.397765 0.502148
8 1.05 2.36078 4.46807
9 1.19 1.60239 7.92451
10 1.33 0.909666 10.375
11 1.47 0.686004 12.6321
12 1.61 0.694105 15.3713
13 1.75 0.86891 19.4222
14 1.89 1.09658 25.3847
15 2.03 1.22143 33.0459
16 2.17 1.12349 41.0979
17 2.31 0.960045 48.8947
18 2.45 0.890627 57.0308
19 2.59 0.912448 66.3457
20 2.73 0.990077 77.5751
21 2.87 1.05781 90.8345
22 3.01 1.06299 105.49
23 3.15 1.02081 120.904
24 3.29 0.978285 137.017
25 3.43 0.959376 154.193
26 3.57 0.978218 173.164
27 3.71 1.01024 194.323
28 3.85 1.02016 217.332
29 3.99 1.01874 242.01
30 4.13 1.00254 268.031
31 4.27 0.98941 295.48
32 4.41 0.986687 324.679
33 4.55 0.99606 356.056
34 4.69 1.00639 389.738
35 4.83 1.009 425.555
36 4.97 1.00414 463.295
37 5.11 0.998456 502.965
38 5.25 0.99703 544.779
39 5.39 0.995634 588.791
40 5.53 1.00136 635.385
41 5.67 1.00216 684.407
42 5.81 1.00571 736.062
43 5.95 0.998585 789.853
44 6.09 0.999242 846.241
45 6.23 0.999207 905.25
46 6.37 0.998853 966.919
47 6.51 1.00334 1031.62
48 6.65 1.00085 1098.96
49 6.79 1.00009 1169.12
50 6.93 0.999214 1242.13
99000 50
1 0.07 0 0
2 0.21 0 0
3 0.35 0 0
4 0.49 0 0
5 0.63 0 0
6 0.77 0 0
7 0.91 0.399467 0.504297
8 1.05 2.36462 4.47666
9 1.19 1.59682 7.92109
10 1.33 0.900784 10.3477
11 1.47 0.694612 12.6331
12 1.61 0.694081 15.3722
13 1.75 0.873498 19.4444
14 1.89 1.09749 25.4119
15 2.03 1.21926 33.0596
16 2.17 1.12393 41.1147
17 2.31 0.95859 48.8997
18 2.45 0.889729 57.0275
19 2.59 0.914466 66.3631
20 2.73 0.9887 77.5769
21 2.87 1.06195 90.8882
22 3.01 1.0601 105.504
23 3.15 1.02133 120.925
24 3.29 0.979743 137.063
25 3.43 0.957205 154.199
26 3.57 0.976783 173.143
27 3.71 1.00859 194.267
28 3.85 1.02433 217.37
29 3.99 1.0206 242.094
30 4.13 1.00121 268.079
31 4.27 0.987182 295.467
32 4.41 0.986815 324.67
33 4.55 0.994392 355.994
34 4.69 1.00787 389.726
35 4.83 1.01031 425.589
36 4.97 1.00546 463.379
37 5.11 0.998844 503.065
38 5.25 0.994322 544.765
39 5.39 0.996003 588.793
40 5.53 1.00052 635.348
41 5.67 1.00229 684.376
42 5.81 1.00501 735.995
43 5.95 1.00164 789.95
44 6.09 0.998564 846.301
45 6.23 0.999485 905.326
46 6.37 0.997908 966.936
47 6.51 1.00033 1031.44
48 6.65 1.00185 1098.85
49 6.79 1.0007 1169.05
50 6.93 1.00179 1242.25
100000 50
1 0.07 0 0
2 0.21 0 0
3 0.35 0 0
4 0.49 0 0
5 0.63 0 0
6 0.77 0 0
7 0.91 0.400782 0.505957
8 1.05 2.35375 4.46006
9 1.19 1.59986 7.91104
10 1.33 0.917677 10.3831
11 1.47 0.684342 12.6348
12 1.61 0.691556 15.3639
13 1.75 0.874377 19.4402
14 1.89 1.09845 25.4129
15 2.03 1.2168 33.0451
16 2.17 1.12047 41.0755
17 2.31 0.964193 48.906
18 2.45 0.890637 57.0421
19 2.59 0.912343 66.356
20 2.73 0.988433 77.5667
21 2.87 1.05827 90.8319
22 3.01 1.06374 105.498
23 3.15 1.02183 120.927
24 3.29 0.97615 137.005
25 3.43 0.960985 154.209
26 3.57 0.976431 173.146
27 3.71 1.00682 194.233
28 3.85 1.02661 217.388
29 3.99 1.01934 242.081
30 4.13 1.00126 268.068
31 4.27 0.987879 295.475
32 4.41 0.984542 324.61
33 4.55 0.994752 355.946
34 4.69 1.00916 389.722
35 4.83 1.01054 425.593
36 4.97 1.00423 463.336
37 5.11 0.999508 503.048
38 5.25 0.993854 544.729
39 5.39 0.996712 588.788
40 5.53 0.996757 635.168
41 5.67 1.00712 684.433
42 5.81 1.00474 736.038
43 5.95 1.00103 789.96
44 6.09 0.997226 846.235
45 6.23 0.998625 905.209
46 6.37 0.999435 966.914
47 6.51 1.00059 1031.44
48 6.65 1.00212 1098.86
49 6.79 1.00279 1169.21
50 6.93 0.999214 1242.22
