# Time-averaged data for fix 1
# TimeStep Number-of-rows
# Row c_RDF[1] c_RDF[2] c_RDF[3]
1000 50
1 0.07 0 0
2 0.21 0 0
3 0.35 0 0
4 0.49 0 0
5 0.63 0 0
6 0.77 0.00110785 0.000390625
7 0.91 0.492674 0.269141
8 1.05 1.40194 1.35303
9 1.19 1.27736 2.58564
10 1.33 1.06262 3.82832
11 1.47 0.955211 5.15361
12 1.61 0.910914 6.66592
13 1.75 0.916812 8.47393
14 1.89 0.947814 10.6795
15 2.03 1.00907 13.3796
16 2.17 1.02546 16.4856
17 2.31 1.02207 20.0022
18 2.45 0.996764 23.8328
19 2.59 0.992773 28.0788
20 2.73 0.991583 32.7985
21 2.87 0.991257 38.0104
22 3.01 0.998369 43.8188
23 3.15 1.00198 50.1687
24 3.29 1.00723 57.1472
25 3.43 1.00169 64.7014
26 3.57 0.996593 72.8245
27 3.71 0.990082 81.5902
28 3.85 0.997609 91.0231
29 3.99 1.00316 101.251
30 4.13 0.996648 112.107
31 4.27 0.999808 123.781
32 4.41 1.00486 136.256
33 4.55 1.00225 149.512
34 4.69 0.994717 163.484
35 4.83 1.00346 178.409
36 4.97 1.00013 194.209
37 5.11 0.99973 210.912
38 5.25 1.0011 228.578
39 5.39 0.995084 247.093
40 5.53 1.00358 266.68
41 5.67 0.997818 287.202
42 5.81 1.00009 308.793
43 5.95 0.997862 331.411
44 6.09 0.998119 355.078
45 6.23 1.00121 379.904
46 6.37 1.0047 405.933
47 6.51 0.999403 433.056
48 6.65 0.999336 461.309
49 6.79 1.00655 490.853
50 6.93 0.994271 521.395
2000 50
1 0.07 0 0
2 0.21 0 0
3 0.35 0 0
4 0.49 0 0
5 0.63 0 0
6 0.77 0 0
7 0.91 0.431248 0.497363
8 1.05 2.1515 3.83711
9 1.19 1.5739 6.96396
10 1.33 0.975589 9.36885
11 1.47 0.76981 11.6836
12 1.61 0.741852 14.3606
13 1.75 0.866336 18.0719
14 1.89 1.05296 23.3474
15 2.03 1.16164 30.0637
16 2.17 1.09763 37.3053
17 2.31 0.995149 44.7193
18 2.45 0.931943 52.5236
19 2.59 0.936769 61.298
20 2.73 0.980156 71.5222
21 2.87 1.02491 83.3416
22 3.01 1.04086 96.5494
23 3.15 1.02465 110.771
24 3.29 0.991729 125.773
25 3.43 0.979918 141.88
26 3.57 0.983203 159.395
27 3.71 0.998477 178.62
28 3.85 1.01063 199.58
29 3.99 1.01113 222.1
30 4.13 1.0042 246.055
31 4.27 0.998951 271.521
32 4.41 0.991924 298.484
33 4.55 0.996302 327.326
34 4.69 1.00073 358.11
35 4.83 1.00375 390.862
36 4.97 1.00582 425.61
37 5.11 1.00264 462.226
38 5.25 0.996149 500.619
39 5.39 0.995808 541.06
40 5.53 1.0009 583.863
41 5.67 1.0026 628.942
42 5.81 1.00258 676.273
43 5.95 1.00027 725.792
44 6.09 1.00092 777.701
45 6.23 0.998971 831.921
46 6.37 0.998157 888.55
47 6.51 1.00157 947.902
48 6.65 1.00157 1009.84
49 6.79 0.999783 1074.31
50 6.93 1.00176 1141.59
3000 50
1 0.07 0 0
2 0.21 0 0
3 0.35 0 0
4 0.49 0 0
5 0.63 0 0
6 0.77 0 0
7 0.91 0.389213 0.491699
8 1.05 2.35617 4.45508
9 1.19 1.61585 7.94443
10 1.33 0.907994 10.3924
11 1.47 0.678397 12.6263
12 1.61 0.694908 15.3712
13 1.75 0.873251 19.4465
14 1.89 1.10284 25.4506
15 2.03 1.21346 33.0709
16 2.17 1.1225 41.1248
17 2.31 0.966767 48.9836
18 2.45 0.885364 57.0785
19 2.59 0.914871 66.4283
20 2.73 0.992424 77.6968
21 2.87 1.05457 90.9313
22 3.01 1.06262 105.598
23 3.15 1.01805 120.986
24 3.29 0.982274 137.181
25 3.43 0.959176 154.37
26 3.57 0.978468 173.368
27 3.71 1.00664 194.474
28 3.85 1.02291 217.571
29 3.99 1.01983 242.303
30 4.13 1.00171 268.328
31 4.27 0.988213 295.774
32 4.41 0.987044 325.014
33 4.55 0.995063 356.393
34 4.69 1.00587 390.095
35 4.83 1.01246 426.073
36 4.97 1.00254 463.794
37 5.11 0.999518 503.548
38 5.25 0.995506 545.342
39 5.39 0.994937 589.37
40 5.53 1.00183 636.036
41 5.67 1.00201 685.103
42 5.81 1.00319 736.686
43 5.95 1.00303 790.773
44 6.09 0.998385 847.174
45 6.23 0.999417 906.258
46 6.37 0.999137 968.01
47 6.51 0.99936 1032.52
48 6.65 1.00204 1100.02
49 6.79 1.00085 1170.3
50 6.93 1.00225 1243.62
4000 50
1 0.07 0 0
2 0.21 0 0
3 0.35 0 0
4 0.49 0 0
5 0.63 0 0
6 0.77 0 0
7 0.91 0.384835 0.483984
8 1.05 2.35437 4.42441
9 1.19 1.61302 7.89053
10 1.33 0.903157 10.3139
11 1.47 0.691152 12.5788
12 1.61 0.701584 15.3367
13 1.75 0.868508 19.3703
14 1.89 1.09294 25.2911
15 2.03 1.21856 32.9054
16 2.17 1.12077 40.9071
17 2.31 0.968102 48.7383
18 2.45 0.88758 56.8155
19 2.59 0.913415 66.1045
20 2.73 0.993367 77.3286
21 2.87 1.04973 90.4371
22 3.01 1.06418 105.054
23 3.15 1.02456 120.464
24 3.29 0.977147 136.496
25 3.43 0.960754 153.631
26 3.57 0.975634 172.479
27 3.71 1.00962 193.545
28 3.85 1.02414 216.556
29 3.99 1.0175 241.111
30 4.13 1.00386 267.065
31 4.27 0.987682 294.361
32 4.41 0.985986 323.428
33 4.55 0.997314 354.724
34 4.69 1.00368 388.188
35 4.83 1.01068 423.927
36 4.97 1.00332 461.492
37 5.11 1.0015 501.131
38 5.25 0.995068 542.702
39 5.39 0.994997 586.519
40 5.53 1.0006 632.898
41 5.67 1.00289 681.769
42 5.81 1.00395 733.136
43 5.95 1.00088 786.845
44 6.09 0.998891 842.998
45 6.23 0.999842 901.818
46 6.37 0.998784 963.247
47 6.51 1.0007 1027.53
48 6.65 1.00039 1094.58
49 6.79 1.00202 1164.61
50 6.93 1.00148 1237.51
5000 50
1 0.07 0 0
2 0.21 0 0
3 0.35 0 0
4 0.49 0 0
5 0.63 0 0
6 0.77 0 0
7 0.91 0.389332 0.487695
8 1.05 2.33222 4.37539
9 1.19 1.62245 7.84805
10 1.33 0.9167 10.2983
11 1.47 0.688362 12.5457
12 1.61 0.699063 15.2831
13 1.75 0.858601 19.2549
14 1.89 1.10565 25.2204
15 2.03 1.21164 32.7615
16 2.17 1.12225 40.7425
17 2.31 0.966376 48.5299
18 2.45 0.894856 56.6412
19 2.59 0.909953 65.8588
20 2.73 0.986347 76.9597
21 2.87 1.0544 90.0743
22 3.01 1.06499 104.644
23 3.15 1.02643 120.023
24 3.29 0.977653 136.001
25 3.43 0.9597 153.049
26 3.57 0.976163 171.834
27 3.71 1.00533 192.728
28 3.85 1.02323 215.628
29 3.99 1.01954 240.135
30 4.13 1.00274 265.959
31 4.27 0.991251 293.247
32 4.41 0.984555 322.157
33 4.55 0.997554 353.338
34 4.69 1.00138 386.595
35 4.83 1.01206 422.242
36 4.97 1.00668 459.785
37 5.11 0.997621 499.115
38 5.25 0.99761 540.63
39 5.39 0.99364 584.214
40 5.53 0.999391 630.357
41 5.67 1.00317 679.049
42 5.81 1.00578 730.308
43 5.95 1.00095 783.809
44 6.09 0.999508 839.777
45 6.23 0.996971 898.199
46 6.37 0.999824 959.45
47 6.51 0.998985 1023.37
48 6.65 1.00198 1090.27
49 6.79 1.0044 1160.18
50 6.93 1.00106 1232.76
6000 50
1 0.07 0 0
2 0.21 0 0
3 0.35 0 0
4 0.49 0 0
5 0.63 0 0
6 0.77 0 0
7 0.91 0.383903 0.482129
8 1.05 2.34733 4.40488
9 1.19 1.6091 7.85752
10 1.33 0.919126 10.3202
11 1.47 0.686375 12.5664
12 1.61 0.696717 15.3012
13 1.75 0.865814 19.3165
14 1.89 1.10067 25.2702
15 2.03 1.21727 32.8651
16 2.17 1.1195 40.8461
17 2.31 0.969631 48.6788
18 2.45 0.888952 56.7563
19 2.59 0.908298 65.9801
20 2.73 0.991456 77.1663
21 2.87 1.05675 90.3432
22 3.01 1.06334 104.926
23 3.15 1.02357 120.3
24 3.29 0.978189 136.326
25 3.43 0.959347 153.41
26 3.57 0.973988 172.2
27 3.71 1.00586 193.156
28 3.85 1.02822 216.226
29 3.99 1.01962 240.794
30 4.13 1.0026 266.679
31 4.27 0.987053 293.918
32 4.41 0.984871 322.909
33 4.55 0.992415 354.007
34 4.69 1.00895 387.598
35 4.83 1.01368 423.391
36 4.97 1.0056 460.986
37 5.11 0.995949 500.347
38 5.25 0.993543 541.795
39 5.39 0.996725 585.623
40 5.53 1.00079 631.945
41 5.67 1.00351 680.774
42 5.81 1.00506 732.124
43 5.95 1.0019 785.808
44 6.09 0.998118 841.836
45 6.23 0.997645 900.441
46 6.37 0.998669 961.774
47 6.51 1.00208 1026.05
48 6.65 1.00212 1093.12
49 6.79 1.00153 1163.01
50 6.93 1.00034 1235.72
7000 50
1 0.07 0 0
2 0.21 0 0
3 0.35 0 0
4 0.49 0 0
5 0.63 0 0
6 0.77 0 0
7 0.91 0.385669 0.486816
8 1.05 2.36213 4.45479
9 1.19 1.61178 7.93115
10 1.33 0.906482 10.3729
11 1.47 0.685536 12.6283
12 1.61 0.691534 15.357
13 1.75 0.869932 19.4123
14 1.89 1.10428 25.4162
15 2.03 1.21635 33.0451
16 2.17 1.12052 41.0753
17 2.31 0.966779 48.9262
18 2.45 0.890471 57.0601
19 2.59 0.907514 66.3236
20 2.73 0.992673 77.5816
21 2.87 1.05837 90.8473
22 3.01 1.05919 105.45
23 3.15 1.02323 120.898
24 3.29 0.979353 137.028
25 3.43 0.958188 154.181
26 3.57 0.977488 173.136
27 3.71 1.00773 194.241
28 3.85 1.0248 217.353
29 3.99 1.01947 242.048
30 4.13 1.00262 268.068
31 4.27 0.987084 295.451
32 4.41 0.985852 324.622
33 4.55 0.998887 356.086
34 4.69 1.00376 389.678
35 4.83 1.01097 425.561
36 4.97 1.0057 463.357
37 5.11 0.997843 503
38 5.25 0.992545 544.622
39 5.39 0.996381 588.664
40 5.53 1.00163 635.266
41 5.67 1.0043 684.389
42 5.81 1.00346 735.925
43 5.95 1.00056 789.817
44 6.09 0.999042 846.19
45 6.23 0.99771 905.106
46 6.37 0.99922 966.793
47 6.51 1.00283 1031.45
48 6.65 1.001 1098.8
49 6.79 1.00127 1169.03
50 6.93 0.999752 1242.08
8000 50
1 0.07 0 0
2 0.21 0 0
3 0.35 0 0
4 0.49 0 0
5 0.63 0 0
6 0.77 0 0
7 0.91 0.386132 0.483887
8 1.05 2.3436 4.39199
9 1.19 1.60415 7.82676
10 1.33 0.921247 10.2901
11 1.47 0.687421 12.5353
12 1.61 0.699334 15.2746
13 1.75 0.868415 19.2933
14 1.89 1.09547 25.2061
15 2.03 1.2131 32.759
16 2.17 1.11816 40.7139
17 2.31 0.972142 48.5507
18 2.45 0.891521 56.6348
19 2.59 0.915909 65.916
20 2.73 0.990279 77.0652
21 2.87 1.0498 90.1273
22 3.01 1.0551 104.567
23 3.15 1.02502 119.93
24 3.29 0.985625 136.045
25 3.43 0.961213 153.126
26 3.57 0.976125 171.917
27 3.71 1.00643 192.841
28 3.85 1.02077 215.695
29 3.99 1.0186 240.188
30 4.13 1.00226 266.009
31 4.27 0.992077 293.331
32 4.41 0.988399 322.364
33 4.55 0.991943 353.381
34 4.69 1.00441 386.75
35 4.83 1.00964 422.325
36 4.97 1.00833 459.944
37 5.11 0.998088 499.307
38 5.25 0.994868 540.723
39 5.39 0.997049 584.472
40 5.53 0.99669 630.507
41 5.67 1.00544 679.328
42 5.81 1.00282 730.455
43 5.95 1.00368 784.121
44 6.09 0.998422 840.049
45 6.23 0.997107 898.5
46 6.37 0.999871 959.776
47 6.51 1.0004 1023.81
48 6.65 1.00184 1090.72
49 6.79 1.00202 1160.5
50 6.93 1.00095 1233.1
9000 50
1 0.07 0 0
2 0.21 0 0
3 0.35 0 0
4 0.49 0 0
5 0.63 0 0
6 0.77 0 0
7 0.91 0.379638 0.475293
8 1.05 2.33981 4.37373
9 1.19 1.62153 7.84258
10 1.33 0.919964 10.3002
11 1.47 0.679639 12.5181
12 1.61 0.701558 15.2638
13 1.75 0.869814 19.2854
14 1.89 1.09711 25.2018
15 2.03 1.20552 32.701
16 2.17 1.12159 40.673
17 2.31 0.970441 48.4893
18 2.45 0.897052 56.6164
19 2.59 0.91197 65.8496
20 2.73 0.988926 76.9734
21 2.87 1.04984 90.0249
22 3.01 1.05905 104.506
23 3.15 1.02308 119.826
24 3.29 0.980614 135.845
25 3.43 0.967562 153.024
26 3.57 0.976042 171.797
27 3.71 1.00554 192.683
28 3.85 1.01722 215.438
29 3.99 1.01742 239.881
30 4.13 1.00729 265.809
31 4.27 0.991697 293.095
32 4.41 0.98511 322.006
33 4.55 0.994775 353.085
34 4.69 1.00731 386.521
35 4.83 1.00711 421.976
36 4.97 1.00437 459.413
37 5.11 1.00043 498.834
38 5.25 0.996599 540.285
39 5.39 0.994463 583.883
40 5.53 1.00237 630.14
41 5.67 1.00273 678.786
42 5.81 1.00172 729.811
43 5.95 1.00251 783.368
44 6.09 0.999554 839.309
45 6.23 0.998879 897.812
46 6.37 0.998191 958.932
47 6.51 1.00094 1022.94
48 6.65 1.0031 1089.88
49 6.79 1.00187 1159.58
50 6.93 0.998486 1231.94
10000 50
1 0.07 0 0
2 0.21 0 0
3 0.35 0 0
4 0.49 0 0
5 0.63 0 0
6 0.77 0 0
7 0.91 0.388861 0.488965
8 1.05 2.34392 4.41113
9 1.19 1.62307 7.89834
10 1.33 0.906069 10.3295
11 1.47 0.687668 12.5831
12 1.61 0.688554 15.2896
13 1.75 0.877108 19.3627
14 1.89 1.09675 25.3026
15 2.03 1.21147 32.8714
16 2.17 1.12598 40.9095
17 2.31 0.97173 48.77
18 2.45 0.888999 56.8591
19 2.59 0.906195 66.0736
20 2.73 0.987502 77.2298
21 2.87 1.05632 90.4184
22 3.01 1.06323 105.02
23 3.15 1.02752 120.473
24 3.29 0.980086 136.553
25 3.43 0.956069 153.601
26 3.57 0.976968 172.474
27 3.71 1.00297 193.397
28 3.85 1.02471 216.418
29 3.99 1.02411 241.129
30 4.13 1.00303 267.06
31 4.27 0.98658 294.323
32 4.41 0.986483 323.4
33 4.55 0.994292 354.598
34 4.69 1.00491 388.099
35 4.83 1.01026 423.819
36 4.97 1.00718 461.523
37 5.11 0.998846 501.053
38 5.25 0.996717 542.688
39 5.39 0.995276 586.511
40 5.53 0.997961 632.764
41 5.67 1.00248 681.608
42 5.81 1.0058 733.064
43 5.95 1.00154 786.801
44 6.09 1.0003 843.026
45 6.23 0.996192 901.625
46 6.37 0.999953 963.119
47 6.51 1.00196 1027.47
48 6.65 1.00014 1094.5
49 6.79 1.00169 1164.49
50 6.93 1.00233 1237.45
11000 50
1 0.07 0 0
2 0.21 0 0
3 0.35 0 0
4 0.49 0 0
5 0.63 0 0
6 0.77 0 0
7 0.91 0.386538 0.485156
8 1.05 2.34394 4.39941
9 1.19 1.61318 7.8585
10 1.33 0.921087 10.325
11 1.47 0.683178 12.5595
12 1.61 0.695334 15.2872
13 1.75 0.869112 19.3149
14 1.89 1.09457 25.2312
15 2.03 1.21857 32.8293
16 2.17 1.1223 40.8251
17 2.31 0.966161 48.625
18 2.45 0.893408 56.7379
19 2.59 0.912725 66.0004
20 2.73 0.986691 77.1249
21 2.87 1.05458 90.2656
22 3.01 1.05856 104.774
23 3.15 1.02699 120.189
24 3.29 0.980206 136.238
25 3.43 0.961677 153.352
26 3.57 0.97697 172.187
27 3.71 1.00256 193.06
28 3.85 1.0228 215.993
29 3.99 1.01715 240.487
30 4.13 1.00754 266.481
31 4.27 0.989439 293.769
32 4.41 0.990405 322.904
33 4.55 0.989344 353.884
34 4.69 1.00313 387.259
35 4.83 1.01079 422.926
36 4.97 1.00659 460.533
37 5.11 1.00198 500.107
38 5.25 0.995713 541.618
39 5.39 0.996831 585.422
40 5.53 0.994718 631.433
41 5.67 1.00302 680.206
42 5.81 1.00557 731.547
43 5.95 1.00498 785.36
44 6.09 0.997619 841.324
45 6.23 0.997717 899.895
46 6.37 0.998517 961.177
47 6.51 0.99959 1025.25
48 6.65 1.00274 1092.32
49 6.79 1.00209 1162.2
50 6.93 1.0028 1235.04
12000 50
1 0.07 0 0
2 0.21 0 0
3 0.35 0 0
4 0.49 0 0
5 0.63 0 0
6 0.77 0 0
7 0.91 0.397076 0.499023
8 1.05 2.34535 4.421
9 1.19 1.59726 7.85059
10 1.33 0.912968 10.2986
11 1.47 0.69465 12.5737
12 1.61 0.706314 15.3483
13 1.75 0.86863 19.3793
14 1.89 1.09116 25.2854
15 2.03 1.21197 32.8525
16 2.17 1.12362 40.8685
17 2.31 0.961683 48.6428
18 2.45 0.897414 56.8031
19 2.59 0.913613 66.0873
20 2.73 0.99304 77.2988
21 2.87 1.05024 90.4033
22 3.01 1.05929 104.941
23 3.15 1.02413 120.334
24 3.29 0.975544 136.329
25 3.43 0.967009 153.561
26 3.57 0.97709 172.424
27 3.71 1.00521 193.381
28 3.85 1.02199 216.326
29 3.99 1.01653 240.838
30 4.13 1.00509 266.805
31 4.27 0.987604 294.079
32 4.41 0.989371 323.223
33 4.55 0.996185 354.46
34 4.69 1.00443 387.924
35 4.83 1.00736 423.518
36 4.97 1.00585 461.149
37 5.11 1.00083 500.731
38 5.25 0.994626 542.253
39 5.39 0.99628 586.092
40 5.53 1.00033 632.425
41 5.67 1.00172 681.201
42 5.81 1.00472 732.569
43 5.95 1.00093 786.239
44 6.09 0.999865 842.404
45 6.23 0.998441 901.097
46 6.37 0.9993 962.511
47 6.51 1.00096 1026.76
48 6.65 1.00122 1093.82
49 6.79 1.00162 1163.76
50 6.93 1.00138 1236.6
13000 50
1 0.07 0 0
2 0.21 0 0
3 0.35 0 0
4 0.49 0 0
5 0.63 0 0
6 0.77 0 0
7 0.91 0.390522 0.491309
8 1.05 2.34682 4.42002
9 1.19 1.60312 7.86582
10 1.33 0.923726 10.3454
11 1.47 0.690874 12.6105
12 1.61 0.693903 15.3392
13 1.75 0.869655 19.3794
14 1.89 1.09278 25.3005
15 2.03 1.21556 32.8982
16 2.17 1.12493 40.932
17 2.31 0.965648 48.7467
18 2.45 0.889606 56.8449
19 2.59 0.91502 66.1531
20 2.73 0.990557 77.3488
21 2.87 1.05397 90.5141
22 3.01 1.05967 105.072
23 3.15 1.02483 120.492
24 3.29 0.978288 136.549
25 3.43 0.960227 153.679
26 3.57 0.977609 172.572
27 3.71 1.00777 193.605
28 3.85 1.02161 216.566
29 3.99 1.02109 241.215
30 4.13 0.99954 267.066
31 4.27 0.992059 294.492
32 4.41 0.982637 323.468
33 4.55 1.00043 354.873
34 4.69 1.00431 388.368
35 4.83 1.00784 424.018
36 4.97 1.00579 461.688
37 5.11 0.998129 501.205
38 5.25 0.997632 542.897
39 5.39 0.995384 586.743
40 5.53 1 633.111
41 5.67 1.00249 681.977
42 5.81 1.00189 733.255
43 5.95 1.00341 787.116
44 6.09 1.00014 843.356
45 6.23 0.998086 902.092
46 6.37 0.999932 963.611
47 6.51 0.999928 1027.86
48 6.65 1.0013 1095
49 6.79 1.00096 1164.97
50 6.93 1.00092 1237.85
14000 50
1 0.07 0 0
2 0.21 0 0
3 0.35 0 0
4 0.49 0 0
5 0.63 0 0
6 0.77 0 0
7 0.91 0.391019 0.491699
8 1.05 2.34288 4.41191
9 1.19 1.61073 7.87246
10 1.33 0.914552 10.3262
11 1.47 0.694671 12.6027
12 1.61 0.69126 15.3197
13 1.75 0.867598 19.3483
14 1.89 1.10264 25.3199
15 2.03 1.20877 32.8716
16 2.17 1.1216 40.878
17 2.31 0.971982 48.7402
18 2.45 0.891791 56.8542
19 2.59 0.915448 66.1626
20 2.73 0.983266 77.2699
21 2.87 1.0556 90.449
22 3.01 1.06113 105.021
23 3.15 1.02301 120.406
24 3.29 0.979644 136.477
25 3.43 0.961844 153.628
26 3.57 0.978726 172.533
27 3.71 1.00472 193.492
28 3.85 1.01997 216.406
29 3.99 1.02085 241.037
30 4.13 1.00466 267.008
31 4.27 0.988343 294.319
32 4.41 0.987544 323.426
33 4.55 0.994507 354.629
34 4.69 1.0043 388.108
35 4.83 1.01086 423.847
36 4.97 1.00547 461.486
37 5.11 0.99984 501.053
38 5.25 0.994192 542.581
39 5.39 0.99667 586.463
40 5.53 1.00067 632.839
41 5.67 1.0033 681.721
42 5.81 1.00134 732.946
43 5.95 1.00135 786.67
44 6.09 1.00199 842.987
45 6.23 0.99841 901.714
46 6.37 0.998527 963.117
47 6.51 1.00001 1027.34
48 6.65 1.00075 1094.41
49 6.79 1.00259 1164.46
50 6.93 0.999295 1237.19
15000 50
1 0.07 0 0
2 0.21 0 0
3 0.35 0 0
4 0.49 0 0
5 0.63 0 0
6 0.77 0 0
7 0.91 0.389779 0.488574
8 1.05 2.33881 4.38975
9 1.19 1.60977 7.8374
10 1.33 0.915395 10.2857
11 1.47 0.691571 12.5448
12 1.61 0.703324 15.3004
13 1.75 0.86908 19.3234
14 1.89 1.09226 25.2204
15 2.03 1.20892 32.7493
16 2.17 1.12082 40.7248
17 2.31 0.967747 48.5281
18 2.45 0.899262 56.6845
19 2.59 0.911845 65.9268
20 2.73 0.994118 77.122
21 2.87 1.04884 90.1758
22 3.01 1.05808 104.66
23 3.15 1.02029 119.956
24 3.29 0.983395 136.038
25 3.43 0.964533 153.183
26 3.57 0.979494 172.043
27 3.71 1.00413 192.925
28 3.85 1.01983 215.763
29 3.99 1.01537 240.185
30 4.13 1.00366 266.048
31 4.27 0.994974 293.456
32 4.41 0.98681 322.45
33 4.55 0.995394 353.583
34 4.69 1.00338 386.926
35 4.83 1.00617 422.388
36 4.97 1.00697 459.965
37 5.11 1.00169 499.48
38 5.25 0.994463 540.89
39 5.39 0.998696 584.722
40 5.53 0.998123 630.835
41 5.67 1.00234 679.517
42 5.81 1.00137 730.583
43 5.95 1.00262 784.206
44 6.09 1.00056 840.267
45 6.23 0.999571 898.877
46 6.37 0.998687 960.097
47 6.51 1.00013 1024.13
48 6.65 1.00059 1090.98
49 6.79 1.00119 1160.71
50 6.93 1.00197 1233.4
16000 50
1 0.07 0 0
2 0.21 0 0
3 0.35 0 0
4 0.49 0 0
5 0.63 0 0
6 0.77 0 0
7 0.91 0.39131 0.494141
8 1.05 2.35801 4.45635
9 1.19 1.60838 7.92646
10 1.33 0.911301 10.3818
11 1.47 0.682884 12.6291
12 1.61 0.692929 15.3642
13 1.75 0.870003 19.4211
14 1.89 1.10939 25.4547
15 2.03 1.2127 33.063
16 2.17 1.11888 41.0837
17 2.31 0.962296 48.9004
18 2.45 0.893988 57.0688
19 2.59 0.907186 66.332
20 2.73 0.993211 77.5995
21 2.87 1.06162 90.9099
22 3.01 1.06056 105.535
23 3.15 1.02113 120.957
24 3.29 0.973461 136.995
25 3.43 0.963158 154.241
26 3.57 0.976639 173.186
27 3.71 1.00846 194.312
28 3.85 1.02586 217.455
29 3.99 1.02044 242.18
30 4.13 1.00027 268.147
31 4.27 0.985893 295.506
32 4.41 0.985533 324.676
33 4.55 0.997203 356.096
34 4.69 1.00793 389.838
35 4.83 1.00994 425.696
36 4.97 1.00382 463.432
37 5.11 0.999788 503.164
38 5.25 0.994413 544.878
39 5.39 0.995084 588.875
40 5.53 1.0009 635.457
41 5.67 1.00345 684.553
42 5.81 1.00517 736.192
43 5.95 1.00024 790.083
44 6.09 0.999334 846.49
45 6.23 0.997566 905.415
46 6.37 0.998758 967.091
47 6.51 1.00144 1031.68
48 6.65 1.00209 1099.12
49 6.79 1.00233 1169.45
50 6.93 1.0001 1242.55
17000 50
1 0.07 0 0
2 0.21 0 0
3 0.35 0 0
4 0.49 0 0
5 0.63 0 0
6 0.77 0 0
7 0.91 0.379612 0.47627
8 1.05 2.34317 4.38818
9 1.19 1.627 7.87578
10 1.33 0.908932 10.309
11 1.47 0.686784 12.5545
12 1.61 0.692818 15.2716
13 1.75 0.871292 19.3084
14 1.89 1.09713 25.2368
15 2.03 1.21413 32.8049
16 2.17 1.12564 40.8219
17 2.31 0.968269 48.6363
18 2.45 0.885013 56.6708
19 2.59 0.912824 65.9317
20 2.73 0.990814 77.0994
21 2.87 1.05601 90.2537
22 3.01 1.06149 104.798
23 3.15 1.02435 120.168
24 3.29 0.979988 136.209
25 3.43 0.958924 153.269
26 3.57 0.974788 172.056
27 3.71 1.00506 192.976
28 3.85 1.02501 215.95
29 3.99 1.02342 240.588
30 4.13 1.00226 266.439
31 4.27 0.986533 293.638
32 4.41 0.985442 322.618
33 4.55 0.993861 353.731
34 4.69 1.00784 387.253
35 4.83 1.00888 422.842
36 4.97 1.00826 460.5
37 5.11 0.998232 499.914
38 5.25 0.996049 541.427
39 5.39 0.993574 585.074
40 5.53 0.998505 631.246
41 5.67 1.00252 679.981
42 5.81 1.00602 731.33
43 5.95 1.0044 785.096
44 6.09 0.998756 841.106
45 6.23 0.995041 899.503
46 6.37 1.00017 960.869
47 6.51 1.0016 1025.05
48 6.65 1.00095 1091.98
49 6.79 1.00231 1161.86
50 6.93 1.00223 1234.63
18000 50
1 0.07 0 0
2 0.21 0 0
3 0.35 0 0
4 0.49 0 0
5 0.63 0 0
6 0.77 0 0
7 0.91 0.382898 0.480957
8 1.05 2.35261 4.41328
9 1.19 1.61365 7.87637
10 1.33 0.918163 10.3371
11 1.47 0.68224 12.5704
12 1.61 0.69149 15.2854
13 1.75 0.866619 19.3053
14 1.89 1.10576 25.2875
15 2.03 1.21954 32.8981
16 2.17 1.11649 40.8595
17 2.31 0.963681 48.6461
18 2.45 0.890186 56.7368
19 2.59 0.913324 66.0137
20 2.73 0.98844 77.1679
21 2.87 1.06033 90.3916
22 3.01 1.06015 104.934
23 3.15 1.01832 120.233
24 3.29 0.97838 136.266
25 3.43 0.966069 153.474
26 3.57 0.974774 172.283
27 3.71 1.00644 193.255
28 3.85 1.02409 216.236
29 3.99 1.02135 240.853
30 4.13 1.00025 266.683
31 4.27 0.989412 293.993
32 4.41 0.985752 323.017
33 4.55 0.996275 354.241
34 4.69 1.00518 387.714
35 4.83 1.00875 423.34
36 4.97 1.00712 461.001
37 5.11 0.999258 500.502
38 5.25 0.99393 541.975
39 5.39 0.99633 585.794
40 5.53 0.998326 632.012
41 5.67 1.00415 680.883
42 5.81 1.00457 732.219
43 5.95 1.00303 785.976
44 6.09 0.998297 842.026
45 6.23 0.997835 900.655
46 6.37 0.999238 962.036
47 6.51 1.00038 1026.22
48 6.65 1.00212 1093.31
49 6.79 1.00066 1163.15
50 6.93 1.00337 1236.09
19000 50
1 0.07 0 0
2 0.21 0 0
3 0.35 0 0
4 0.49 0 0
5 0.63 0 0
6 0.77 0 0
7 0.91 0.386482 0.485742
8 1.05 2.34833 4.41299
9 1.19 1.61699 7.88525
10 1.33 0.908245 10.3209
11 1.47 0.686766 12.5704
12 1.61 0.700887 15.3239
13 1.75 0.869169 19.3578
14 1.89 1.0957 25.2887
15 2.03 1.21232 32.8587
16 2.17 1.12609 40.8931
17 2.31 0.96772 48.717
18 2.45 0.887552 56.7885
19 2.59 0.9126 66.0631
20 2.73 0.992631 77.2708
21 2.87 1.05223 90.4011
22 3.01 1.06093 104.963
23 3.15 1.02471 120.366
24 3.29 0.979504 136.427
25 3.43 0.960783 153.55
26 3.57 0.977321 172.419
27 3.71 1.00574 193.388
28 3.85 1.02177 216.33
29 3.99 1.01712 240.859
30 4.13 1.00762 266.894
31 4.27 0.98979 294.231
32 4.41 0.984563 323.235
33 4.55 0.993886 354.403
34 4.69 1.00509 387.891
35 4.83 1.00902 423.547
36 4.97 1.00769 461.251
37 5.11 1.00083 500.837
38 5.25 0.995843 542.413
39 5.39 0.994298 586.168
40 5.53 0.998957 632.441
41 5.67 1.00106 681.19
42 5.81 1.00552 732.603
43 5.95 1.00394 786.439
44 6.09 0.99962 842.596
45 6.23 0.998665 901.308
46 6.37 0.995157 962.472
47 6.51 1.00135 1026.75
48 6.65 1.0017 1093.85
49 6.79 1.00489 1164.02
50 6.93 0.999825 1236.75
20000 50
1 0.07 0 0
2 0.21 0 0
3 0.35 0 0
4 0.49 0 0
5 0.63 0 0
6 0.77 0 0
7 0.91 0.387225 0.486523
8 1.05 2.34748 4.41123
9 1.19 1.61507 7.87822
10 1.33 0.912594 10.3248
11 1.47 0.681403 12.556
12 1.61 0.698295 15.2984
13 1.75 0.873395 19.3509
14 1.89 1.10088 25.308
15 2.03 1.20989 32.8604
16 2.17 1.1233 40.8722
17 2.31 0.964317 48.6662
18 2.45 0.89334 56.788
19 2.59 0.915132 66.0855
20 2.73 0.988042 77.238
21 2.87 1.0541 90.3875
22 3.01 1.06019 104.934
23 3.15 1.02227 120.296
24 3.29 0.98154 136.386
25 3.43 0.961568 153.517
26 3.57 0.975134 172.338
27 3.71 1.00437 193.273
28 3.85 1.0248 216.276
29 3.99 1.01892 240.84
30 4.13 1.00321 266.753
31 4.27 0.991583 294.131
32 4.41 0.986334 323.179
33 4.55 0.992887 354.305
34 4.69 1.00228 387.69
35 4.83 1.01058 423.39
36 4.97 1.00816 461.1
37 5.11 1.00113 500.685
38 5.25 0.995415 542.23
39 5.39 0.995008 586.003
40 5.53 0.997496 632.195
41 5.67 1.00264 681.005
42 5.81 1.00499 732.375
43 5.95 1.00142 786.059
44 6.09 1.00266 842.369
45 6.23 0.996999 900.965
46 6.37 0.996872 962.216
47 6.51 1.00089 1026.45
48 6.65 1.00122 1093.49
49 6.79 1.00384 1163.57
50 6.93 1.00083 1236.35
