# Time-averaged data for fix 1
# TimeStep Number-of-rows
# Row c_RDF[1] c_RDF[2] c_RDF[3]
21000 50
1 0.055 0 0
2 0.165 0 0
3 0.275 0 0
4 0.385 0 0
5 0.495 0 0
6 0.605 0 0
7 0.715 0 0
8 0.825 0.000604795 0.000488281
9 0.935 0.637378 0.66123
10 1.045 2.40387 3.77334
11 1.155 1.86819 6.72744
12 1.265 1.16906 8.94463
13 1.375 0.810142 10.7598
14 1.485 0.677092 12.5291
15 1.595 0.686218 14.5977
16 1.705 0.793838 17.3319
17 1.815 0.979918 21.1565
18 1.925 1.13495 26.1393
19 2.035 1.22077 32.1286
20 2.145 1.14379 38.3632
21 2.255 1.02285 44.5249
22 2.365 0.935088 50.7208
23 2.475 0.888295 57.1668
24 2.585 0.91259 64.3907
25 2.695 0.962014 72.6677
26 2.805 1.02624 82.2326
27 2.915 1.06536 92.9562
28 3.025 1.05928 104.438
29 3.135 1.03131 116.445
30 3.245 0.991389 128.811
31 3.355 0.96408 141.665
32 3.465 0.964114 155.376
33 3.575 0.981419 170.234
34 3.685 1.00025 186.323
35 3.795 1.01456 203.631
36 3.905 1.02483 222.142
37 4.015 1.01698 241.561
38 4.125 1.004 261.797
39 4.235 0.992918 282.89
40 4.345 0.983363 304.881
41 4.455 0.989025 328.131
42 4.565 0.995414 352.702
43 4.675 1.01033 378.857
44 4.785 1.00703 406.168
45 4.895 1.00558 434.708
46 5.005 1.00549 464.542
47 5.115 0.997303 495.449
48 5.225 0.996699 527.679
49 5.335 0.997325 561.301
50 5.445 0.995385 596.257
22000 50
1 0.055 0 0
2 0.165 0 0
3 0.275 0 0
4 0.385 0 0
5 0.495 0 0
6 0.605 0 0
7 0.715 0 0
8 0.825 0.000483836 0.000390625
9 0.935 0.620892 0.644043
10 1.045 2.4105 3.76475
11 1.155 1.89827 6.76641
12 1.265 1.14476 8.9375
13 1.375 0.80696 10.7455
14 1.485 0.681016 12.5251
15 1.595 0.685149 14.5904
16 1.705 0.79398 17.3252
17 1.815 0.979918 21.1498
18 1.925 1.1428 26.167
19 2.035 1.21044 32.1057
20 2.145 1.15783 38.4168
21 2.255 1.0191 44.556
22 2.365 0.924226 50.6799
23 2.475 0.893678 57.1649
24 2.585 0.908617 64.3574
25 2.695 0.967712 72.6834
26 2.805 1.02935 82.2773
27 2.915 1.06173 92.9643
28 3.025 1.05721 104.424
29 3.135 1.03203 116.439
30 3.245 0.992337 128.817
31 3.355 0.965406 141.689
32 3.465 0.964293 155.403
33 3.575 0.976788 170.19
34 3.685 1.00147 186.299
35 3.795 1.01664 203.642
36 3.905 1.02644 222.182
37 4.015 1.01612 241.585
38 4.125 1.00083 261.757
39 4.235 0.991548 282.821
40 4.345 0.985202 304.853
41 4.455 0.990898 328.147
42 4.565 0.997021 352.758
43 4.675 1.0057 378.793
44 4.785 1.00715 406.107
45 4.895 1.00937 434.755
46 5.005 1.00494 464.573
47 5.115 0.996172 495.444
48 5.225 0.996262 527.66
49 5.335 0.994828 561.198
50 5.445 0.998269 596.255
23000 50
1 0.055 0 0
2 0.165 0 0
3 0.275 0 0
4 0.385 0 0
5 0.495 0 0
6 0.605 0 0
7 0.715 0 0
8 0.825 0.000846713 0.000683594
9 0.935 0.629842 0.653613
10 1.045 2.39489 3.7541
11 1.155 1.89444 6.74971
12 1.265 1.16324 8.95586
13 1.375 0.795977 10.7393
14 1.485 0.683258 12.5247
15 1.595 0.690041 14.6048
16 1.705 0.800331 17.3614
17 1.815 0.971461 21.153
18 1.925 1.14273 26.1699
19 2.035 1.20895 32.1013
20 2.145 1.14565 38.346
21 2.255 1.02907 44.5452
22 2.365 0.928309 50.6962
23 2.475 0.889479 57.1508
24 2.585 0.916648 64.4068
25 2.695 0.967394 72.7301
26 2.805 1.02547 82.2878
27 2.915 1.06311 92.9887
28 3.025 1.05522 104.427
29 3.135 1.02679 116.381
30 3.245 0.989111 128.718
31 3.355 0.972972 141.691
32 3.465 0.963393 155.392
33 3.575 0.981748 170.255
34 3.685 1.00042 186.347
35 3.795 1.01459 203.655
36 3.905 1.02092 222.096
37 4.015 1.01753 241.525
38 4.125 1.00555 261.792
39 4.235 0.990601 282.836
40 4.345 0.987661 304.923
41 4.455 0.990715 328.213
42 4.565 0.995885 352.795
43 4.675 1.00534 378.821
44 4.785 1.00774 406.152
45 4.895 1.00644 434.716
46 5.005 1.00316 464.481
47 5.115 0.997174 495.383
48 5.225 0.998083 527.658
49 5.335 0.999938 561.369
50 5.445 0.997999 596.416
24000 50
1 0.055 0 0
2 0.165 0 0
3 0.275 0 0
4 0.385 0 0
5 0.495 0 0
6 0.605 0 0
7 0.715 0 0
8 0.825 0.000362877 0.000292969
9 0.935 0.638226 0.661914
10 1.045 2.3878 3.75322
11 1.155 1.89376 6.74775
12 1.265 1.15959 8.94697
13 1.375 0.799812 10.739
14 1.485 0.683483 12.525
15 1.595 0.691305 14.6089
16 1.705 0.790918 17.3331
17 1.815 0.976265 21.1435
18 1.925 1.13395 26.1218
19 2.035 1.21779 32.0965
20 2.145 1.15721 38.4042
21 2.255 1.02356 44.5702
22 2.365 0.929178 50.727
23 2.475 0.885966 57.1561
24 2.585 0.906347 64.3306
25 2.695 0.966838 72.649
26 2.805 1.03307 82.2776
27 2.915 1.06159 92.9632
28 3.025 1.06025 104.456
29 3.135 1.0297 116.444
30 3.245 0.989236 128.783
31 3.355 0.967794 141.687
32 3.465 0.963785 155.393
33 3.575 0.979387 170.22
34 3.685 0.995438 186.232
35 3.795 1.02046 203.64
36 3.905 1.02531 222.16
37 4.015 1.0158 241.556
38 4.125 1.00311 261.774
39 4.235 0.992518 282.859
40 4.345 0.985918 304.907
41 4.455 0.990346 328.188
42 4.565 0.994647 352.74
43 4.675 1.00415 378.735
44 4.785 1.00776 406.066
45 4.895 1.01113 434.764
46 5.005 1.00537 464.595
47 5.115 0.996799 495.485
48 5.225 0.996591 527.712
49 5.335 0.996525 561.308
50 5.445 0.994289 596.224
25000 50
1 0.055 0 0
2 0.165 0 0
3 0.275 0 0
4 0.385 0 0
5 0.495 0 0
6 0.605 0 0
7 0.715 0 0
8 0.825 0.000725754 0.000585937
9 0.935 0.64011 0.66416
10 1.045 2.39406 3.76357
11 1.155 1.88462 6.74365
12 1.265 1.16103 8.94561
13 1.375 0.809053 10.7583
14 1.485 0.672682 12.5161
15 1.595 0.69043 14.5974
16 1.705 0.795766 17.3383
17 1.815 0.97021 21.125
18 1.925 1.14827 26.1662
19 2.035 1.2108 32.1066
20 2.145 1.15047 38.3776
21 2.255 1.02622 44.5597
22 2.365 0.930062 50.7223
23 2.475 0.88995 57.1803
24 2.585 0.908494 64.3718
25 2.695 0.964432 72.6695
26 2.805 1.03351 82.3022
27 2.915 1.05889 92.9606
28 3.025 1.0569 104.417
29 3.135 1.02959 116.403
30 3.245 0.997026 128.84
31 3.355 0.964915 141.705
32 3.465 0.965034 155.43
33 3.575 0.976536 170.213
34 3.685 0.998091 186.268
35 3.795 1.01703 203.618
36 3.905 1.02361 222.107
37 4.015 1.02005 241.584
38 4.125 1.00507 261.842
39 4.235 0.993447 282.947
40 4.345 0.984014 304.951
41 4.455 0.986171 328.135
42 4.565 0.993575 352.66
43 4.675 1.00786 378.751
44 4.785 1.00924 406.122
45 4.895 1.01201 434.844
46 5.005 1.0024 464.587
47 5.115 1.00018 495.582
48 5.225 0.99377 527.718
49 5.335 0.994005 561.229
50 5.445 0.996722 596.231
26000 50
1 0.055 0 0
2 0.165 0 0
3 0.275 0 0
4 0.385 0 0
5 0.495 0 0
6 0.605 0 0
7 0.715 0 0
8 0.825 0.000483836 0.000390625
9 0.935 0.641052 0.664941
10 1.045 2.40198 3.77461
11 1.155 1.87283 6.73604
12 1.265 1.16056 8.93711
13 1.375 0.81668 10.7669
14 1.485 0.678138 12.539
15 1.595 0.686154 14.6073
16 1.705 0.788139 17.322
17 1.815 0.977666 21.1378
18 1.925 1.14173 26.1503
19 2.035 1.21623 32.1174
20 2.145 1.15583 38.4176
21 2.255 1.02355 44.5835
22 2.365 0.922384 50.6952
23 2.475 0.893624 57.1799
24 2.585 0.908037 64.3678
25 2.695 0.967099 72.6885
26 2.805 1.02638 82.2547
27 2.915 1.06777 93.0024
28 3.025 1.06008 104.493
29 3.135 1.02865 116.469
30 3.245 0.988485 128.798
31 3.355 0.965457 141.671
32 3.465 0.962075 155.354
33 3.575 0.980316 170.195
34 3.685 1.00314 186.33
35 3.795 1.01834 203.702
36 3.905 1.0224 222.169
37 4.015 1.01735 241.595
38 4.125 1.00352 261.821
39 4.235 0.988096 282.813
40 4.345 0.984014 304.817
41 4.455 0.992925 328.16
42 4.565 0.999525 352.832
43 4.675 1.00532 378.857
44 4.785 1.00543 406.125
45 4.895 1.00997 434.789
46 5.005 1.00297 464.549
47 5.115 1.00009 495.541
48 5.225 0.994353 527.695
49 5.335 0.993994 561.206
50 5.445 0.99801 596.253
27000 50
1 0.055 0 0
2 0.165 0 0
3 0.275 0 0
4 0.385 0 0
5 0.495 0 0
6 0.605 0 0
7 0.715 0 0
8 0.825 0.000604795 0.000488281
9 0.935 0.638508 0.662402
10 1.045 2.38546 3.75068
11 1.155 1.88715 6.73477
12 1.265 1.16139 8.9374
13 1.375 0.812714 10.7583
14 1.485 0.676905 12.5271
15 1.595 0.686121 14.5954
16 1.705 0.796475 17.3388
17 1.815 0.971411 21.1302
18 1.925 1.14282 26.1475
19 2.035 1.21448 32.106
20 2.145 1.15224 38.3866
21 2.255 1.02774 44.5778
22 2.365 0.92399 50.7002
23 2.475 0.889681 57.1562
24 2.585 0.910196 64.3612
25 2.695 0.971458 72.7194
26 2.805 1.02593 82.2814
27 2.915 1.06057 92.9567
28 3.025 1.05874 104.433
29 3.135 1.03042 116.429
30 3.245 0.993143 128.817
31 3.355 0.96734 141.715
32 3.465 0.964382 155.43
33 3.575 0.975439 170.197
34 3.685 0.998462 186.257
35 3.795 1.02043 203.665
36 3.905 1.02307 222.145
37 4.015 1.01739 241.571
38 4.125 1.003 261.787
39 4.235 0.99284 282.879
40 4.345 0.990329 305.025
41 4.455 0.986499 328.216
42 4.565 0.993555 352.741
43 4.675 1.00359 378.722
44 4.785 1.00876 406.079
45 4.895 1.0116 434.79
46 5.005 0.999821 464.456
47 5.115 1.00201 495.508
48 5.225 0.99483 527.678
49 5.335 0.999845 561.386
50 5.445 0.995871 596.358
28000 50
1 0.055 0 0
2 0.165 0 0
3 0.275 0 0
4 0.385 0 0
5 0.495 0 0
6 0.605 0 0
7 0.715 0 0
8 0.825 0.000604795 0.000488281
9 0.935 0.637755 0.661621
10 1.045 2.39678 3.76455
11 1.155 1.88641 6.74746
12 1.265 1.15433 8.93672
13 1.375 0.812801 10.7578
14 1.485 0.68266 12.5417
15 1.595 0.680355 14.5926
16 1.705 0.798091 17.3415
17 1.815 0.971386 21.1328
18 1.925 1.13928 26.1346
19 2.035 1.21992 32.1197
20 2.145 1.1542 38.411
21 2.255 1.02063 44.5594
22 2.365 0.926245 50.6967
23 2.475 0.894216 57.1856
24 2.585 0.907976 64.373
25 2.695 0.965703 72.6817
26 2.805 1.02815 82.2645
27 2.915 1.06204 92.9545
28 3.025 1.05933 104.437
29 3.135 1.03201 116.452
30 3.245 0.992799 128.835
31 3.355 0.965794 141.713
32 3.465 0.964087 155.424
33 3.575 0.977065 170.215
34 3.685 0.998474 186.276
35 3.795 1.01885 203.657
36 3.905 1.02402 222.153
37 4.015 1.01537 241.541
38 4.125 1.0068 261.833
39 4.235 0.990951 282.885
40 4.345 0.986918 304.955
41 4.455 0.987197 328.163
42 4.565 0.996237 352.754
43 4.675 1.00592 378.795
44 4.785 1.00841 406.143
45 4.895 1.00936 434.79
46 5.005 1.00257 464.538
47 5.115 0.999395 495.509
48 5.225 0.995528 527.701
49 5.335 0.99643 561.294
50 5.445 0.998427 596.356
29000 50
1 0.055 0 0
2 0.165 0 0
3 0.275 0 0
4 0.385 0 0
5 0.495 0 0
6 0.605 0 0
7 0.715 0 0
8 0.825 0.000604795 0.000488281
9 0.935 0.61882 0.641992
10 1.045 2.41888 3.77354
11 1.155 1.88005 6.74639
12 1.265 1.1617 8.94961
13 1.375 0.808137 10.7603
14 1.485 0.671337 12.5146
15 1.595 0.682072 14.5706
16 1.705 0.804045 17.34
17 1.815 0.97609 21.1497
18 1.925 1.14231 26.1647
19 2.035 1.21651 32.1332
20 2.145 1.14949 38.3988
21 2.255 1.02376 44.566
22 2.365 0.926304 50.7037
23 2.475 0.891201 57.1708
24 2.585 0.905681 64.34
25 2.695 0.971083 72.695
26 2.805 1.02986 82.2937
27 2.915 1.0623 92.9863
28 3.025 1.06066 104.483
29 3.135 1.02907 116.464
30 3.245 0.988743 128.797
31 3.355 0.966087 141.678
32 3.465 0.963627 155.382
33 3.575 0.979529 170.212
34 3.685 0.998881 186.278
35 3.795 1.01899 203.662
36 3.905 1.02297 222.139
37 4.015 1.01805 241.579
38 4.125 1.0067 261.869
39 4.235 0.988983 282.879
40 4.345 0.986949 304.949
41 4.455 0.986939 328.151
42 4.565 0.994532 352.7
43 4.675 1.005 378.717
44 4.785 1.0098 406.103
45 4.895 1.00978 434.762
46 5.005 1.00733 464.651
47 5.115 0.998371 495.59
48 5.225 0.994519 527.75
49 5.335 0.992201 561.2
50 5.445 0.997904 596.244
30000 50
1 0.055 0 0
2 0.165 0 0
3 0.275 0 0
4 0.385 0 0
5 0.495 0 0
6 0.605 0 0
7 0.715 0 0
8 0.825 0.000362877 0.000292969
9 0.935 0.63069 0.654102
10 1.045 2.3958 3.75576
11 1.155 1.88456 6.73574
12 1.265 1.15382 8.92402
13 1.375 0.815896 10.7521
14 1.485 0.677727 12.523
15 1.595 0.691791 14.6084
16 1.705 0.798573 17.359
17 1.815 0.973588 21.1589
18 1.925 1.13902 26.1595
19 2.035 1.21504 32.1207
20 2.145 1.14354 38.3539
21 2.255 1.02774 44.5451
22 2.365 0.930166 50.7084
23 2.475 0.888671 57.1571
24 2.585 0.914119 64.3932
25 2.695 0.967689 72.7189
26 2.805 1.02923 82.3117
27 2.915 1.05837 92.9648
28 3.025 1.05637 104.415
29 3.135 1.03011 116.408
30 3.245 0.988164 128.734
31 3.355 0.972782 141.704
32 3.465 0.964341 155.419
33 3.575 0.979742 170.251
34 3.685 1.00119 186.355
35 3.795 1.01524 203.675
36 3.905 1.02133 222.123
37 4.015 1.01619 241.526
38 4.125 1.00094 261.7
39 4.235 0.992716 282.79
40 4.345 0.989813 304.924
41 4.455 0.994072 328.294
42 4.565 0.993167 352.809
43 4.675 1.00203 378.749
44 4.785 1.00864 406.104
45 4.895 1.00994 434.767
46 5.005 1.00243 464.511
47 5.115 0.997215 495.414
48 5.225 0.996382 527.634
49 5.335 0.996951 561.244
50 5.445 0.999537 596.346
31000 50
1 0.055 0 0
2 0.165 0 0
3 0.275 0 0
4 0.385 0 0
5 0.495 0 0
6 0.605 0 0
7 0.715 0 0
8 0.825 0.000362877 0.000292969
9 0.935 0.643878 0.667773
10 1.045 2.38984 3.76172
11 1.155 1.88549 6.74316
12 1.265 1.1567 8.93691
13 1.375 0.809358 10.7503
14 1.485 0.680306 12.528
15 1.595 0.680387 14.579
16 1.705 0.802741 17.3439
17 1.815 0.976841 21.1565
18 1.925 1.14342 26.1765
19 2.035 1.21647 32.1447
20 2.145 1.1439 38.3799
21 2.255 1.02429 44.5503
22 2.365 0.92511 50.6801
23 2.475 0.892359 57.1556
24 2.585 0.912528 64.379
25 2.695 0.972582 72.7469
26 2.805 1.02585 82.3082
27 2.915 1.05892 92.9669
28 3.025 1.06089 104.466
29 3.135 1.02386 116.386
30 3.245 0.991796 128.757
31 3.355 0.970482 141.697
32 3.465 0.966531 155.443
33 3.575 0.975678 170.214
34 3.685 1.00353 186.355
35 3.795 1.01566 203.682
36 3.905 1.02035 222.112
37 4.015 1.01512 241.495
38 4.125 1.0029 261.709
39 4.235 0.993897 282.823
40 4.345 0.990927 304.983
41 4.455 0.990308 328.264
42 4.565 0.995398 352.834
43 4.675 1.00371 378.818
44 4.785 1.00602 406.101
45 4.895 1.00927 434.746
46 5.005 1.00151 464.462
47 5.115 1.00048 495.466
48 5.225 0.997219 527.713
49 5.335 0.997108 561.329
50 5.445 0.99712 596.345
32000 50
1 0.055 0 0
2 0.165 0 0
3 0.275 0 0
4 0.385 0 0
5 0.495 0 0
6 0.605 0 0
7 0.715 0 0
8 0.825 0.000483836 0.000390625
9 0.935 0.630407 0.653906
10 1.045 2.393 3.75195
11 1.155 1.88425 6.73145
12 1.265 1.15269 8.91758
13 1.375 0.816942 10.7479
14 1.485 0.680156 12.5253
15 1.595 0.691337 14.6093
16 1.705 0.797042 17.3546
17 1.815 0.973988 21.1561
18 1.925 1.13544 26.1409
19 2.035 1.22224 32.1375
20 2.145 1.13857 38.3437
21 2.255 1.02227 44.5019
22 2.365 0.932303 50.6793
23 2.475 0.896463 57.1846
24 2.585 0.912639 64.4089
25 2.695 0.961776 72.6838
26 2.805 1.03031 82.2866
27 2.915 1.06093 92.9655
28 3.025 1.05911 104.446
29 3.135 1.02164 116.34
30 3.245 0.990097 128.69
31 3.355 0.974232 141.679
32 3.465 0.968777 155.457
33 3.575 0.97802 170.263
34 3.685 1.00356 186.405
35 3.795 1.01093 203.651
36 3.905 1.02115 222.096
37 4.015 1.01538 241.484
38 4.125 1.00382 261.717
39 4.235 0.993424 282.821
40 4.345 0.991399 304.991
41 4.455 0.986923 328.192
42 4.565 0.998682 352.844
43 4.675 1.00392 378.833
44 4.785 1.00518 406.093
45 4.895 1.00622 434.651
46 5.005 1.00266 464.402
47 5.115 1.00171 495.444
48 5.225 0.996561 527.67
49 5.335 0.996809 561.275
50 5.445 0.999011 596.358
33000 50
1 0.055 0 0
2 0.165 0 0
3 0.275 0 0
4 0.385 0 0
5 0.495 0 0
6 0.605 0 0
7 0.715 0 0
8 0.825 0.000846713 0.000683594
9 0.935 0.626356 0.65
10 1.045 2.40009 3.75723
11 1.155 1.89611 6.75547
12 1.265 1.1497 8.93594
13 1.375 0.817726 10.7681
14 1.485 0.68053 12.5464
15 1.595 0.679156 14.5937
16 1.705 0.790776 17.3174
17 1.815 0.974814 21.1221
18 1.925 1.14869 26.1651
19 2.035 1.21108 32.1069
20 2.145 1.15072 38.3793
21 2.255 1.02992 44.5836
22 2.365 0.929193 50.7404
23 2.475 0.884728 57.1605
24 2.585 0.911948 64.3794
25 2.695 0.964148 72.6747
26 2.805 1.02989 82.2736
27 2.915 1.06268 92.9701
28 3.025 1.05935 104.453
29 3.135 1.02615 116.399
30 3.245 0.994959 128.81
31 3.355 0.968321 141.721
32 3.465 0.965591 155.453
33 3.575 0.974356 170.204
34 3.685 0.999221 186.276
35 3.795 1.01978 203.673
36 3.905 1.02354 222.161
37 4.015 1.01686 241.577
38 4.125 1.00045 261.741
39 4.235 0.992357 282.823
40 4.345 0.990783 304.979
41 4.455 0.988829 328.225
42 4.565 0.99431 352.769
43 4.675 1.00071 378.675
44 4.785 1.0105 406.08
45 4.895 1.00919 434.723
46 5.005 1.00655 464.588
47 5.115 0.996859 495.481
48 5.225 0.996189 527.694
49 5.335 0.996861 561.301
50 5.445 0.994706 596.233
34000 50
1 0.055 0 0
2 0.165 0 0
3 0.275 0 0
4 0.385 0 0
5 0.495 0 0
6 0.605 0 0
7 0.715 0 0
8 0.825 0.000362877 0.000292969
9 0.935 0.640958 0.664746
10 1.045 2.3835 3.75049
11 1.155 1.89055 6.73994
12 1.265 1.15402 8.92861
13 1.375 0.818162 10.7617
14 1.485 0.674663 12.5247
15 1.595 0.685668 14.5916
16 1.705 0.796447 17.3349
17 1.815 0.980594 21.1621
18 1.925 1.14002 26.1671
19 2.035 1.21265 32.1166
20 2.145 1.14843 38.3765
21 2.255 1.02363 44.5429
22 2.365 0.930888 50.7109
23 2.475 0.891013 57.1767
24 2.585 0.907717 64.362
25 2.695 0.965851 72.672
26 2.805 1.02709 82.2448
27 2.915 1.06607 92.9755
28 3.025 1.05783 104.442
29 3.135 1.02587 116.385
30 3.245 0.997402 128.826
31 3.355 0.965531 141.7
32 3.465 0.962226 155.384
33 3.575 0.981445 170.242
34 3.685 0.997472 186.287
35 3.795 1.0175 203.645
36 3.905 1.02148 222.095
37 4.015 1.0163 241.501
38 4.125 1.0051 261.759
39 4.235 0.995304 282.903
40 4.345 0.986385 304.961
41 4.455 0.98787 328.185
42 4.565 0.996569 352.784
43 4.675 1.00351 378.762
44 4.785 1.00624 406.052
45 4.895 1.00852 434.675
46 5.005 1.00525 464.502
47 5.115 1.00089 495.519
48 5.225 0.997907 527.789
49 5.335 0.993785 561.292
50 5.445 0.99714 596.309
35000 50
1 0.055 0 0
2 0.165 0 0
3 0.275 0 0
4 0.385 0 0
5 0.495 0 0
6 0.605 0 0
7 0.715 0 0
8 0.825 0.000241918 0.000195313
9 0.935 0.638226 0.661816
10 1.045 2.40379 3.77383
11 1.155 1.87709 6.74199
12 1.265 1.14857 8.92031
13 1.375 0.818685 10.7546
14 1.485 0.674925 12.5183
15 1.595 0.688648 14.5941
16 1.705 0.79673 17.3384
17 1.815 0.975264 21.1448
18 1.925 1.13891 26.1449
19 2.035 1.21442 32.1031
20 2.145 1.15083 38.3761
21 2.255 1.03465 44.6089
22 2.365 0.927586 50.7551
23 2.475 0.884661 57.1747
24 2.585 0.907951 64.3619
25 2.695 0.961923 72.6381
26 2.805 1.02503 82.1917
27 2.915 1.06764 92.9382
28 3.025 1.06618 104.495
29 3.135 1.02904 116.475
30 3.245 0.991945 128.848
31 3.355 0.966153 141.73
32 3.465 0.959472 155.375
33 3.575 0.975439 170.143
34 3.685 1.00088 186.242
35 3.795 1.01757 203.601
36 3.905 1.02652 222.142
37 4.015 1.01951 241.61
38 4.125 1.00392 261.844
39 4.235 0.991737 282.913
40 4.345 0.982826 304.891
41 4.455 0.986931 328.092
42 4.565 0.997487 352.714
43 4.675 1.00787 378.805
44 4.785 1.00688 406.112
45 4.895 1.00897 434.748
46 5.005 1.00369 464.529
47 5.115 0.999468 495.502
48 5.225 0.997038 527.744
49 5.335 0.993649 561.242
50 5.445 0.995399 596.198
36000 50
1 0.055 0 0
2 0.165 0 0
3 0.275 0 0
4 0.385 0 0
5 0.495 0 0
6 0.605 0 0
7 0.715 0 0
8 0.825 0.000483836 0.000390625
9 0.935 0.623342 0.646582
10 1.045 2.40922 3.76562
11 1.155 1.88858 6.75195
12 1.265 1.15825 8.94863
13 1.375 0.798592 10.7379
14 1.485 0.683445 12.5238
15 1.595 0.685441 14.59
16 1.705 0.795483 17.33
17 1.815 0.973763 21.1306
18 1.925 1.1398 26.1346
19 2.035 1.22408 32.1401
20 2.145 1.14778 38.3965
21 2.255 1.02556 44.5745
22 2.365 0.91724 50.6521
23 2.475 0.891538 57.1217
24 2.585 0.911874 64.3399
25 2.695 0.970834 72.6928
26 2.805 1.02901 82.2835
27 2.915 1.06285 92.9817
28 3.025 1.05737 104.443
29 3.135 1.02817 116.413
30 3.245 0.994451 128.817
31 3.355 0.965362 141.689
32 3.465 0.959843 155.339
33 3.575 0.980032 170.176
34 3.685 1.00567 186.352
35 3.795 1.01372 203.646
36 3.905 1.02573 222.173
37 4.015 1.01451 241.545
38 4.125 1.00309 261.762
39 4.235 0.992463 282.846
40 4.345 0.987896 304.938
41 4.455 0.986902 328.138
42 4.565 0.998366 352.782
43 4.675 1.00527 378.806
44 4.785 1.00865 406.161
45 4.895 1.00755 434.757
46 5.005 1.0025 464.502
47 5.115 0.999934 495.49
48 5.225 0.995093 527.668
49 5.335 0.995946 561.244
50 5.445 0.99712 596.261
37000 50
1 0.055 0 0
2 0.165 0 0
3 0.275 0 0
4 0.385 0 0
5 0.495 0 0
6 0.605 0 0
7 0.715 0 0
8 0.825 0.000846713 0.000683594
9 0.935 0.632479 0.656348
10 1.045 2.39474 3.75664
11 1.155 1.88722 6.74082
12 1.265 1.15886 8.93867
13 1.375 0.809009 10.7513
14 1.485 0.679708 12.5274
15 1.595 0.691272 14.6112
16 1.705 0.793611 17.3447
17 1.815 0.966307 21.1162
18 1.925 1.14398 26.1386
19 2.035 1.21126 32.0812
20 2.145 1.15957 38.4019
21 2.255 1.02578 44.5812
22 2.365 0.924639 50.7079
23 2.475 0.891282 57.1756
24 2.585 0.912812 64.4013
25 2.695 0.961833 72.6767
26 2.805 1.02758 82.2541
27 2.915 1.05829 92.9064
28 3.025 1.06036 104.4
29 3.135 1.03206 116.416
30 3.245 0.991804 128.787
31 3.355 0.972965 141.759
32 3.465 0.960846 155.424
33 3.575 0.978787 170.242
34 3.685 0.996282 186.267
35 3.795 1.01575 203.596
36 3.905 1.02269 222.068
37 4.015 1.01759 241.499
38 4.125 1.00615 261.778
39 4.235 0.995529 282.927
40 4.345 0.987682 305.014
41 4.455 0.984945 328.168
42 4.565 0.995889 352.751
43 4.675 1.00305 378.717
44 4.785 1.00795 406.053
45 4.895 1.00859 434.679
46 5.005 1.00558 464.516
47 5.115 0.999928 495.503
48 5.225 0.996002 527.711
49 5.335 0.995604 561.275
50 5.445 0.995674 596.241
38000 50
1 0.055 0 0
2 0.165 0 0
3 0.275 0 0
4 0.385 0 0
5 0.495 0 0
6 0.605 0 0
7 0.715 0 0
8 0.825 0.000725754 0.000585937
9 0.935 0.641711 0.66582
10 1.045 2.40734 3.78242
11 1.155 1.86406 6.72998
12 1.265 1.15861 8.92734
13 1.375 0.815024 10.7534
14 1.485 0.679297 12.5285
15 1.595 0.685797 14.5958
16 1.705 0.7988 17.3472
17 1.815 0.971336 21.1383
18 1.925 1.14171 26.1507
19 2.035 1.21048 32.0896
20 2.145 1.15298 38.3742
21 2.255 1.03152 44.5882
22 2.365 0.928515 50.7405
23 2.475 0.88633 57.1723
24 2.585 0.906656 64.3492
25 2.695 0.967542 72.6737
26 2.805 1.02861 82.2607
27 2.915 1.06408 92.9714
28 3.025 1.05957 104.457
29 3.135 1.02761 116.42
30 3.245 0.99413 128.82
31 3.355 0.967581 141.721
32 3.465 0.959726 155.37
33 3.575 0.97782 170.173
34 3.685 0.999397 186.249
35 3.795 1.0191 203.634
36 3.905 1.02669 222.179
37 4.015 1.01795 241.616
38 4.125 1.00566 261.885
39 4.235 0.990831 282.935
40 4.345 0.983101 304.919
41 4.455 0.986844 328.118
42 4.565 0.99471 352.672
43 4.675 1.00503 378.69
44 4.785 1.01148 406.121
45 4.895 1.01154 434.83
46 5.005 1.00349 464.605
47 5.115 0.996969 495.501
48 5.225 0.995277 527.685
49 5.335 0.994266 561.205
50 5.445 0.995254 596.156
39000 50
1 0.055 0 0
2 0.165 0 0
3 0.275 0 0
4 0.385 0 0
5 0.495 0 0
6 0.605 0 0
7 0.715 0 0
8 0.825 0.000241918 0.000195313
9 0.935 0.635023 0.658496
10 1.045 2.39134 3.75439
11 1.155 1.88079 6.72842
12 1.265 1.17133 8.9499
13 1.375 0.802209 10.7473
14 1.485 0.679334 12.5225
15 1.595 0.682266 14.5791
16 1.705 0.796078 17.3211
17 1.815 0.978042 21.1384
18 1.925 1.14729 26.1753
19 2.035 1.21649 32.1437
20 2.145 1.15104 38.4178
21 2.255 1.02329 44.5821
22 2.365 0.922443 50.6942
23 2.475 0.888631 57.1427
24 2.585 0.909727 64.3439
25 2.695 0.966237 72.6572
26 2.805 1.03231 82.2787
27 2.915 1.06423 92.9908
28 3.025 1.05911 104.471
29 3.135 1.02964 116.458
30 3.245 0.991976 128.831
31 3.355 0.962447 141.664
32 3.465 0.963558 155.367
33 3.575 0.978187 170.176
34 3.685 0.999639 186.255
35 3.795 1.01975 203.652
36 3.905 1.02637 222.191
37 4.015 1.01657 241.602
38 4.125 1.00182 261.794
39 4.235 0.99107 282.848
40 4.345 0.988984 304.964
41 4.455 0.985228 328.125
42 4.565 0.99837 352.769
43 4.675 1.00551 378.799
44 4.785 1.00362 406.018
45 4.895 1.01036 434.693
46 5.005 1.00736 464.583
47 5.115 1.00152 495.62
48 5.225 0.992511 527.715
49 5.335 0.995523 561.277
50 5.445 0.996725 596.279
40000 50
1 0.055 0 0
2 0.165 0 0
3 0.275 0 0
4 0.385 0 0
5 0.495 0 0
6 0.605 0 0
7 0.715 0 0
8 0.825 0.000241918 0.000195313
9 0.935 0.632103 0.655469
10 1.045 2.41382 3.78047
11 1.155 1.88296 6.75791
12 1.265 1.1463 8.93193
13 1.375 0.801251 10.7271
14 1.485 0.683856 12.5142
15 1.595 0.683173 14.5735
16 1.705 0.801125 17.3329
17 1.815 0.982871 21.169
18 1.925 1.1458 26.1994
19 2.035 1.2057 32.1148
20 2.145 1.14775 38.371
21 2.255 1.02269 44.5317
22 2.365 0.923799 50.6528
23 2.475 0.893233 57.1347
24 2.585 0.910443 64.3416
25 2.695 0.969676 72.6845
26 2.805 1.03527 82.3336
27 2.915 1.06188 93.0221
28 3.025 1.04926 104.396
29 3.135 1.02612 116.342
30 3.245 0.993182 128.73
31 3.355 0.966615 141.618
32 3.465 0.971359 155.433
33 3.575 0.976955 170.223
34 3.685 1.00208 186.341
35 3.795 1.01812 203.71
36 3.905 1.02079 222.148
37 4.015 1.01565 241.541
38 4.125 1.00084 261.713
39 4.235 0.991139 282.769
40 4.345 0.987988 304.863
41 4.455 0.994749 328.248
42 4.565 0.996676 352.85
43 4.675 1.00229 378.797
44 4.785 1.00852 406.148
45 4.895 1.00739 434.74
46 5.005 1.00102 464.441
47 5.115 0.999666 495.421
48 5.225 0.996105 527.632
49 5.335 0.998333 561.288
50 5.445 0.999336 596.383
41000 50
1 0.055 0 0
2 0.165 0 0
3 0.275 0 0
4 0.385 0 0
5 0.495 0 0
6 0.605 0 0
7 0.715 0 0
8 0.825 0.000241918 0.000195313
9 0.935 0.633139 0.656543
10 1.045 2.3973 3.76016
11 1.155 1.89382 6.75479
12 1.265 1.15135 8.93838
13 1.375 0.809488 10.7521
14 1.485 0.680568 12.5305
15 1.595 0.689685 14.6095
16 1.705 0.795369 17.349
17 1.815 0.969059 21.1313
18 1.925 1.13808 26.1277
19 2.035 1.22021 32.1144
20 2.145 1.1566 38.4188
21 2.255 1.01983 44.5623
22 2.365 0.9243 50.6867
23 2.475 0.893408 57.1698
24 2.585 0.909086 64.366
25 2.695 0.972264 72.7312
26 2.805 1.02436 82.2785
27 2.915 1.06038 92.9519
28 3.025 1.05834 104.424
29 3.135 1.03119 116.429
30 3.245 0.993707 128.824
31 3.355 0.964051 141.678
32 3.465 0.967094 155.431
33 3.575 0.977994 170.237
34 3.685 1.00008 186.324
35 3.795 1.01411 203.624
36 3.905 1.02219 222.087
37 4.015 1.02073 241.578
38 4.125 1.00508 261.835
39 4.235 0.99124 282.893
40 4.345 0.984918 304.918
41 4.455 0.990703 328.208
42 4.565 0.995256 352.775
43 4.675 1.0042 378.771
44 4.785 1.00682 406.077
45 4.895 1.00953 434.729
46 5.005 1.00398 464.518
47 5.115 0.99926 495.485
48 5.225 0.997189 527.731
49 5.335 0.995144 561.28
50 5.445 0.996394 596.271
42000 50
1 0.055 0 0
2 0.165 0 0
3 0.275 0 0
4 0.385 0 0
5 0.495 0 0
6 0.605 0 0
7 0.715 0 0
8 0.825 0.000483836 0.000390625
9 0.935 0.634081 0.657715
10 1.045 2.39278 3.75547
11 1.155 1.89 6.74404
12 1.265 1.15531 8.93516
13 1.375 0.812845 10.7563
14 1.485 0.682959 12.541
15 1.595 0.685506 14.6074
16 1.705 0.790634 17.3307
17 1.815 0.970335 21.1179
18 1.925 1.14533 26.1462
19 2.035 1.22147 32.139
20 2.145 1.14594 38.3853
21 2.255 1.02805 44.5783
22 2.365 0.929031 50.7341
23 2.475 0.883988 57.1488
24 2.585 0.908111 64.3373
25 2.695 0.964398 72.6348
26 2.805 1.03102 82.2442
27 2.915 1.06501 92.9642
28 3.025 1.05983 104.452
29 3.135 1.03125 116.458
30 3.245 0.993268 128.847
31 3.355 0.963751 141.697
32 3.465 0.960557 155.358
33 3.575 0.978084 170.165
34 3.685 1.00199 186.282
35 3.795 1.01665 203.626
36 3.905 1.02566 222.152
37 4.015 1.01718 241.575
38 4.125 1.00723 261.875
39 4.235 0.989507 282.897
40 4.345 0.985569 304.936
41 4.455 0.986881 328.137
42 4.565 0.994643 352.688
43 4.675 1.00571 378.724
44 4.785 1.00958 406.104
45 4.895 1.01141 434.809
46 5.005 1.00725 464.696
47 5.115 0.99545 495.545
48 5.225 0.995658 527.741
49 5.335 0.993904 561.248
50 5.445 0.997087 596.263
43000 50
1 0.055 0 0
2 0.165 0 0
3 0.275 0 0
4 0.385 0 0
5 0.495 0 0
6 0.605 0 0
7 0.715 0 0
8 0.825 0.000362877 0.000292969
9 0.935 0.642465 0.666309
10 1.045 2.39738 3.77002
11 1.155 1.87443 6.73398
12 1.265 1.16005 8.93408
13 1.375 0.812714 10.755
14 1.485 0.680792 12.534
15 1.595 0.686056 14.6021
16 1.705 0.800133 17.358
17 1.815 0.980594 21.1853
18 1.925 1.13374 26.1627
19 2.035 1.21173 32.1077
20 2.145 1.14277 38.3367
21 2.255 1.03052 44.5446
22 2.365 0.928353 50.6959
23 2.475 0.893274 57.178
24 2.585 0.907667 64.363
25 2.695 0.968495 72.6957
26 2.805 1.03198 82.3142
27 2.915 1.06104 92.9941
28 3.025 1.05324 104.411
29 3.135 1.02943 116.395
30 3.245 0.990693 128.753
31 3.355 0.971112 141.701
32 3.465 0.961553 155.376
33 3.575 0.983993 170.272
34 3.685 0.999403 186.348
35 3.795 1.01446 203.654
36 3.905 1.02411 222.152
37 4.015 1.01196 241.475
38 4.125 1.0069 261.769
39 4.235 0.990045 282.802
40 4.345 0.988495 304.907
41 4.455 0.989469 328.168
42 4.565 0.998196 352.807
43 4.675 1.00414 378.802
44 4.785 1.0065 406.099
45 4.895 1.01032 434.773
46 5.005 1.00295 464.532
47 5.115 0.995683 495.388
48 5.225 0.996838 527.623
49 5.335 0.996279 561.21
50 5.445 1.00096 596.361
44000 50
1 0.055 0 0
2 0.165 0 0
3 0.275 0 0
4 0.385 0 0
5 0.495 0 0
6 0.605 0 0
7 0.715 0 0
8 0.825 0.000241918 0.000195313
9 0.935 0.635023 0.658496
10 1.045 2.39678 3.76143
11 1.155 1.88487 6.74189
12 1.265 1.15181 8.92637
13 1.375 0.814762 10.7519
14 1.485 0.682586 12.5355
15 1.595 0.684177 14.5979
16 1.705 0.798601 17.3486
17 1.815 0.97051 21.1365
18 1.925 1.13799 26.1326
19 2.035 1.21715 32.1042
20 2.145 1.14793 38.3613
21 2.255 1.02452 44.5331
22 2.365 0.930681 50.6998
23 2.475 0.895885 57.2009
24 2.585 0.911393 64.4153
25 2.695 0.963671 72.7065
26 2.805 1.02435 82.2538
27 2.915 1.05793 92.9025
28 3.025 1.0576 104.366
29 3.135 1.03375 116.401
30 3.245 0.99622 128.828
31 3.355 0.968358 141.739
32 3.465 0.963833 155.446
33 3.575 0.978323 170.257
34 3.685 0.998589 186.319
35 3.795 1.01452 203.627
36 3.905 1.02015 222.053
37 4.015 1.01998 241.529
38 4.125 1.00451 261.775
39 4.235 0.992716 282.865
40 4.345 0.990023 305.004
41 4.455 0.988572 328.244
42 4.565 0.995751 352.823
43 4.675 1.00095 378.735
44 4.785 1.00931 406.108
45 4.895 1.0081 434.719
46 5.005 1.00418 464.515
47 5.115 0.998258 495.451
48 5.225 0.997506 527.707
49 5.335 0.995795 561.278
50 5.445 0.99833 596.337
45000 50
1 0.055 0 0
2 0.165 0 0
3 0.275 0 0
4 0.385 0 0
5 0.495 0 0
6 0.605 0 0
7 0.715 0 0
8 0.825 0.000846713 0.000683594
9 0.935 0.643878 0.668164
10 1.045 2.3838 3.7543
11 1.155 1.88623 6.73691
12 1.265 1.15995 8.93682
13 1.375 0.80683 10.7445
14 1.485 0.686771 12.5392
15 1.595 0.687158 14.6105
16 1.705 0.795511 17.3506
17 1.815 0.967408 21.1264
18 1.925 1.14097 26.1355
19 2.035 1.21984 32.1203
20 2.145 1.15232 38.4014
21 2.255 1.02317 44.565
22 2.365 0.928913 50.72
23 2.475 0.887864 57.1629
24 2.585 0.909148 64.3596
25 2.695 0.971628 72.7192
26 2.805 1.02372 82.2606
27 2.915 1.06265 92.9568
28 3.025 1.06288 104.478
29 3.135 1.02572 116.419
30 3.245 0.993229 128.808
31 3.355 0.970965 141.754
32 3.465 0.96169 155.431
33 3.575 0.974839 170.189
34 3.685 1.00121 186.294
35 3.795 1.01641 203.633
36 3.905 1.02356 222.121
37 4.015 1.01799 241.559
38 4.125 1.00713 261.858
39 4.235 0.990293 282.896
40 4.345 0.987198 304.972
41 4.455 0.986657 328.167
42 4.565 0.997851 352.798
43 4.675 1.00504 378.816
44 4.785 1.00673 406.119
45 4.895 1.00961 434.773
46 5.005 1.00382 464.558
47 5.115 1.00123 495.586
48 5.225 0.995642 527.782
49 5.335 0.99464 561.314
50 5.445 0.995365 596.269
46000 50
1 0.055 0 0
2 0.165 0 0
3 0.275 0 0
4 0.385 0 0
5 0.495 0 0
6 0.605 0 0
7 0.715 0 0
8 0.825 0.000604795 0.000488281
9 0.935 0.636153 0.659961
10 1.045 2.40658 3.77559
11 1.155 1.88363 6.7541
12 1.265 1.15181 8.93857
13 1.375 0.799289 10.7294
14 1.485 0.684678 12.5186
15 1.595 0.688843 14.595
16 1.705 0.803336 17.362
17 1.815 0.97076 21.1509
18 1.925 1.13924 26.1524
19 2.035 1.21779 32.1271
20 2.145 1.14771 38.3831
21 2.255 1.02176 44.5383
22 2.365 0.93021 50.7019
23 2.475 0.893287 57.1841
24 2.585 0.910048 64.3879
25 2.695 0.961651 72.6617
26 2.805 1.02919 82.2541
27 2.915 1.06274 92.9513
28 3.025 1.05899 104.43
29 3.135 1.02827 116.401
30 3.245 0.99384 128.798
31 3.355 0.966842 141.689
32 3.465 0.967094 155.443
33 3.575 0.979452 170.271
34 3.685 0.998182 186.326
35 3.795 1.01365 203.619
36 3.905 1.02436 222.121
37 4.015 1.0146 241.495
38 4.125 1.00682 261.787
39 4.235 0.993493 282.893
40 4.345 0.987726 304.981
41 4.455 0.988065 328.209
42 4.565 0.996324 352.802
43 4.675 1.00335 378.777
44 4.785 1.00456 406.021
45 4.895 1.00911 434.661
46 5.005 1.00492 464.478
47 5.115 1.00294 495.559
48 5.225 0.99563 527.755
49 5.335 0.996331 561.344
50 5.445 0.995949 596.319
47000 50
1 0.055 0 0
2 0.165 0 0
3 0.275 0 0
4 0.385 0 0
5 0.495 0 0
6 0.605 0 0
7 0.715 0 0
8 0.825 0.000362877 0.000292969
9 0.935 0.636436 0.660059
10 1.045 2.40907 3.77891
11 1.155 1.87974 6.75127
12 1.265 1.14779 8.92812
13 1.375 0.807614 10.7376
14 1.485 0.682772 12.5218
15 1.595 0.691661 14.6067
16 1.705 0.80121 17.3664
17 1.815 0.968258 21.1455
18 1.925 1.14498 26.1723
19 2.035 1.21436 32.1302
20 2.145 1.15058 38.4018
21 2.255 1.02111 44.553
22 2.365 0.927704 50.7
23 2.475 0.886841 57.1354
24 2.585 0.911344 64.3495
25 2.695 0.970289 72.6977
26 2.805 1.03175 82.314
27 2.915 1.05943 92.9777
28 3.025 1.0622 104.492
29 3.135 1.02683 116.446
30 3.245 0.98677 128.754
31 3.355 0.966666 141.643
32 3.465 0.967438 155.402
33 3.575 0.974962 170.162
34 3.685 1.00445 186.318
35 3.795 1.01802 203.685
36 3.905 1.02276 222.159
37 4.015 1.01637 241.566
38 4.125 1.00043 261.73
39 4.235 0.993479 282.835
40 4.345 0.989128 304.954
41 4.455 0.988331 328.189
42 4.565 0.995877 352.771
43 4.675 1.00459 378.778
44 4.785 1.00937 406.152
45 4.895 1.00846 434.774
46 5.005 1.00261 464.522
47 5.115 1.00046 495.526
48 5.225 0.993915 527.667
49 5.335 0.996079 561.247
50 5.445 0.997231 596.267
48000 50
1 0.055 0 0
2 0.165 0 0
3 0.275 0 0
4 0.385 0 0
5 0.495 0 0
6 0.605 0 0
7 0.715 0 0
8 0.825 0.000362877 0.000292969
9 0.935 0.633516 0.657031
10 1.045 2.39745 3.76084
11 1.155 1.88629 6.74355
12 1.265 1.15557 8.93516
13 1.375 0.811101 10.7524
14 1.485 0.685202 12.543
15 1.595 0.684631 14.6067
16 1.705 0.798828 17.3582
17 1.815 0.967082 21.1327
18 1.925 1.13773 26.1276
19 2.035 1.21922 32.1094
20 2.145 1.15018 38.3788
21 2.255 1.02509 44.554
22 2.365 0.932494 50.7327
23 2.475 0.89143 57.2015
24 2.585 0.901635 64.3387
25 2.695 0.964727 72.639
26 2.805 1.03149 82.2528
27 2.915 1.06477 92.9704
28 3.025 1.05569 104.414
29 3.135 1.03297 116.439
30 3.245 0.991468 128.806
31 3.355 0.972218 141.769
32 3.465 0.960111 155.424
33 3.575 0.97522 170.188
34 3.685 1.00017 186.275
35 3.795 1.01617 203.61
36 3.905 1.02576 222.138
37 4.015 1.01541 241.527
38 4.125 1.00628 261.809
39 4.235 0.991401 282.871
40 4.345 0.985957 304.919
41 4.455 0.989099 328.171
42 4.565 0.995367 352.741
43 4.675 1.00713 378.813
44 4.785 1.00751 406.137
45 4.895 1.00705 434.718
46 5.005 1.0032 464.485
47 5.115 1.00095 495.504
48 5.225 0.995806 527.706
49 5.335 0.994706 561.24
50 5.445 0.997974 596.286
49000 50
1 0.055 0 0
2 0.165 0 0
3 0.275 0 0
4 0.385 0 0
5 0.495 0 0
6 0.605 0 0
7 0.715 0 0
8 0.825 0.000483836 0.000390625
9 0.935 0.64303 0.666992
10 1.045 2.37807 3.7457
11 1.155 1.89982 6.7498
12 1.265 1.15701 8.94414
13 1.375 0.808442 10.7555
14 1.485 0.680007 12.5324
15 1.595 0.679286 14.5801
16 1.705 0.799594 17.3342
17 1.815 0.975564 21.1418
18 1.925 1.14095 26.1509
19 2.035 1.21659 32.1197
20 2.145 1.14737 38.3738
21 2.255 1.02787 44.5658
22 2.365 0.929606 50.7254
23 2.475 0.889115 57.1773
24 2.585 0.906409 64.3523
25 2.695 0.969199 72.6911
26 2.805 1.02414 82.2364
27 2.915 1.05809 92.8867
28 3.025 1.06653 104.447
29 3.135 1.03027 116.442
30 3.245 0.993644 128.836
31 3.355 0.966864 141.727
32 3.465 0.962961 155.422
33 3.575 0.97871 170.239
34 3.685 0.994357 186.233
35 3.795 1.01692 203.581
36 3.905 1.0239 222.075
37 4.015 1.02158 241.582
38 4.125 1.00429 261.824
39 4.235 0.993962 282.94
40 4.345 0.986547 305.001
41 4.455 0.984272 328.14
42 4.565 0.995576 352.715
43 4.675 1.00179 378.649
44 4.785 1.01162 406.084
45 4.895 1.00983 434.745
46 5.005 1.00584 464.589
47 5.115 1.00089 495.607
48 5.225 0.995208 527.789
49 5.335 0.992739 561.257
50 5.445 0.99633 596.245
50000 50
1 0.055 0 0
2 0.165 0 0
3 0.275 0 0
4 0.385 0 0
5 0.495 0 0
6 0.605 0 0
7 0.715 0 0
8 0.825 0 0
9 0.935 0.632197 0.655371
10 1.045 2.393 3.75342
11 1.155 1.89148 6.74434
12 1.265 1.16262 8.94932
13 1.375 0.808573 10.7609
14 1.485 0.676419 12.5285
15 1.595 0.689102 14.6058
16 1.705 0.797552 17.3528
17 1.815 0.965056 21.1194
18 1.925 1.14456 26.1443
19 2.035 1.2156 32.1083
20 2.145 1.15187 38.3869
21 2.255 1.02787 44.5789
22 2.365 0.930313 50.7432
23 2.475 0.885684 57.1702
24 2.585 0.907494 64.3538
25 2.695 0.965397 72.6599
26 2.805 1.03181 82.2767
27 2.915 1.05941 92.9402
28 3.025 1.05881 104.417
29 3.135 1.03215 116.434
30 3.245 0.998655 128.89
31 3.355 0.965186 141.759
32 3.465 0.958566 155.392
33 3.575 0.976439 170.174
34 3.685 0.998261 186.231
35 3.795 1.01741 203.588
36 3.905 1.02431 222.089
37 4.015 1.02125 241.59
38 4.125 1.00588 261.863
39 4.235 0.993677 282.973
40 4.345 0.985922 305.021
41 4.455 0.983757 328.147
42 4.565 0.99361 352.674
43 4.675 1.00566 378.708
44 4.785 1.00797 406.044
45 4.895 1.01098 434.738
46 5.005 1.00659 464.605
47 5.115 0.999528 495.58
48 5.225 0.998158 527.857
49 5.335 0.990604 561.253
50 5.445 0.993947 596.158
51000 50
1 0.055 0 0
2 0.165 0 0
3 0.275 0 0
4 0.385 0 0
5 0.495 0 0
6 0.605 0 0
7 0.715 0 0
8 0.825 0.000604795 0.000488281
9 0.935 0.637378 0.66123
10 1.045 2.39489 3.76172
11 1.155 1.88963 6.74971
12 1.265 1.16149 8.95254
13 1.375 0.806437 10.7594
14 1.485 0.680082 12.5365
15 1.595 0.677536 14.5789
16 1.705 0.799112 17.3313
17 1.815 0.976215 21.1415
18 1.925 1.13988 26.1459
19 2.035 1.22181 32.1403
20 2.145 1.15103 38.4144
21 2.255 1.0193 44.5547
22 2.365 0.929606 50.7143
23 2.475 0.885482 57.1398
24 2.585 0.90974 64.3412
25 2.695 0.970618 72.6922
26 2.805 1.03146 82.3058
27 2.915 1.05856 92.9608
28 3.025 1.05996 104.45
29 3.135 1.03066 116.449
30 3.245 0.991131 128.812
31 3.355 0.967669 141.714
32 3.465 0.962727 155.406
33 3.575 0.979619 170.236
34 3.685 0.997715 186.284
35 3.795 1.01843 203.658
36 3.905 1.0213 222.106
37 4.015 1.02034 241.589
38 4.125 1.00334 261.811
39 4.235 0.993226 282.912
40 4.345 0.987407 304.992
41 4.455 0.987724 328.212
42 4.565 0.994465 352.759
43 4.675 1.00312 378.728
44 4.785 1.00971 406.112
45 4.895 1.00973 434.769
46 5.005 1.00322 464.536
47 5.115 1 495.526
48 5.225 0.995096 527.705
49 5.335 0.995963 561.281
50 5.445 0.995568 596.243
52000 50
1 0.055 0 0
2 0.165 0 0
3 0.275 0 0
4 0.385 0 0
5 0.495 0 0
6 0.605 0 0
7 0.715 0 0
8 0.825 0.000483836 0.000390625
9 0.935 0.642748 0.666699
10 1.045 2.39059 3.76162
11 1.155 1.8895 6.74941
12 1.265 1.15511 8.94014
13 1.375 0.801686 10.7363
14 1.485 0.679297 12.5114
15 1.595 0.685473 14.5777
16 1.705 0.805264 17.3514
17 1.815 0.974989 21.1567
18 1.925 1.14095 26.1658
19 2.035 1.21554 32.1295
20 2.145 1.14649 38.3788
21 2.255 1.0301 44.5842
22 2.365 0.919657 50.6778
23 2.475 0.890206 57.1377
24 2.585 0.91048 64.3449
25 2.695 0.96912 72.683
26 2.805 1.03025 82.2854
27 2.915 1.05882 92.943
28 3.025 1.05919 104.424
29 3.135 1.03315 116.452
30 3.245 0.989009 128.788
31 3.355 0.968263 141.698
32 3.465 0.962295 155.384
33 3.575 0.980516 170.228
34 3.685 0.99726 186.269
35 3.795 1.01629 203.606
36 3.905 1.0279 222.173
37 4.015 1.01411 241.537
38 4.125 1.00806 261.854
39 4.235 0.989939 282.885
40 4.345 0.986115 304.936
41 4.455 0.985635 328.107
42 4.565 0.999398 352.776
43 4.675 1.00288 378.739
44 4.785 1.0082 406.081
45 4.895 1.00949 434.732
46 5.005 1.00422 464.529
47 5.115 1.00255 495.598
48 5.225 0.993604 527.728
49 5.335 0.99207 561.173
50 5.445 0.998199 596.227
53000 50
1 0.055 0 0
2 0.165 0 0
3 0.275 0 0
4 0.385 0 0
5 0.495 0 0
6 0.605 0 0
7 0.715 0 0
8 0.825 0.000241918 0.000195313
9 0.935 0.629748 0.653027
10 1.045 2.41088 3.77422
11 1.155 1.88036 6.74756
12 1.265 1.16123 8.9499
13 1.375 0.803909 10.7511
14 1.485 0.679297 12.5262
15 1.595 0.686802 14.5965
16 1.705 0.794717 17.3338
17 1.815 0.97604 21.1433
18 1.925 1.13853 26.1417
19 2.035 1.2151 32.1032
20 2.145 1.15662 38.4077
21 2.255 1.02564 44.5862
22 2.365 0.924875 50.7145
23 2.475 0.891148 57.1812
24 2.585 0.908025 64.3689
25 2.695 0.963229 72.6563
26 2.805 1.02585 82.2177
27 2.915 1.06785 92.9662
28 3.025 1.06087 104.466
29 3.135 1.02759 116.429
30 3.245 0.998044 128.878
31 3.355 0.964454 141.737
32 3.465 0.959878 155.388
33 3.575 0.977826 170.192
34 3.685 0.999998 186.276
35 3.795 1.01681 203.623
36 3.905 1.02554 222.147
37 4.015 1.01789 241.583
38 4.125 1.00509 261.841
39 4.235 0.992302 282.921
40 4.345 0.985918 304.969
41 4.455 0.988672 328.211
42 4.565 0.99365 352.738
43 4.675 1.00596 378.78
44 4.785 1.00823 406.124
45 4.895 1.00689 434.701
46 5.005 1.00626 464.558
47 5.115 1.00004 495.549
48 5.225 0.995334 527.735
49 5.335 0.996192 561.32
50 5.445 0.995237 596.27
54000 50
1 0.055 0 0
2 0.165 0 0
3 0.275 0 0
4 0.385 0 0
5 0.495 0 0
6 0.605 0 0
7 0.715 0 0
8 0.825 0 0
9 0.935 0.637472 0.66084
10 1.045 2.40206 3.77061
11 1.155 1.87653 6.73789
12 1.265 1.15557 8.92949
13 1.375 0.812321 10.7495
14 1.485 0.681091 12.5293
15 1.595 0.684761 14.5935
16 1.705 0.797241 17.3395
17 1.815 0.976415 21.1504
18 1.925 1.13935 26.1524
19 2.035 1.21112 32.0944
20 2.145 1.1514 38.3705
21 2.255 1.02554 44.5484
22 2.365 0.929517 50.7074
23 2.475 0.889775 57.1642
24 2.585 0.913231 64.3932
25 2.695 0.967565 72.7179
26 2.805 1.02878 82.3064
27 2.915 1.05573 92.933
28 3.025 1.05737 104.394
29 3.135 1.02895 116.373
30 3.245 0.992344 128.751
31 3.355 0.973053 141.725
32 3.465 0.966524 155.471
33 3.575 0.981735 170.333
34 3.685 0.998304 186.391
35 3.795 1.01266 203.667
36 3.905 1.02036 222.097
37 4.015 1.01576 241.492
38 4.125 1.00213 261.69
39 4.235 0.996761 282.866
40 4.345 0.989709 304.998
41 4.455 0.992161 328.322
42 4.565 0.994485 352.87
43 4.675 1.00192 378.807
44 4.785 1.00576 406.084
45 4.895 1.00682 434.659
46 5.005 1.0035 464.434
47 5.115 1.00118 495.46
48 5.225 0.998678 527.755
49 5.335 0.996465 561.348
50 5.445 0.998302 596.406
55000 50
1 0.055 0 0
2 0.165 0 0
3 0.275 0 0
4 0.385 0 0
5 0.495 0 0
6 0.605 0 0
7 0.715 0 0
8 0.825 0.000120959 9.76563e-05
9 0.935 0.633045 0.656348
10 1.045 2.40492 3.76982
11 1.155 1.88308 6.74746
12 1.265 1.15897 8.94551
13 1.375 0.811581 10.7639
14 1.485 0.672383 12.5209
15 1.595 0.686478 14.5902
16 1.705 0.796333 17.3331
17 1.815 0.973363 21.1321
18 1.925 1.14965 26.1794
19 2.035 1.20634 32.0979
20 2.145 1.1535 38.3854
21 2.255 1.03034 44.5923
22 2.365 0.923283 50.71
23 2.475 0.892009 57.1829
24 2.585 0.90499 64.3467
25 2.695 0.963989 72.6406
26 2.805 1.03181 82.2574
27 2.915 1.06388 92.966
28 3.025 1.06199 104.477
29 3.135 1.02839 116.45
30 3.245 0.992932 128.835
31 3.355 0.966746 141.725
32 3.465 0.95825 155.353
33 3.575 0.974788 170.11
34 3.685 1.00239 186.234
35 3.795 1.02045 203.642
36 3.905 1.0252 222.16
37 4.015 1.01856 241.609
38 4.125 1.00274 261.819
39 4.235 0.991796 282.889
40 4.345 0.98449 304.904
41 4.455 0.988048 328.132
42 4.565 0.996846 352.738
43 4.675 1.00512 378.759
44 4.785 1.00995 406.149
45 4.895 1.00962 434.803
46 5.005 1.00387 464.589
47 5.115 0.99707 495.488
48 5.225 0.994507 527.648
49 5.335 0.993185 561.131
50 5.445 1.00064 596.271
56000 50
1 0.055 0 0
2 0.165 0 0
3 0.275 0 0
4 0.385 0 0
5 0.495 0 0
6 0.605 0 0
7 0.715 0 0
8 0.825 0.000967672 0.00078125
9 0.935 0.635211 0.659277
10 1.045 2.40334 3.7707
11 1.155 1.86955 6.72695
12 1.265 1.15922 8.92549
13 1.375 0.816811 10.7556
14 1.485 0.685949 12.548
15 1.595 0.6834 14.6081
16 1.705 0.794179 17.3436
17 1.815 0.974614 21.1475
18 1.925 1.1365 26.137
19 2.035 1.20972 32.0722
20 2.145 1.15699 38.3787
21 2.255 1.02481 44.5522
22 2.365 0.932966 50.7341
23 2.475 0.890246 57.1942
24 2.585 0.906952 64.3735
25 2.695 0.964625 72.6729
26 2.805 1.02644 82.2397
27 2.915 1.0635 92.9445
28 3.025 1.05676 104.399
29 3.135 1.02745 116.361
30 3.245 0.997246 128.8
31 3.355 0.971302 141.75
32 3.465 0.961594 155.426
33 3.575 0.976755 170.213
34 3.685 0.998626 186.276
35 3.795 1.01739 203.632
36 3.905 1.02317 222.113
37 4.015 1.01278 241.452
38 4.125 1.00794 261.767
39 4.235 0.996292 282.932
40 4.345 0.987062 305.005
41 4.455 0.987787 328.227
42 4.565 0.992036 352.714
43 4.675 1.0021 378.656
44 4.785 1.0107 406.067
45 4.895 1.00771 434.667
46 5.005 1.00834 464.586
47 5.115 0.997486 495.498
48 5.225 0.996029 527.706
49 5.335 0.996885 561.314
50 5.445 0.995471 596.272
57000 50
1 0.055 0 0
2 0.165 0 0
3 0.275 0 0
4 0.385 0 0
5 0.495 0 0
6 0.605 0 0
7 0.715 0 0
8 0.825 0.000241918 0.000195313
9 0.935 0.625508 0.648633
10 1.045 2.40832 3.7665
11 1.155 1.88172 6.74199
12 1.265 1.15511 8.93271
13 1.375 0.810534 10.7487
14 1.485 0.685837 12.5409
15 1.595 0.688 14.6148
16 1.705 0.796815 17.3594
17 1.815 0.972537 21.1552
18 1.925 1.14155 26.1669
19 2.035 1.21084 32.1075
20 2.145 1.15255 38.3898
21 2.255 1.01786 44.5215
22 2.365 0.934292 50.7121
23 2.475 0.891565 57.1818
24 2.585 0.909481 64.3812
25 2.695 0.963444 72.6704
26 2.805 1.02519 82.2256
27 2.915 1.06864 92.9821
28 3.025 1.05651 104.434
29 3.135 1.03136 116.441
30 3.245 0.990011 128.79
31 3.355 0.967889 141.695
32 3.465 0.964258 155.409
33 3.575 0.978045 170.215
34 3.685 0.997909 186.267
35 3.795 1.01479 203.578
36 3.905 1.02581 222.107
37 4.015 1.01928 241.57
38 4.125 1.00383 261.802
39 4.235 0.992504 282.887
40 4.345 0.985547 304.926
41 4.455 0.987795 328.148
42 4.565 0.99799 352.782
43 4.675 1.00269 378.74
44 4.785 1.00806 406.079
45 4.895 1.00804 434.688
46 5.005 1.00665 464.557
47 5.115 0.99926 495.524
48 5.225 0.994797 527.693
49 5.335 0.995097 561.24
50 5.445 0.996047 596.219
58000 50
1 0.055 0 0
2 0.165 0 0
3 0.275 0 0
4 0.385 0 0
5 0.495 0 0
6 0.605 0 0
7 0.715 0 0
8 0.825 0.000362877 0.000292969
9 0.935 0.638697 0.662402
10 1.045 2.40062 3.77031
11 1.155 1.86844 6.7248
12 1.265 1.16875 8.94141
13 1.375 0.810709 10.7578
14 1.485 0.676419 12.5254
15 1.595 0.679415 14.5734
16 1.705 0.803081 17.3396
17 1.815 0.979393 21.1621
18 1.925 1.1355 26.1473
19 2.035 1.21464 32.1065
20 2.145 1.14866 38.3677
21 2.255 1.02426 44.5379
22 2.365 0.929694 50.698
23 2.475 0.892709 57.1761
24 2.585 0.90858 64.3683
25 2.695 0.969744 72.7117
26 2.805 1.02625 82.2768
27 2.915 1.06069 92.9532
28 3.025 1.05834 104.425
29 3.135 1.02737 116.386
30 3.245 0.988242 128.713
31 3.355 0.972459 141.679
32 3.465 0.968378 155.451
33 3.575 0.976484 170.234
34 3.685 0.998085 186.288
35 3.795 1.01945 203.679
36 3.905 1.02086 222.118
37 4.015 1.01753 241.548
38 4.125 1.0031 261.765
39 4.235 0.990335 282.804
40 4.345 0.989386 304.929
41 4.455 0.989099 328.181
42 4.565 0.998512 352.829
43 4.675 1.00322 378.8
44 4.785 1.0063 406.091
45 4.895 1.00949 434.742
46 5.005 1.00497 464.56
47 5.115 0.997946 495.487
48 5.225 0.995842 527.689
49 5.335 0.993003 561.166
50 5.445 0.998505 596.231
59000 50
1 0.055 0 0
2 0.165 0 0
3 0.275 0 0
4 0.385 0 0
5 0.495 0 0
6 0.605 0 0
7 0.715 0 0
8 0.825 0.000483836 0.000390625
9 0.935 0.633327 0.656934
10 1.045 2.39474 3.75723
11 1.155 1.88129 6.73203
12 1.265 1.15768 8.92764
13 1.375 0.810752 10.7441
14 1.485 0.684566 12.533
15 1.595 0.689393 14.6111
16 1.705 0.798715 17.3622
17 1.815 0.968559 21.1425
18 1.925 1.13468 26.124
19 2.035 1.21582 32.0891
20 2.145 1.14941 38.3543
21 2.255 1.02937 44.5553
22 2.365 0.933246 50.739
23 2.475 0.887245 57.1773
24 2.585 0.913268 64.4066
25 2.695 0.963853 72.6994
26 2.805 1.02572 82.2595
27 2.915 1.06015 92.9306
28 3.025 1.0555 104.372
29 3.135 1.03238 116.391
30 3.245 0.994834 128.8
31 3.355 0.970299 141.737
32 3.465 0.96796 155.503
33 3.575 0.972414 170.224
34 3.685 0.99851 186.285
35 3.795 1.01732 203.64
36 3.905 1.02413 222.139
37 4.015 1.0148 241.516
38 4.125 1.0044 261.759
39 4.235 0.994417 282.885
40 4.345 0.988167 304.983
41 4.455 0.989822 328.252
42 4.565 0.993416 352.774
43 4.675 1.00302 378.739
44 4.785 1.00761 406.066
45 4.895 1.00853 434.69
46 5.005 1.00579 464.533
47 5.115 1.00003 495.523
48 5.225 0.99612 527.735
49 5.335 0.995758 561.305
50 5.445 0.998547 596.371
60000 50
1 0.055 0 0
2 0.165 0 0
3 0.275 0 0
4 0.385 0 0
5 0.495 0 0
6 0.605 0 0
7 0.715 0 0
8 0.825 0.000362877 0.000292969
9 0.935 0.629842 0.653223
10 1.045 2.39889 3.75889
11 1.155 1.89024 6.74785
12 1.265 1.15701 8.94219
13 1.375 0.799202 10.7328
14 1.485 0.68651 12.5268
15 1.595 0.691207 14.6104
16 1.705 0.798375 17.3603
17 1.815 0.962654 21.1175
18 1.925 1.14551 26.1466
19 2.035 1.21327 32.0991
20 2.145 1.14974 38.3661
21 2.255 1.03345 44.5917
22 2.365 0.923519 50.7109
23 2.475 0.888671 57.1597
24 2.585 0.910085 64.3638
25 2.695 0.968075 72.6929
26 2.805 1.0248 82.2443
27 2.915 1.06611 92.9754
28 3.025 1.05671 104.43
29 3.135 1.03573 116.488
30 3.245 0.990418 128.842
31 3.355 0.963919 141.694
32 3.465 0.962501 155.382
33 3.575 0.977852 170.186
34 3.685 0.997521 186.231
35 3.795 1.01949 203.623
36 3.905 1.02826 222.196
37 4.015 1.01633 241.602
38 4.125 1.003 261.818
39 4.235 0.988661 282.821
40 4.345 0.988748 304.932
41 4.455 0.988655 328.174
42 4.565 0.997017 352.784
43 4.675 1.00438 378.785
44 4.785 1.00981 406.171
45 4.895 1.00677 434.745
46 5.005 1.00618 464.6
47 5.115 0.997763 495.52
48 5.225 0.994422 527.677
49 5.335 0.994825 561.215
50 5.445 0.998285 596.272
61000 50
1 0.055 0 0
2 0.165 0 0
3 0.275 0 0
4 0.385 0 0
5 0.495 0 0
6 0.605 0 0
7 0.715 0 0
8 0.825 0.000483836 0.000390625
9 0.935 0.629559 0.653027
10 1.045 2.40047 3.76074
11 1.155 1.88308 6.73838
12 1.265 1.15799 8.93457
13 1.375 0.804214 10.7364
14 1.485 0.685276 12.5271
15 1.595 0.687806 14.6005
16 1.705 0.803308 17.3674
17 1.815 0.968383 21.147
18 1.925 1.13859 26.1457
19 2.035 1.21753 32.1191
20 2.145 1.15009 38.3881
21 2.255 1.02363 44.5545
22 2.365 0.929355 50.7124
23 2.475 0.890461 57.1741
24 2.585 0.909283 64.3719
25 2.695 0.968881 72.7079
26 2.805 1.02802 82.2895
27 2.915 1.05949 92.9539
28 3.025 1.05658 104.407
29 3.135 1.02861 116.382
30 3.245 0.994396 128.785
31 3.355 0.969757 141.715
32 3.465 0.96706 155.469
33 3.575 0.972872 170.197
34 3.685 1.00006 186.283
35 3.795 1.0194 203.673
36 3.905 1.02284 222.149
37 4.015 1.01303 241.492
38 4.125 1.00441 261.736
39 4.235 0.994316 282.859
40 4.345 0.990145 305.001
41 4.455 0.986507 328.193
42 4.565 0.997305 352.81
43 4.675 1.00272 378.768
44 4.785 1.00778 406.099
45 4.895 1.00942 434.748
46 5.005 1.00172 464.471
47 5.115 0.999644 495.449
48 5.225 0.998946 527.752
49 5.335 0.993582 561.249
50 5.445 0.996378 596.239
62000 50
1 0.055 0 0
2 0.165 0 0
3 0.275 0 0
4 0.385 0 0
5 0.495 0 0
6 0.605 0 0
7 0.715 0 0
8 0.825 0.000241918 0.000195313
9 0.935 0.63182 0.655176
10 1.045 2.3881 3.74688
11 1.155 1.89611 6.74512
12 1.265 1.15825 8.9418
13 1.375 0.812975 10.7633
14 1.485 0.680007 12.5402
15 1.595 0.677698 14.5831
16 1.705 0.798063 17.3319
17 1.815 0.970285 21.1189
18 1.925 1.14585 26.1495
19 2.035 1.22232 32.1465
20 2.145 1.14051 38.3632
21 2.255 1.02633 44.5459
22 2.365 0.932804 50.7267
23 2.475 0.887527 57.1671
24 2.585 0.907174 64.3481
25 2.695 0.969086 72.6859
26 2.805 1.0226 82.2169
27 2.915 1.068 92.967
28 3.025 1.0591 104.447
29 3.135 1.0302 116.441
30 3.245 0.991256 128.805
31 3.355 0.966651 141.694
32 3.465 0.962363 155.38
33 3.575 0.979587 170.21
34 3.685 0.999992 186.295
35 3.795 1.01474 203.606
36 3.905 1.02646 222.146
37 4.015 1.01951 241.613
38 4.125 1.0026 261.821
39 4.235 0.991677 282.888
40 4.345 0.986639 304.952
41 4.455 0.985294 328.115
42 4.565 0.996209 352.705
43 4.675 1.0085 378.813
44 4.785 1.00516 406.073
45 4.895 1.00879 434.704
46 5.005 1.00804 464.614
47 5.115 0.998494 495.557
48 5.225 0.995815 527.759
49 5.335 0.993154 561.241
50 5.445 0.997679 596.277
63000 50
1 0.055 0 0
2 0.165 0 0
3 0.275 0 0
4 0.385 0 0
5 0.495 0 0
6 0.605 0 0
7 0.715 0 0
8 0.825 0.000483836 0.000390625
9 0.935 0.631537 0.655078
10 1.045 2.40062 3.76299
11 1.155 1.88629 6.7457
12 1.265 1.16067 8.94697
13 1.375 0.808094 10.7575
14 1.485 0.679858 12.5341
15 1.595 0.6903 14.6149
16 1.705 0.792222 17.3437
17 1.815 0.968008 21.1218
18 1.925 1.13735 26.115
19 2.035 1.22033 32.1022
20 2.145 1.15515 38.3987
21 2.255 1.02706 44.5858
22 2.365 0.927159 50.7292
23 2.475 0.891471 57.1982
24 2.585 0.907297 64.3803
25 2.695 0.967031 72.7004
26 2.805 1.02276 82.2329
27 2.915 1.06171 92.9196
28 3.025 1.06285 104.44
29 3.135 1.03256 116.462
30 3.245 0.99265 128.843
31 3.355 0.965091 141.711
32 3.465 0.963737 155.417
33 3.575 0.976013 170.193
34 3.685 1.00048 186.286
35 3.795 1.01467 203.595
36 3.905 1.02539 222.117
37 4.015 1.01809 241.557
38 4.125 1.00533 261.819
39 4.235 0.993061 282.916
40 4.345 0.984927 304.941
41 4.455 0.98917 328.195
42 4.565 0.996047 352.781
43 4.675 1.00265 378.738
44 4.785 1.00815 406.079
45 4.895 1.00754 434.675
46 5.005 1.00503 464.495
47 5.115 1.00187 495.543
48 5.225 0.999091 527.85
49 5.335 0.991946 561.292
50 5.445 0.996341 596.281
64000 50
1 0.055 0 0
2 0.165 0 0
3 0.275 0 0
4 0.385 0 0
5 0.495 0 0
6 0.605 0 0
7 0.715 0 0
8 0.825 0.000725754 0.000585937
9 0.935 0.64303 0.667187
10 1.045 2.39444 3.76709
11 1.155 1.8861 6.74951
12 1.265 1.15531 8.94063
13 1.375 0.809532 10.7544
14 1.485 0.67272 12.5123
15 1.595 0.688713 14.5884
16 1.705 0.799651 17.3427
17 1.815 0.973313 21.1415
18 1.925 1.1454 26.1701
19 2.035 1.21014 32.1073
20 2.145 1.15147 38.3838
21 2.255 1.02288 44.5457
22 2.365 0.926997 50.688
23 2.475 0.894633 57.18
24 2.585 0.905533 64.348
25 2.695 0.967939 72.676
26 2.805 1.03211 82.2956
27 2.915 1.05944 92.9595
28 3.025 1.05601 104.406
29 3.135 1.02836 116.378
30 3.245 0.993754 128.774
31 3.355 0.968988 141.693
32 3.465 0.969381 155.48
33 3.575 0.972969 170.21
34 3.685 1.00119 186.314
35 3.795 1.01581 203.643
36 3.905 1.02216 222.106
37 4.015 1.01648 241.515
38 4.125 1.0045 261.761
39 4.235 0.991553 282.825
40 4.345 0.989167 304.945
41 4.455 0.990798 328.238
42 4.565 0.998484 352.884
43 4.675 0.99887 378.743
44 4.785 1.00749 406.066
45 4.895 1.0076 434.663
46 5.005 1.00593 464.51
47 5.115 0.999361 495.48
48 5.225 0.994945 527.654
49 5.335 0.997751 561.291
50 5.445 0.997902 596.335
65000 50
1 0.055 0 0
2 0.165 0 0
3 0.275 0 0
4 0.385 0 0
5 0.495 0 0
6 0.605 0 0
7 0.715 0 0
8 0.825 0.000241918 0.000195313
9 0.935 0.631914 0.655273
10 1.045 2.39187 3.75186
11 1.155 1.89469 6.74785
12 1.265 1.16211 8.95186
13 1.375 0.808791 10.764
14 1.485 0.671486 12.5187
15 1.595 0.686802 14.589
16 1.705 0.801578 17.3499
17 1.815 0.971911 21.1433
18 1.925 1.13559 26.1288
19 2.035 1.22519 32.1398
20 2.145 1.1531 38.4252
21 2.255 1.01886 44.5629
22 2.365 0.928854 50.7175
23 2.475 0.887998 57.1613
24 2.585 0.910295 64.3671
25 2.695 0.965715 72.6759
26 2.805 1.03168 82.2915
27 2.915 1.06191 92.9803
28 3.025 1.06187 104.49
29 3.135 1.02707 116.448
30 3.245 0.989134 128.785
31 3.355 0.967428 141.684
32 3.465 0.96649 155.43
33 3.575 0.975098 170.192
34 3.685 1.00478 186.353
35 3.795 1.01589 203.684
36 3.905 1.02324 222.166
37 4.015 1.01539 241.555
38 4.125 1.00234 261.757
39 4.235 0.992587 282.844
40 4.345 0.987503 304.927
41 4.455 0.989452 328.187
42 4.565 0.994314 352.731
43 4.675 1.00727 378.807
44 4.785 1.00859 406.16
45 4.895 1.00765 434.758
46 5.005 1.00459 464.566
47 5.115 0.995516 495.417
48 5.225 1.00071 527.777
49 5.335 0.995497 561.338
50 5.445 0.99484 596.274
66000 50
1 0.055 0 0
2 0.165 0 0
3 0.275 0 0
4 0.385 0 0
5 0.495 0 0
6 0.605 0 0
7 0.715 0 0
8 0.825 0.000241918 0.000195313
9 0.935 0.637566 0.661133
10 1.045 2.41126 3.78281
11 1.155 1.85788 6.72061
12 1.265 1.16875 8.93721
13 1.375 0.807222 10.7458
14 1.485 0.684492 12.5345
15 1.595 0.681715 14.5895
16 1.705 0.802968 17.3552
17 1.815 0.965331 21.1229
18 1.925 1.14783 26.1621
19 2.035 1.2155 32.1256
20 2.145 1.15051 38.3968
21 2.255 1.01756 44.5267
22 2.365 0.931522 50.6989
23 2.475 0.891713 57.1697
24 2.585 0.913379 64.3999
25 2.695 0.970198 72.7473
26 2.805 1.02227 82.2752
27 2.915 1.0609 92.9538
28 3.025 1.0549 104.388
29 3.135 1.03304 116.415
30 3.245 0.990458 128.769
31 3.355 0.969581 141.697
32 3.465 0.966758 155.446
33 3.575 0.981651 170.307
34 3.685 0.996992 186.344
35 3.795 1.01372 203.637
36 3.905 1.02177 222.093
37 4.015 1.01565 241.487
38 4.125 1.00762 261.795
39 4.235 0.993474 282.901
40 4.345 0.985953 304.949
41 4.455 0.990524 328.235
42 4.565 0.993788 352.765
43 4.675 1.00631 378.817
44 4.785 1.00618 406.104
45 4.895 1.00542 434.64
46 5.005 1.00543 464.472
47 5.115 1.00202 495.525
48 5.225 0.99595 527.731
49 5.335 0.996215 561.316
50 5.445 0.996633 596.315
67000 50
1 0.055 0 0
2 0.165 0 0
3 0.275 0 0
4 0.385 0 0
5 0.495 0 0
6 0.605 0 0
7 0.715 0 0
8 0.825 0 0
9 0.935 0.63361 0.656836
10 1.045 2.40734 3.77344
11 1.155 1.87079 6.73164
12 1.265 1.15912 8.92998
13 1.375 0.804825 10.7332
14 1.485 0.681913 12.5151
15 1.595 0.693248 14.6049
16 1.705 0.799424 17.3584
17 1.815 0.973488 21.1579
18 1.925 1.13755 26.1521
19 2.035 1.21235 32.1001
20 2.145 1.15353 38.3878
21 2.255 1.02549 44.5654
22 2.365 0.92539 50.6971
23 2.475 0.888671 57.1458
24 2.585 0.914958 64.3885
25 2.695 0.967054 72.7088
26 2.805 1.02659 82.277
27 2.915 1.0592 92.9385
28 3.025 1.05773 104.404
29 3.135 1.03098 116.406
30 3.245 0.995249 128.821
31 3.355 0.966871 141.712
32 3.465 0.963098 155.409
33 3.575 0.979123 170.232
34 3.685 0.999008 186.301
35 3.795 1.01591 203.632
36 3.905 1.02376 222.124
37 4.015 1.01638 241.531
38 4.125 1.00681 261.823
39 4.235 0.99159 282.889
40 4.345 0.986163 304.942
41 4.455 0.990254 328.221
42 4.565 0.993444 352.743
43 4.675 1.00431 378.743
44 4.785 1.00907 406.109
45 4.895 1.00924 434.753
46 5.005 1.00347 464.527
47 5.115 1.00075 495.54
48 5.225 0.995008 527.716
49 5.335 0.994017 561.227
50 5.445 0.99878 596.301
68000 50
1 0.055 0 0
2 0.165 0 0
3 0.275 0 0
4 0.385 0 0
5 0.495 0 0
6 0.605 0 0
7 0.715 0 0
8 0.825 0.000483836 0.000390625
9 0.935 0.641711 0.665625
10 1.045 2.38969 3.75937
11 1.155 1.88431 6.73896
12 1.265 1.16154 8.94189
13 1.375 0.808181 10.7526
14 1.485 0.680082 12.5298
15 1.595 0.686218 14.5983
16 1.705 0.797864 17.3465
17 1.815 0.97594 21.1556
18 1.925 1.13868 26.1547
19 2.035 1.21757 32.1283
20 2.145 1.14769 38.3842
21 2.255 1.02327 44.5484
22 2.365 0.925597 50.6814
23 2.475 0.891242 57.1488
24 2.585 0.915378 64.3948
25 2.695 0.965919 72.7054
26 2.805 1.02817 82.2883
27 2.915 1.0613 92.9709
28 3.025 1.05783 104.437
29 3.135 1.02647 116.388
30 3.245 0.9907 128.745
31 3.355 0.966988 141.638
32 3.465 0.96695 155.39
33 3.575 0.981819 170.254
34 3.685 1.00274 186.383
35 3.795 1.0159 203.713
36 3.905 1.01808 222.103
37 4.015 1.01513 241.486
38 4.125 1.00295 261.7
39 4.235 0.994426 282.826
40 4.345 0.985604 304.867
41 4.455 0.993586 328.225
42 4.565 0.998239 352.865
43 4.675 1.00305 378.832
44 4.785 1.00625 406.121
45 4.895 1.00586 434.669
46 5.005 1.00388 464.456
47 5.115 0.997391 495.365
48 5.225 0.996488 527.588
49 5.335 0.998753 561.259
50 5.445 0.998341 596.318
69000 50
1 0.055 0 0
2 0.165 0 0
3 0.275 0 0
4 0.385 0 0
5 0.495 0 0
6 0.605 0 0
7 0.715 0 0
8 0.825 0.000725754 0.000585937
9 0.935 0.6419 0.666016
10 1.045 2.39753 3.76992
11 1.155 1.88475 6.7502
12 1.265 1.15516 8.94102
13 1.375 0.804912 10.7444
14 1.485 0.675037 12.5084
15 1.595 0.683497 14.5687
16 1.705 0.808185 17.3524
17 1.815 0.979593 21.1758
18 1.925 1.13917 26.1771
19 2.035 1.21787 32.1521
20 2.145 1.14545 38.3958
21 2.255 1.01794 44.5279
22 2.365 0.927704 50.6749
23 2.475 0.892561 57.1519
24 2.585 0.913589 64.3837
25 2.695 0.964296 72.6803
26 2.805 1.03414 82.3188
27 2.915 1.05685 92.9566
28 3.025 1.05892 104.435
29 3.135 1.02929 116.418
30 3.245 0.990473 128.772
31 3.355 0.968219 141.682
32 3.465 0.964732 155.402
33 3.575 0.980419 170.245
34 3.685 0.994685 186.244
35 3.795 1.01901 203.628
36 3.905 1.02499 222.142
37 4.015 1.01751 241.571
38 4.125 1.00391 261.805
39 4.235 0.991806 282.875
40 4.345 0.987621 304.96
41 4.455 0.989266 328.217
42 4.565 0.994037 352.753
43 4.675 1.0019 378.69
44 4.785 1.01097 406.108
45 4.895 1.00795 434.715
46 5.005 1.00538 464.546
47 5.115 1.00068 495.557
48 5.225 0.994894 527.729
49 5.335 0.995784 561.299
50 5.445 0.994982 596.241
70000 50
1 0.055 0 0
2 0.165 0 0
3 0.275 0 0
4 0.385 0 0
5 0.495 0 0
6 0.605 0 0
7 0.715 0 0
8 0.825 0.000241918 0.000195313
9 0.935 0.638226 0.661816
10 1.045 2.38667 3.75166
11 1.155 1.88252 6.72842
12 1.265 1.16468 8.9373
13 1.375 0.811581 10.7557
14 1.485 0.682287 12.5386
15 1.595 0.690333 14.6195
16 1.705 0.79588 17.3608
17 1.815 0.972687 21.1572
18 1.925 1.13223 26.128
19 2.035 1.2154 32.091
20 2.145 1.15285 38.375
21 2.255 1.03108 44.5863
22 2.365 0.925567 50.7191
23 2.475 0.890757 57.183
24 2.585 0.905064 64.3474
25 2.695 0.970062 72.6936
26 2.805 1.02494 82.2464
27 2.915 1.06054 92.9214
28 3.025 1.06242 104.438
29 3.135 1.0304 116.433
30 3.245 0.991303 128.798
31 3.355 0.968175 141.707
32 3.465 0.963908 155.416
33 3.575 0.977155 170.209
34 3.685 1.00109 186.311
35 3.795 1.01678 203.657
36 3.905 1.02464 222.165
37 4.015 1.01421 241.531
38 4.125 1.00577 261.802
39 4.235 0.99176 282.871
40 4.345 0.98763 304.957
41 4.455 0.989374 328.216
42 4.565 0.994777 352.771
43 4.675 1.00216 378.714
44 4.785 1.00969 406.097
45 4.895 1.00819 434.711
46 5.005 1.00418 464.507
47 5.115 1.00181 495.553
48 5.225 0.995422 527.742
49 5.335 0.99548 561.302
50 5.445 0.997384 596.328
71000 50
1 0.055 0 0
2 0.165 0 0
3 0.275 0 0
4 0.385 0 0
5 0.495 0 0
6 0.605 0 0
7 0.715 0 0
8 0.825 0.000362877 0.000292969
9 0.935 0.643972 0.667871
10 1.045 2.38101 3.75039
11 1.155 1.89105 6.74062
12 1.265 1.16566 8.95137
13 1.375 0.802515 10.7494
14 1.485 0.68124 12.5296
15 1.595 0.689069 14.6067
16 1.705 0.794802 17.3443
17 1.815 0.975164 21.1504
18 1.925 1.1448 26.1764
19 2.035 1.20797 32.1029
20 2.145 1.158 38.4149
21 2.255 1.02155 44.5688
22 2.365 0.926201 50.7059
23 2.475 0.891417 57.1745
24 2.585 0.907248 64.3562
25 2.695 0.974375 72.7395
26 2.805 1.02467 82.2897
27 2.915 1.06446 93.0042
28 3.025 1.05484 104.438
29 3.135 1.03073 116.438
30 3.245 0.990262 128.79
31 3.355 0.967896 141.695
32 3.465 0.963579 155.399
33 3.575 0.978794 170.217
34 3.685 1.0007 186.313
35 3.795 1.02056 203.723
36 3.905 1.02241 222.191
37 4.015 1.01363 241.546
38 4.125 1.00558 261.813
39 4.235 0.98777 282.798
40 4.345 0.990198 304.941
41 4.455 0.989963 328.213
42 4.565 1.00005 352.898
43 4.675 1.00151 378.825
44 4.785 1.00728 406.143
45 4.895 1.00793 434.749
46 5.005 1.00335 464.52
47 5.115 0.998233 495.455
48 5.225 0.995398 527.643
49 5.335 0.996815 561.249
50 5.445 0.998652 596.319
72000 50
1 0.055 0 0
2 0.165 0 0
3 0.275 0 0
4 0.385 0 0
5 0.495 0 0
6 0.605 0 0
7 0.715 0 0
8 0.825 0.000241918 0.000195313
9 0.935 0.646892 0.670801
10 1.045 2.38614 3.75996
11 1.155 1.89438 6.75547
12 1.265 1.15485 8.9457
13 1.375 0.79833 10.7344
14 1.485 0.682436 12.5177
15 1.595 0.686704 14.5877
16 1.705 0.795993 17.3294
17 1.815 0.980418 21.156
18 1.925 1.14536 26.1844
19 2.035 1.21211 32.1313
20 2.145 1.14522 38.3736
21 2.255 1.02452 44.5454
22 2.365 0.924933 50.674
23 2.475 0.891955 57.1466
24 2.585 0.908765 64.3402
25 2.695 0.974137 72.7215
26 2.805 1.02968 82.3185
27 2.915 1.05905 92.9784
28 3.025 1.05752 104.441
29 3.135 1.02447 116.368
30 3.245 0.994709 128.776
31 3.355 0.965399 141.648
32 3.465 0.96752 155.407
33 3.575 0.979471 170.236
34 3.685 1.00003 186.321
35 3.795 1.02021 203.725
36 3.905 1.02016 222.152
37 4.015 1.01539 241.54
38 4.125 1.00409 261.778
39 4.235 0.989126 282.791
40 4.345 0.990045 304.931
41 4.455 0.987729 328.151
42 4.565 0.996906 352.759
43 4.675 1.00641 378.812
44 4.785 1.01069 406.222
45 4.895 1.00502 434.746
46 5.005 1.00263 464.495
47 5.115 0.996339 495.372
48 5.225 0.996545 527.597
49 5.335 0.996595 561.195
50 5.445 0.998875 596.273
73000 50
1 0.055 0 0
2 0.165 0 0
3 0.275 0 0
4 0.385 0 0
5 0.495 0 0
6 0.605 0 0
7 0.715 0 0
8 0.825 0.00108863 0.000878906
9 0.935 0.634363 0.658496
10 1.045 2.39534 3.75957
11 1.155 1.88728 6.74385
12 1.265 1.17035 8.96348
13 1.375 0.797807 10.751
14 1.485 0.673766 12.5116
15 1.595 0.685344 14.5775
16 1.705 0.801947 17.3397
17 1.815 0.978792 21.16
18 1.925 1.14293 26.1777
19 2.035 1.20996 32.1141
20 2.145 1.15065 38.386
21 2.255 1.02314 44.5495
22 2.365 0.92679 50.6904
23 2.475 0.890475 57.1522
24 2.585 0.911886 64.3706
25 2.695 0.964931 72.6727
26 2.805 1.03342 82.3045
27 2.915 1.05923 92.9663
28 3.025 1.05798 104.434
29 3.135 1.03211 116.45
30 3.245 0.989612 128.794
31 3.355 0.964044 141.648
32 3.465 0.965048 155.372
33 3.575 0.979871 170.207
34 3.685 1.00127 186.312
35 3.795 1.02004 203.713
36 3.905 1.02267 222.186
37 4.015 1.01265 241.522
38 4.125 1.00241 261.725
39 4.235 0.99022 282.762
40 4.345 0.990547 304.913
41 4.455 0.990732 328.203
42 4.565 0.99403 352.74
43 4.675 1.00723 378.815
44 4.785 1.00706 406.127
45 4.895 1.00828 434.743
46 5.005 1.00253 464.489
47 5.115 1.00217 495.546
48 5.225 0.993248 527.665
49 5.335 0.994941 561.207
50 5.445 0.999211 596.297
74000 50
1 0.055 0 0
2 0.165 0 0
3 0.275 0 0
4 0.385 0 0
5 0.495 0 0
6 0.605 0 0
7 0.715 0 0
8 0.825 0.000362877 0.000292969
9 0.935 0.631349 0.654785
10 1.045 2.41194 3.77734
11 1.155 1.88419 6.75674
12 1.265 1.14774 8.9335
13 1.375 0.807309 10.7423
14 1.485 0.675522 12.5075
15 1.595 0.692406 14.5947
16 1.705 0.796503 17.3382
17 1.815 0.981469 21.1688
18 1.925 1.14467 26.1942
19 2.035 1.21128 32.137
20 2.145 1.14782 38.3936
21 2.255 1.02314 44.557
22 2.365 0.92738 50.7019
23 2.475 0.889102 57.1537
24 2.585 0.910073 64.3577
25 2.695 0.967031 72.6778
26 2.805 1.03203 82.2967
27 2.915 1.06093 92.9756
28 3.025 1.06181 104.485
29 3.135 1.02175 116.38
30 3.245 0.993253 128.77
31 3.355 0.968651 141.685
32 3.465 0.963929 155.394
33 3.575 0.977284 170.189
34 3.685 1.00238 186.312
35 3.795 1.01773 203.674
36 3.905 1.02309 222.154
37 4.015 1.01591 241.552
38 4.125 1.00389 261.785
39 4.235 0.992389 282.868
40 4.345 0.982547 304.84
41 4.455 0.992796 328.179
42 4.565 0.995212 352.745
43 4.675 1.0055 378.775
44 4.785 1.00597 406.057
45 4.895 1.01016 434.727
46 5.005 1.00421 464.524
47 5.115 1.00041 495.526
48 5.225 0.994981 527.701
49 5.335 0.995036 561.246
50 5.445 0.998961 596.327
75000 50
1 0.055 0 0
2 0.165 0 0
3 0.275 0 0
4 0.385 0 0
5 0.495 0 0
6 0.605 0 0
7 0.715 0 0
8 0.825 0.000483836 0.000390625
9 0.935 0.636153 0.659863
10 1.045 2.41035 3.78037
11 1.155 1.86616 6.73125
12 1.265 1.16432 8.93945
13 1.375 0.806132 10.7456
14 1.485 0.68068 12.5243
15 1.595 0.692503 14.6118
16 1.705 0.7988 17.3632
17 1.815 0.961578 21.1162
18 1.925 1.14291 26.1339
19 2.035 1.2195 32.117
20 2.145 1.15357 38.4049
21 2.255 1.02035 44.5516
22 2.365 0.928795 50.7058
23 2.475 0.887985 57.1495
24 2.585 0.90805 64.3375
25 2.695 0.971015 72.6919
26 2.805 1.0263 82.2574
27 2.915 1.0612 92.9391
28 3.025 1.06009 104.43
29 3.135 1.03064 116.429
30 3.245 0.995633 128.848
31 3.355 0.962249 141.677
32 3.465 0.964526 155.395
33 3.575 0.97622 170.174
34 3.685 0.999512 186.251
35 3.795 1.01989 203.65
36 3.905 1.02488 222.162
37 4.015 1.01466 241.536
38 4.125 1.00374 261.767
39 4.235 0.996338 282.933
40 4.345 0.984525 304.949
41 4.455 0.987263 328.158
42 4.565 0.994872 352.716
43 4.675 1.00506 378.734
44 4.785 1.01008 406.128
45 4.895 1.00815 434.741
46 5.005 1.00373 464.523
47 5.115 1.00039 495.525
48 5.225 0.99596 527.731
49 5.335 0.995494 561.292
50 5.445 0.993341 596.175
76000 50
1 0.055 0 0
2 0.165 0 0
3 0.275 0 0
4 0.385 0 0
5 0.495 0 0
6 0.605 0 0
7 0.715 0 0
8 0.825 0.000604795 0.000488281
9 0.935 0.640769 0.664746
10 1.045 2.40711 3.78105
11 1.155 1.86721 6.73359
12 1.265 1.15526 8.92461
13 1.375 0.811057 10.7418
14 1.485 0.684678 12.531
15 1.595 0.686316 14.5998
16 1.705 0.798828 17.3513
17 1.815 0.967182 21.1262
18 1.925 1.14469 26.1517
19 2.035 1.21179 32.097
20 2.145 1.15391 38.3867
21 2.255 1.03188 44.6028
22 2.365 0.924285 50.7271
23 2.475 0.885132 57.1502
24 2.585 0.909049 64.3461
25 2.695 0.968336 72.6774
26 2.805 1.02715 82.2509
27 2.915 1.06467 92.9674
28 3.025 1.06017 104.459
29 3.135 1.03183 116.472
30 3.245 0.996705 128.904
31 3.355 0.959627 141.699
32 3.465 0.958209 155.326
33 3.575 0.979439 170.154
34 3.685 0.999743 186.235
35 3.795 1.01894 203.617
36 3.905 1.02704 222.169
37 4.015 1.01915 241.629
38 4.125 1.00742 261.934
39 4.235 0.98685 282.899
40 4.345 0.986311 304.955
41 4.455 0.987043 328.159
42 4.565 0.99382 352.69
43 4.675 1.00394 378.68
44 4.785 1.00979 406.066
45 4.895 1.01291 434.814
46 5.005 1.00363 464.593
47 5.115 1.00004 495.584
48 5.225 0.994676 527.748
49 5.335 0.99364 561.247
50 5.445 0.9969 596.255
77000 50
1 0.055 0 0
2 0.165 0 0
3 0.275 0 0
4 0.385 0 0
5 0.495 0 0
6 0.605 0 0
7 0.715 0 0
8 0.825 0.00120959 0.000976562
9 0.935 0.622305 0.646094
10 1.045 2.41126 3.76777
11 1.155 1.88512 6.74863
12 1.265 1.15413 8.9375
13 1.375 0.813193 10.7595
14 1.485 0.680455 12.5376
15 1.595 0.683692 14.5985
16 1.705 0.790294 17.3206
17 1.815 0.979893 21.1451
18 1.925 1.13766 26.1397
19 2.035 1.22002 32.1254
20 2.145 1.14757 38.3806
21 2.255 1.02787 44.5726
22 2.365 0.927807 50.7202
23 2.475 0.889533 57.1752
24 2.585 0.910554 64.383
25 2.695 0.95769 72.6228
26 2.805 1.03343 82.2547
27 2.915 1.06384 92.9629
28 3.025 1.05807 104.432
29 3.135 1.03009 116.424
30 3.245 0.993738 128.819
31 3.355 0.970189 141.755
32 3.465 0.957742 155.376
33 3.575 0.978368 170.188
34 3.685 0.998783 186.253
35 3.795 1.02103 203.671
36 3.905 1.02227 222.136
37 4.015 1.01746 241.564
38 4.125 1.00311 261.782
39 4.235 0.994476 282.909
40 4.345 0.985363 304.944
41 4.455 0.986059 328.125
42 4.565 0.99528 352.692
43 4.675 1.00666 378.752
44 4.785 1.00831 406.098
45 4.895 1.01328 434.856
46 5.005 0.999634 464.516
47 5.115 1.00004 495.508
48 5.225 0.993843 527.645
49 5.335 0.997713 561.281
50 5.445 0.994893 596.219
78000 50
1 0.055 0 0
2 0.165 0 0
3 0.275 0 0
4 0.385 0 0
5 0.495 0 0
6 0.605 0 0
7 0.715 0 0
8 0.825 0.000604795 0.000488281
9 0.935 0.631537 0.655176
10 1.045 2.39745 3.75898
11 1.155 1.88895 6.7459
12 1.265 1.15521 8.93682
13 1.375 0.81097 10.7538
14 1.485 0.684118 12.5415
15 1.595 0.685311 14.6073
16 1.705 0.793838 17.3416
17 1.815 0.972287 21.1364
18 1.925 1.13412 26.1155
19 2.035 1.2222 32.1119
20 2.145 1.15626 38.4145
21 2.255 1.02205 44.5714
22 2.365 0.92539 50.703
23 2.475 0.888214 57.1484
24 2.585 0.910529 64.3561
25 2.695 0.968495 72.6888
26 2.805 1.02771 82.2674
27 2.915 1.06093 92.9463
28 3.025 1.05864 104.421
29 3.135 1.03093 116.424
30 3.245 0.994834 128.833
31 3.355 0.965933 141.712
32 3.465 0.961402 155.384
33 3.575 0.977271 170.179
34 3.685 1.00065 186.275
35 3.795 1.01782 203.638
36 3.905 1.02543 222.16
37 4.015 1.01747 241.588
38 4.125 1.00383 261.821
39 4.235 0.992366 282.903
40 4.345 0.985473 304.94
41 4.455 0.989473 328.201
42 4.565 0.991703 352.68
43 4.675 1.00528 378.705
44 4.785 1.01014 406.1
45 4.895 1.00864 434.727
46 5.005 1.00773 464.627
47 5.115 0.998582 495.573
48 5.225 0.996524 527.798
49 5.335 0.991172 561.213
50 5.445 0.996033 596.191
79000 50
1 0.055 0 0
2 0.165 0 0
3 0.275 0 0
4 0.385 0 0
5 0.495 0 0
6 0.605 0 0
7 0.715 0 0
8 0.825 0.000362877 0.000292969
9 0.935 0.633704 0.657227
10 1.045 2.39248 3.75459
11 1.155 1.89203 6.74639
12 1.265 1.14532 8.91855
13 1.375 0.818685 10.7528
14 1.485 0.680381 12.5308
15 1.595 0.685571 14.5974
16 1.705 0.792137 17.3258
17 1.815 0.978217 21.1438
18 1.925 1.1402 26.1495
19 2.035 1.20923 32.0822
20 2.145 1.1554 38.3801
21 2.255 1.03003 44.5851
22 2.365 0.928426 50.7368
23 2.475 0.889358 57.1905
24 2.585 0.908987 64.3859
25 2.695 0.959608 72.6422
26 2.805 1.02919 82.2346
27 2.915 1.06577 92.9622
28 3.025 1.05951 104.447
29 3.135 1.02815 116.417
30 3.245 0.997246 128.856
31 3.355 0.964491 141.715
32 3.465 0.964066 155.426
33 3.575 0.977471 170.224
34 3.685 0.996155 186.247
35 3.795 1.01956 203.64
36 3.905 1.02404 222.137
37 4.015 1.01894 241.593
38 4.125 1.00421 261.833
39 4.235 0.992164 282.911
40 4.345 0.984167 304.919
41 4.455 0.988676 328.162
42 4.565 0.995489 352.734
43 4.675 1.00586 378.774
44 4.785 1.00826 406.118
45 4.895 1.00945 434.768
46 5.005 1.0052 464.594
47 5.115 0.997508 495.506
48 5.225 0.994154 527.654
49 5.335 0.994654 561.187
50 5.445 0.99863 596.256
80000 50
1 0.055 0 0
2 0.165 0 0
3 0.275 0 0
4 0.385 0 0
5 0.495 0 0
6 0.605 0 0
7 0.715 0 0
8 0.825 0 0
9 0.935 0.631726 0.654883
10 1.045 2.40779 3.77207
11 1.155 1.87561 6.73789
12 1.265 1.15006 8.91904
13 1.375 0.817029 10.7496
14 1.485 0.68494 12.5395
15 1.595 0.690754 14.6217
16 1.705 0.791854 17.3491
17 1.815 0.962028 21.1039
18 1.925 1.14491 26.1304
19 2.035 1.22161 32.1238
20 2.145 1.15312 38.4093
21 2.255 1.02256 44.5692
22 2.365 0.925155 50.6993
23 2.475 0.891013 57.165
24 2.585 0.910566 64.3729
25 2.695 0.965703 72.6816
26 2.805 1.02793 82.2623
27 2.915 1.06078 92.9396
28 3.025 1.06171 104.448
29 3.135 1.02891 116.427
30 3.245 0.995688 128.846
31 3.355 0.965157 141.715
32 3.465 0.960873 155.38
33 3.575 0.974556 170.134
34 3.685 1.0019 186.25
35 3.795 1.01988 203.648
36 3.905 1.02615 222.183
37 4.015 1.01731 241.608
38 4.125 1.00294 261.823
39 4.235 0.99102 282.876
40 4.345 0.985132 304.906
41 4.455 0.988946 328.155
42 4.565 0.995185 352.72
43 4.675 1.00534 378.746
44 4.785 1.009 406.11
45 4.895 1.00941 434.759
46 5.005 1.00458 464.566
47 5.115 0.997855 495.489
48 5.225 0.996334 527.708
49 5.335 0.995152 561.257
50 5.445 0.998611 596.326
81000 50
1 0.055 0 0
2 0.165 0 0
3 0.275 0 0
4 0.385 0 0
5 0.495 0 0
6 0.605 0 0
7 0.715 0 0
8 0.825 0.000362877 0.000292969
9 0.935 0.637284 0.660937
10 1.045 2.39263 3.7585
11 1.155 1.89117 6.74893
12 1.265 1.16118 8.95117
13 1.375 0.808006 10.7615
14 1.485 0.683968 12.5488
15 1.595 0.675949 14.5864
16 1.705 0.797241 17.3324
17 1.815 0.973713 21.1328
18 1.925 1.14536 26.1612
19 2.035 1.21548 32.1246
20 2.145 1.1506 38.3963
21 2.255 1.03136 44.6093
22 2.365 0.923327 50.7272
23 2.475 0.887568 57.168
24 2.585 0.907902 64.3548
25 2.695 0.965839 72.6646
26 2.805 1.03044 82.2687
27 2.915 1.06038 92.9421
28 3.025 1.06675 104.505
29 3.135 1.0276 116.469
30 3.245 0.993237 128.858
31 3.355 0.968299 141.768
32 3.465 0.956053 155.365
33 3.575 0.977471 170.163
34 3.685 1.00173 186.275
35 3.795 1.01849 203.65
36 3.905 1.02717 222.204
37 4.015 1.01837 241.649
38 4.125 1.00518 261.909
39 4.235 0.987733 282.893
40 4.345 0.988163 304.99
41 4.455 0.986486 328.181
42 4.565 0.996213 352.771
43 4.675 1.00261 378.727
44 4.785 1.01087 406.142
45 4.895 1.01072 434.828
46 5.005 1.00528 464.656
47 5.115 0.998737 495.606
48 5.225 0.993414 527.73
49 5.335 0.991401 561.153
50 5.445 0.999364 596.248
82000 50
1 0.055 0 0
2 0.165 0 0
3 0.275 0 0
4 0.385 0 0
5 0.495 0 0
6 0.605 0 0
7 0.715 0 0
8 0.825 0.000604795 0.000488281
9 0.935 0.635117 0.658887
10 1.045 2.39293 3.75684
11 1.155 1.89988 6.76104
12 1.265 1.15093 8.94385
13 1.375 0.814762 10.7693
14 1.485 0.668721 12.5168
15 1.595 0.683465 14.5771
16 1.705 0.795965 17.3187
17 1.815 0.980919 21.1472
18 1.925 1.14525 26.1751
19 2.035 1.21582 32.1401
20 2.145 1.14852 38.4005
21 2.255 1.02214 44.5579
22 2.365 0.932258 50.7351
23 2.475 0.883867 57.1489
24 2.585 0.907865 64.3354
25 2.695 0.968938 72.672
26 2.805 1.02875 82.2603
27 2.915 1.06492 92.9793
28 3.025 1.05893 104.458
29 3.135 1.02984 116.447
30 3.245 0.992149 128.822
31 3.355 0.967779 141.726
32 3.465 0.961292 155.397
33 3.575 0.977845 170.201
34 3.685 0.995863 186.219
35 3.795 1.01996 203.619
36 3.905 1.02694 222.169
37 4.015 1.01828 241.612
38 4.125 1.00217 261.811
39 4.235 0.992555 282.897
40 4.345 0.986254 304.952
41 4.455 0.989295 328.209
42 4.565 0.993836 352.741
43 4.675 1.00357 378.721
44 4.785 1.00886 406.081
45 4.895 1.00959 434.735
46 5.005 1.00608 464.586
47 5.115 0.997164 495.488
48 5.225 0.997204 527.735
49 5.335 0.994779 561.272
50 5.445 0.998074 596.321
83000 50
1 0.055 0 0
2 0.165 0 0
3 0.275 0 0
4 0.385 0 0
5 0.495 0 0
6 0.605 0 0
7 0.715 0 0
8 0.825 0.000241918 0.000195313
9 0.935 0.632668 0.656055
10 1.045 2.40009 3.76328
11 1.155 1.88197 6.73916
12 1.265 1.17215 8.96221
13 1.375 0.800902 10.7566
14 1.485 0.672047 12.5128
15 1.595 0.684761 14.577
16 1.705 0.799651 17.3313
17 1.815 0.973037 21.129
18 1.925 1.15383 26.1946
19 2.035 1.21128 32.1374
20 2.145 1.14578 38.3828
21 2.255 1.0294 44.584
22 2.365 0.92626 50.7214
23 2.475 0.887783 57.1637
24 2.585 0.905743 64.3334
25 2.695 0.973126 72.706
26 2.805 1.0266 82.2742
27 2.915 1.06265 92.9704
28 3.025 1.05903 104.45
29 3.135 1.02866 116.426
30 3.245 0.992838 128.81
31 3.355 0.965816 141.687
32 3.465 0.966847 155.437
33 3.575 0.973633 170.177
34 3.685 1.00093 186.277
35 3.795 1.01982 203.675
36 3.905 1.02443 222.179
37 4.015 1.01549 241.569
38 4.125 1.00371 261.799
39 4.235 0.993833 282.912
40 4.345 0.984473 304.927
41 4.455 0.986798 328.125
42 4.565 0.998912 352.782
43 4.675 1.00567 378.817
44 4.785 1.0067 406.119
45 4.895 1.00636 434.681
46 5.005 1.006 464.53
47 5.115 1.00092 495.548
48 5.225 0.994582 527.71
49 5.335 0.996714 561.312
50 5.445 0.995741 596.28
84000 50
1 0.055 0 0
2 0.165 0 0
3 0.275 0 0
4 0.385 0 0
5 0.495 0 0
6 0.605 0 0
7 0.715 0 0
8 0.825 0.000241918 0.000195313
9 0.935 0.627392 0.650586
10 1.045 2.40515 3.76436
11 1.155 1.88777 6.74941
12 1.265 1.15207 8.93437
13 1.375 0.810447 10.7502
14 1.485 0.683258 12.5356
15 1.595 0.687126 14.6069
16 1.705 0.794065 17.342
17 1.815 0.974739 21.1464
18 1.925 1.13575 26.1326
19 2.035 1.21711 32.104
20 2.145 1.1523 38.385
21 2.255 1.02833 44.5797
22 2.365 0.933364 50.7642
23 2.475 0.884634 57.1836
24 2.585 0.90578 64.3536
25 2.695 0.966816 72.6719
26 2.805 1.0237 82.2131
27 2.915 1.06478 92.9308
28 3.025 1.06463 104.471
29 3.135 1.02991 116.461
30 3.245 0.990066 128.811
31 3.355 0.967596 141.712
32 3.465 0.957715 155.332
33 3.575 0.977865 170.136
34 3.685 1.00315 186.272
35 3.795 1.01601 203.604
36 3.905 1.03044 222.217
37 4.015 1.01785 241.652
38 4.125 1.00133 261.834
39 4.235 0.987512 282.813
40 4.345 0.98632 304.869
41 4.455 0.990304 328.15
42 4.565 0.995719 352.728
43 4.675 1.00292 378.692
44 4.785 1.01141 406.121
45 4.895 1.01328 434.88
46 5.005 1.00102 464.581
47 5.115 0.998686 495.53
48 5.225 0.992985 527.641
49 5.335 0.996928 561.25
50 5.445 0.995107 596.195
85000 50
1 0.055 0 0
2 0.165 0 0
3 0.275 0 0
4 0.385 0 0
5 0.495 0 0
6 0.605 0 0
7 0.715 0 0
8 0.825 0.000362877 0.000292969
9 0.935 0.636719 0.660352
10 1.045 2.3967 3.76318
11 1.155 1.88981 6.75146
12 1.265 1.16206 8.95537
13 1.375 0.80696 10.7634
14 1.485 0.677055 12.5326
15 1.595 0.684048 14.5946
16 1.705 0.790323 17.3168
17 1.815 0.979017 21.1379
18 1.925 1.14622 26.1701
19 2.035 1.21538 32.133
20 2.145 1.14662 38.383
21 2.255 1.02483 44.5566
22 2.365 0.931433 50.7283
23 2.475 0.885145 57.1515
24 2.585 0.911529 64.367
25 2.695 0.967803 72.6937
26 2.805 1.03056 82.2989
27 2.915 1.05791 92.9475
28 3.025 1.05746 104.41
29 3.135 1.02839 116.382
30 3.245 0.993535 128.775
31 3.355 0.969244 141.698
32 3.465 0.964979 155.422
33 3.575 0.977484 170.22
34 3.685 1.00113 186.323
35 3.795 1.01684 203.67
36 3.905 1.02165 222.124
37 4.015 1.01554 241.515
38 4.125 1.00267 261.724
39 4.235 0.995878 282.881
40 4.345 0.985874 304.927
41 4.455 0.989731 328.194
42 4.565 0.997195 352.809
43 4.675 1.00409 378.802
44 4.785 1.00835 406.149
45 4.895 1.00637 434.711
46 5.005 1.00336 464.482
47 5.115 1.00125 495.511
48 5.225 0.994604 527.673
49 5.335 0.99647 561.267
50 5.445 0.99719 596.286
86000 50
1 0.055 0 0
2 0.165 0 0
3 0.275 0 0
4 0.385 0 0
5 0.495 0 0
6 0.605 0 0
7 0.715 0 0
8 0.825 0.000604795 0.000488281
9 0.935 0.642559 0.666602
10 1.045 2.41269 3.79014
11 1.155 1.86332 6.73652
12 1.265 1.16015 8.93682
13 1.375 0.803996 10.7382
14 1.485 0.68636 12.5317
15 1.595 0.692665 14.6197
16 1.705 0.795398 17.3594
17 1.815 0.97056 21.1475
18 1.925 1.13799 26.1436
19 2.035 1.2183 32.1208
20 2.145 1.15221 38.4013
21 2.255 1.02199 44.5578
22 2.365 0.925921 50.693
23 2.475 0.890717 57.1565
24 2.585 0.91196 64.3755
25 2.695 0.972729 72.7446
26 2.805 1.02506 82.2985
27 2.915 1.06133 92.9814
28 3.025 1.05628 104.431
29 3.135 1.02741 116.392
30 3.245 0.992822 128.776
31 3.355 0.967157 141.671
32 3.465 0.969978 155.466
33 3.575 0.97464 170.221
34 3.685 1.00164 186.333
35 3.795 1.01618 203.668
36 3.905 1.02112 222.112
37 4.015 1.01679 241.528
38 4.125 1.00391 261.762
39 4.235 0.993727 282.873
40 4.345 0.986246 304.927
41 4.455 0.989968 328.2
42 4.565 0.996502 352.798
43 4.675 1.00403 378.79
44 4.785 1.00764 406.117
45 4.895 1.00755 434.713
46 5.005 1.0046 464.521
47 5.115 1.00026 495.519
48 5.225 0.994296 527.671
49 5.335 0.996013 561.25
50 5.445 0.999094 596.335
87000 50
1 0.055 0 0
2 0.165 0 0
3 0.275 0 0
4 0.385 0 0
5 0.495 0 0
6 0.605 0 0
7 0.715 0 0
8 0.825 0.000362877 0.000292969
9 0.935 0.630124 0.653516
10 1.045 2.39293 3.75146
11 1.155 1.89574 6.74912
12 1.265 1.16345 8.95566
13 1.375 0.800204 10.7485
14 1.485 0.677129 12.518
15 1.595 0.685344 14.5839
16 1.705 0.803081 17.35
17 1.815 0.973237 21.1485
18 1.925 1.14233 26.1637
19 2.035 1.21566 32.1279
20 2.145 1.14886 38.3901
21 2.255 1.0283 44.5847
22 2.365 0.927586 50.7309
23 2.475 0.883706 57.1436
24 2.585 0.907346 64.326
25 2.695 0.975907 72.7225
26 2.805 1.02656 82.2903
27 2.915 1.06328 92.9929
28 3.025 1.05787 104.46
29 3.135 1.0294 116.444
30 3.245 0.991984 128.817
31 3.355 0.968761 141.734
32 3.465 0.957522 155.352
33 3.575 0.979903 170.187
34 3.685 1.00333 186.325
35 3.795 1.01829 203.696
36 3.905 1.02241 222.164
37 4.015 1.01703 241.584
38 4.125 1.00355 261.81
39 4.235 0.992605 282.898
40 4.345 0.986578 304.96
41 4.455 0.986736 328.156
42 4.565 0.995826 352.737
43 4.675 1.00427 378.736
44 4.785 1.01118 406.159
45 4.895 1.00883 434.791
46 5.005 1.00449 464.596
47 5.115 0.997886 495.52
48 5.225 0.994232 527.671
49 5.335 0.99554 561.233
50 5.445 0.99635 596.222
88000 50
1 0.055 0 0
2 0.165 0 0
3 0.275 0 0
4 0.385 0 0
5 0.495 0 0
6 0.605 0 0
7 0.715 0 0
8 0.825 0.000362877 0.000292969
9 0.935 0.633987 0.65752
10 1.045 2.40628 3.77275
11 1.155 1.87369 6.73555
12 1.265 1.15783 8.93145
13 1.375 0.810447 10.7473
14 1.485 0.682436 12.5306
15 1.595 0.685279 14.5963
16 1.705 0.800841 17.3547
17 1.815 0.976891 21.1675
18 1.925 1.12758 26.1179
19 2.035 1.22356 32.1209
20 2.145 1.15857 38.436
21 2.255 1.01324 44.5398
22 2.365 0.92906 50.6958
23 2.475 0.892614 57.1731
24 2.585 0.907766 64.3589
25 2.695 0.969176 72.6975
26 2.805 1.0282 82.2807
27 2.915 1.0599 92.9492
28 3.025 1.05801 104.417
29 3.135 1.03125 116.423
30 3.245 0.990638 128.78
31 3.355 0.966131 141.662
32 3.465 0.965302 155.39
33 3.575 0.981426 170.248
34 3.685 0.998881 186.315
35 3.795 1.01612 203.649
36 3.905 1.02107 222.092
37 4.015 1.01938 241.557
38 4.125 1.00307 261.774
39 4.235 0.990955 282.826
40 4.345 0.98825 304.925
41 4.455 0.990574 328.212
42 4.565 0.992938 352.722
43 4.675 1.00447 378.725
44 4.785 1.01051 406.131
45 4.895 1.00684 434.706
46 5.005 1.00477 464.519
47 5.115 1.00024 495.517
48 5.225 0.994761 527.684
49 5.335 0.994828 561.223
50 5.445 0.996514 596.218
89000 50
1 0.055 0 0
2 0.165 0 0
3 0.275 0 0
4 0.385 0 0
5 0.495 0 0
6 0.605 0 0
7 0.715 0 0
8 0.825 0.000725754 0.000585937
9 0.935 0.638132 0.662109
10 1.045 2.41179 3.78447
11 1.155 1.86721 6.73701
12 1.265 1.15758 8.93242
13 1.375 0.812365 10.7525
14 1.485 0.67982 12.529
15 1.595 0.679739 14.578
16 1.705 0.807107 17.358
17 1.815 0.967408 21.1338
18 1.925 1.14484 26.16
19 2.035 1.21375 32.1148
20 2.145 1.15563 38.414
21 2.255 1.02321 44.5778
22 2.365 0.923843 50.6992
23 2.475 0.893947 57.1862
24 2.585 0.907544 64.3702
25 2.695 0.967292 72.6926
26 2.805 1.03035 82.2958
27 2.915 1.05522 92.9172
28 3.025 1.06333 104.443
29 3.135 1.03146 116.451
30 3.245 0.988782 128.785
31 3.355 0.967896 141.69
32 3.465 0.96625 155.432
33 3.575 0.972846 170.16
34 3.685 1.00207 186.278
35 3.795 1.01789 203.643
36 3.905 1.02336 222.127
37 4.015 1.01667 241.54
38 4.125 1.00514 261.799
39 4.235 0.993516 282.905
40 4.345 0.985591 304.945
41 4.455 0.988584 328.186
42 4.565 0.994876 352.743
43 4.675 1.00432 378.743
44 4.785 1.00754 406.067
45 4.895 1.00945 434.717
46 5.005 1.00493 464.535
47 5.115 1.00205 495.588
48 5.225 0.993556 527.717
49 5.335 0.993632 561.215
50 5.445 0.99675 596.218
90000 50
1 0.055 0 0
2 0.165 0 0
3 0.275 0 0
4 0.385 0 0
5 0.495 0 0
6 0.605 0 0
7 0.715 0 0
8 0.825 0.000362877 0.000292969
9 0.935 0.647269 0.671289
10 1.045 2.37694 3.74854
11 1.155 1.89673 6.74775
12 1.265 1.16293 8.95332
13 1.375 0.803473 10.7535
14 1.485 0.679446 12.529
15 1.595 0.686283 14.5978
16 1.705 0.791797 17.325
17 1.815 0.983896 21.1651
18 1.925 1.13724 26.1579
19 2.035 1.21303 32.1093
20 2.145 1.14784 38.3659
21 2.255 1.0245 44.5376
22 2.365 0.930829 50.7053
23 2.475 0.887164 57.1431
24 2.585 0.913009 64.3703
25 2.695 0.971038 72.7249
26 2.805 1.02865 82.3123
27 2.915 1.06091 92.991
28 3.025 1.04998 104.372
29 3.135 1.02994 116.363
30 3.245 0.993284 128.752
31 3.355 0.969456 141.678
32 3.465 0.966579 155.425
33 3.575 0.981935 170.29
34 3.685 0.99545 186.302
35 3.795 1.01743 203.659
36 3.905 1.01909 222.067
37 4.015 1.01896 241.523
38 4.125 1.00408 261.76
39 4.235 0.993768 282.872
40 4.345 0.985307 304.906
41 4.455 0.989797 328.175
42 4.565 0.997238 352.791
43 4.675 1.00449 378.794
44 4.785 1.00716 406.109
45 4.895 1.00827 434.725
46 5.005 1.00399 464.515
47 5.115 1.00048 495.52
48 5.225 0.994942 527.693
49 5.335 0.994622 561.225
50 5.445 0.999158 596.312
91000 50
1 0.055 0 0
2 0.165 0 0
3 0.275 0 0
4 0.385 0 0
5 0.495 0 0
6 0.605 0 0
7 0.715 0 0
8 0.825 0.000241918 0.000195313
9 0.935 0.642371 0.666113
10 1.045 2.39134 3.76201
11 1.155 1.88277 6.73916
12 1.265 1.16283 8.94453
13 1.375 0.813411 10.767
14 1.485 0.67997 12.5438
15 1.595 0.684501 14.6072
16 1.705 0.788536 17.3232
17 1.815 0.976065 21.1328
18 1.925 1.13653 26.1225
19 2.035 1.22322 32.1238
20 2.145 1.15203 38.4033
21 2.255 1.02651 44.5871
22 2.365 0.929473 50.7458
23 2.475 0.883409 57.1563
24 2.585 0.911948 64.3752
25 2.695 0.960198 72.6365
26 2.805 1.03509 82.2839
27 2.915 1.06133 92.9668
28 3.025 1.06396 104.5
29 3.135 1.03039 116.496
30 3.245 0.988093 128.82
31 3.355 0.964681 141.683
32 3.465 0.96684 155.433
33 3.575 0.975343 170.199
34 3.685 0.9997 186.279
35 3.795 1.0189 203.661
36 3.905 1.02492 222.173
37 4.015 1.01486 241.552
38 4.125 1.00405 261.788
39 4.235 0.994757 282.921
40 4.345 0.984634 304.94
41 4.455 0.989623 328.204
42 4.565 0.993432 352.726
43 4.675 1.0042 378.723
44 4.785 1.00846 406.073
45 4.895 1.00922 434.716
46 5.005 1.00681 464.589
47 5.115 0.999934 495.577
48 5.225 0.993991 527.719
49 5.335 0.995138 561.268
50 5.445 0.998555 596.335
92000 50
1 0.055 0 0
2 0.165 0 0
3 0.275 0 0
4 0.385 0 0
5 0.495 0 0
6 0.605 0 0
7 0.715 0 0
8 0.825 0.000604795 0.000488281
9 0.935 0.638885 0.662793
10 1.045 2.40507 3.77646
11 1.155 1.87888 6.74746
12 1.265 1.15577 8.93945
13 1.375 0.806307 10.746
14 1.485 0.676644 12.5142
15 1.595 0.687773 14.5874
16 1.705 0.796362 17.3304
17 1.815 0.974964 21.1356
18 1.925 1.14549 26.1646
19 2.035 1.21341 32.1179
20 2.145 1.14823 38.3767
21 2.255 1.02779 44.5682
22 2.365 0.927424 50.7133
23 2.475 0.891282 57.181
24 2.585 0.906693 64.3582
25 2.695 0.966759 72.676
26 2.805 1.02738 82.2516
27 2.915 1.06303 92.9516
28 3.025 1.0622 104.465
29 3.135 1.03033 116.461
30 3.245 0.994584 128.866
31 3.355 0.96567 141.742
32 3.465 0.959946 155.394
33 3.575 0.977484 170.192
34 3.685 0.996318 186.218
35 3.795 1.02264 203.663
36 3.905 1.02157 222.116
37 4.015 1.01737 241.542
38 4.125 1.00823 261.863
39 4.235 0.989112 282.876
40 4.345 0.987953 304.969
41 4.455 0.989216 328.224
42 4.565 0.993369 352.744
43 4.675 1.00295 378.708
44 4.785 1.0088 406.067
45 4.895 1.01044 434.745
46 5.005 1.00443 464.548
47 5.115 0.999789 495.531
48 5.225 0.994139 527.678
49 5.335 0.994976 561.222
50 5.445 0.998068 596.271
93000 50
1 0.055 0 0
2 0.165 0 0
3 0.275 0 0
4 0.385 0 0
5 0.495 0 0
6 0.605 0 0
7 0.715 0 0
8 0.825 0.000120959 9.76563e-05
9 0.935 0.636813 0.660254
10 1.045 2.4142 3.78574
11 1.155 1.86288 6.73145
12 1.265 1.15052 8.91348
13 1.375 0.812975 10.735
14 1.485 0.690209 12.5386
15 1.595 0.683594 14.5992
16 1.705 0.797949 17.3477
17 1.815 0.975614 21.1555
18 1.925 1.14409 26.1783
19 2.035 1.20797 32.1049
20 2.145 1.14734 38.3588
21 2.255 1.02727 44.5472
22 2.365 0.931949 50.7223
23 2.475 0.888443 57.1693
24 2.585 0.908 64.3569
25 2.695 0.971764 72.7178
26 2.805 1.02709 82.2906
27 2.915 1.06265 92.9868
28 3.025 1.05587 104.432
29 3.135 1.02428 116.357
30 3.245 0.996259 128.783
31 3.355 0.970086 141.718
32 3.465 0.964464 155.434
33 3.575 0.979613 170.264
34 3.685 0.997539 186.31
35 3.795 1.01869 203.688
36 3.905 1.02373 222.179
37 4.015 1.01517 241.563
38 4.125 1.00157 261.75
39 4.235 0.993888 282.865
40 4.345 0.987337 304.944
41 4.455 0.990391 328.227
42 4.565 0.994556 352.776
43 4.675 1.00654 378.833
44 4.785 1.00503 406.09
45 4.895 1.00973 434.747
46 5.005 1.00416 464.542
47 5.115 0.999027 495.502
48 5.225 0.996847 527.737
49 5.335 0.996224 561.322
50 5.445 0.996881 596.33
94000 50
1 0.055 0 0
2 0.165 0 0
3 0.275 0 0
4 0.385 0 0
5 0.495 0 0
6 0.605 0 0
7 0.715 0 0
8 0.825 0.000846713 0.000683594
9 0.935 0.632103 0.655957
10 1.045 2.38787 3.74736
11 1.155 1.89864 6.74961
12 1.265 1.15093 8.93242
13 1.375 0.811188 10.7499
14 1.485 0.682361 12.533
15 1.595 0.682266 14.5896
16 1.705 0.800161 17.3457
17 1.815 0.972862 21.1428
18 1.925 1.13773 26.1377
19 2.035 1.21331 32.0904
20 2.145 1.14802 38.348
21 2.255 1.03575 44.5875
22 2.365 0.92346 50.7063
23 2.475 0.888604 57.1546
24 2.585 0.917376 64.4164
25 2.695 0.962105 72.6941
26 2.805 1.02876 82.2825
27 2.915 1.05544 92.9062
28 3.025 1.05921 104.388
29 3.135 1.03191 116.401
30 3.245 0.995578 128.819
31 3.355 0.968585 141.734
32 3.465 0.963977 155.443
33 3.575 0.976994 170.234
34 3.685 0.996191 186.257
35 3.795 1.02044 203.666
36 3.905 1.01943 222.079
37 4.015 1.01742 241.506
38 4.125 1.00537 261.77
39 4.235 0.994973 282.907
40 4.345 0.986267 304.962
41 4.455 0.988883 328.21
42 4.565 0.995027 352.771
43 4.675 1.00358 378.751
44 4.785 1.00619 406.039
45 4.895 1.00937 434.687
46 5.005 1.00203 464.418
47 5.115 1.00535 495.574
48 5.225 0.994776 527.742
49 5.335 0.993855 561.247
50 5.445 0.99774 596.285
95000 50
1 0.055 0 0
2 0.165 0 0
3 0.275 0 0
4 0.385 0 0
5 0.495 0 0
6 0.605 0 0
7 0.715 0 0
8 0.825 0.000483836 0.000390625
9 0.935 0.643313 0.667285
10 1.045 2.39542 3.76846
11 1.155 1.87826 6.73848
12 1.265 1.15959 8.9377
13 1.375 0.807048 10.7459
14 1.485 0.683669 12.5324
15 1.595 0.683756 14.5936
16 1.705 0.797354 17.3399
17 1.815 0.967783 21.1172
18 1.925 1.14042 26.1239
19 2.035 1.21944 32.1067
20 2.145 1.15312 38.3922
21 2.255 1.02492 44.5664
22 2.365 0.923445 50.6852
23 2.475 0.894216 57.1741
24 2.585 0.911084 64.3861
25 2.695 0.966214 72.6992
26 2.805 1.02202 82.2248
27 2.915 1.06111 92.9055
28 3.025 1.06229 104.42
29 3.135 1.03281 116.444
30 3.245 0.991781 128.815
31 3.355 0.96879 141.732
32 3.465 0.962212 155.417
33 3.575 0.974252 170.166
34 3.685 0.999773 186.247
35 3.795 1.02134 203.67
36 3.905 1.02317 222.152
37 4.015 1.01548 241.542
38 4.125 1.00233 261.744
39 4.235 0.994058 282.862
40 4.345 0.987276 304.94
41 4.455 0.988838 328.186
42 4.565 0.996308 352.779
43 4.675 1.00332 378.753
44 4.785 1.00958 406.133
45 4.895 1.00702 434.713
46 5.005 1.00495 464.532
47 5.115 1.0002 495.527
48 5.225 0.994401 527.683
49 5.335 0.99592 561.259
50 5.445 0.99695 596.269
96000 50
1 0.055 0 0
2 0.165 0 0
3 0.275 0 0
4 0.385 0 0
5 0.495 0 0
6 0.605 0 0
7 0.715 0 0
8 0.825 0.000846713 0.000683594
9 0.935 0.640392 0.664551
10 1.045 2.40628 3.77979
11 1.155 1.86912 6.73535
12 1.265 1.16036 8.93604
13 1.375 0.802297 10.7336
14 1.485 0.679372 12.5089
15 1.595 0.688097 14.5831
16 1.705 0.803223 17.3497
17 1.815 0.984697 21.193
18 1.925 1.13695 26.1845
19 2.035 1.20594 32.1011
20 2.145 1.15536 38.3987
21 2.255 1.02434 44.5694
22 2.365 0.918154 50.6531
23 2.475 0.890058 57.1119
24 2.585 0.914181 64.3484
25 2.695 0.975975 72.7455
26 2.805 1.03147 82.3592
27 2.915 1.0572 93.0005
28 3.025 1.05521 104.438
29 3.135 1.02555 116.378
30 3.245 0.990262 128.73
31 3.355 0.9672 141.626
32 3.465 0.966284 155.368
33 3.575 0.982419 170.241
34 3.685 1.00065 186.336
35 3.795 1.01807 203.704
36 3.905 1.02123 222.15
37 4.015 1.01529 241.537
38 4.125 1.00608 261.814
39 4.235 0.988188 282.808
40 4.345 0.986805 304.875
41 4.455 0.990902 328.17
42 4.565 0.994706 352.723
43 4.675 1.0061 378.768
44 4.785 1.01053 406.174
45 4.895 1.00605 434.727
46 5.005 1.00336 464.498
47 5.115 0.999723 495.48
48 5.225 0.994918 527.652
49 5.335 0.994544 561.181
50 5.445 1.00044 596.314
97000 50
1 0.055 0 0
2 0.165 0 0
3 0.275 0 0
4 0.385 0 0
5 0.495 0 0
6 0.605 0 0
7 0.715 0 0
8 0.825 0.000362877 0.000292969
9 0.935 0.623153 0.646289
10 1.045 2.4234 3.78369
11 1.155 1.87548 6.74932
12 1.265 1.15377 8.9375
13 1.375 0.807658 10.7471
14 1.485 0.68068 12.5258
15 1.595 0.683821 14.5871
16 1.705 0.797723 17.3348
17 1.815 0.977766 21.151
18 1.925 1.13715 26.1434
19 2.035 1.22493 32.1531
20 2.145 1.14302 38.3835
21 2.255 1.02043 44.5307
22 2.365 0.927616 50.6771
23 2.475 0.892009 57.15
24 2.585 0.907272 64.3318
25 2.695 0.970141 72.6787
26 2.805 1.03058 82.2841
27 2.915 1.06338 92.9876
28 3.025 1.06131 104.492
29 3.135 1.02465 116.421
30 3.245 0.98767 128.74
31 3.355 0.968966 141.66
32 3.465 0.965666 155.393
33 3.575 0.977916 170.198
34 3.685 1.00145 186.306
35 3.795 1.01627 203.643
36 3.905 1.02473 222.153
37 4.015 1.01517 241.537
38 4.125 1.00241 261.741
39 4.235 0.993488 282.846
40 4.345 0.986621 304.909
41 4.455 0.989469 328.171
42 4.565 0.998006 352.805
43 4.675 1.00406 378.798
44 4.785 1.00663 406.098
45 4.895 1.00918 434.74
46 5.005 1.00292 464.498
47 5.115 0.999821 495.483
48 5.225 0.995667 527.679
49 5.335 0.994683 561.213
50 5.445 0.999209 596.303
98000 50
1 0.055 0 0
2 0.165 0 0
3 0.275 0 0
4 0.385 0 0
5 0.495 0 0
6 0.605 0 0
7 0.715 0 0
8 0.825 0.000483836 0.000390625
9 0.935 0.645103 0.669141
10 1.045 2.38433 3.75596
11 1.155 1.88635 6.73877
12 1.265 1.15948 8.93779
13 1.375 0.816244 10.7666
14 1.485 0.672607 12.5242
15 1.595 0.68813 14.5985
16 1.705 0.802769 17.3636
17 1.815 0.966107 21.1343
18 1.925 1.13644 26.1235
19 2.035 1.22193 32.1186
20 2.145 1.15285 38.4025
21 2.255 1.02611 44.5839
22 2.365 0.924462 50.7094
23 2.475 0.889331 57.1629
24 2.585 0.911553 64.3786
25 2.695 0.968348 72.7101
26 2.805 1.02545 82.2676
27 2.915 1.06126 92.9498
28 3.025 1.05801 104.418
29 3.135 1.02777 116.383
30 3.245 0.998115 128.833
31 3.355 0.967501 141.733
32 3.465 0.960571 155.394
33 3.575 0.976194 170.173
34 3.685 1.00398 186.322
35 3.795 1.01803 203.689
36 3.905 1.02041 222.12
37 4.015 1.01491 241.499
38 4.125 1.00673 261.79
39 4.235 0.991534 282.855
40 4.345 0.987311 304.933
41 4.455 0.987155 328.14
42 4.565 0.99596 352.724
43 4.675 1.00766 378.81
44 4.785 1.00852 406.161
45 4.895 1.00635 434.723
46 5.005 1.00074 464.416
47 5.115 1.00021 495.412
48 5.225 0.999215 527.724
49 5.335 0.995703 561.292
50 5.445 0.997576 596.324
99000 50
1 0.055 0 0
2 0.165 0 0
3 0.275 0 0
4 0.385 0 0
5 0.495 0 0
6 0.605 0 0
7 0.715 0 0
8 0.825 0.000483836 0.000390625
9 0.935 0.632385 0.655957
10 1.045 2.40356 3.76768
11 1.155 1.88567 6.74941
12 1.265 1.14965 8.92979
13 1.375 0.810011 10.7446
14 1.485 0.681203 12.5247
15 1.595 0.690074 14.6049
16 1.705 0.795738 17.3457
17 1.815 0.976265 21.1561
18 1.925 1.14593 26.187
19 2.035 1.20935 32.1203
20 2.145 1.14737 38.3744
21 2.255 1.02142 44.5275
22 2.365 0.930254 50.6914
23 2.475 0.895481 57.1896
24 2.585 0.907013 64.3693
25 2.695 0.970879 72.7226
26 2.805 1.02414 82.2679
27 2.915 1.06561 92.9938
28 3.025 1.05472 104.426
29 3.135 1.02392 116.347
30 3.245 0.993746 128.742
31 3.355 0.971295 141.693
32 3.465 0.964719 155.413
33 3.575 0.982071 170.28
34 3.685 0.999828 186.363
35 3.795 1.01522 203.682
36 3.905 1.02091 222.122
37 4.015 1.01693 241.54
38 4.125 1.00146 261.724
39 4.235 0.994191 282.845
40 4.345 0.98787 304.936
41 4.455 0.987247 328.145
42 4.565 1.00019 352.834
43 4.675 1.00416 378.829
44 4.785 1.00612 406.115
45 4.895 1.0077 434.716
46 5.005 1.00347 464.49
47 5.115 0.999481 495.464
48 5.225 0.997083 527.706
49 5.335 0.994335 561.228
50 5.445 1.00014 596.35
100000 50
1 0.055 0 0
2 0.165 0 0
3 0.275 0 0
4 0.385 0 0
5 0.495 0 0
6 0.605 0 0
7 0.715 0 0
8 0.825 0.000241918 0.000195313
9 0.935 0.638037 0.661621
10 1.045 2.38124 3.74443
11 1.155 1.89629 6.74297
12 1.265 1.17246 8.9666
13 1.375 0.799202 10.7572
14 1.485 0.679559 12.533
15 1.595 0.683497 14.5934
16 1.705 0.794859 17.3312
17 1.815 0.972962 21.1286
18 1.925 1.14273 26.1455
19 2.035 1.2147 32.1051
20 2.145 1.15314 38.3906
21 2.255 1.03397 44.6193
22 2.365 0.923504 50.7385
23 2.475 0.887178 57.1764
24 2.585 0.908222 64.3657
25 2.695 0.964511 72.6642
26 2.805 1.027 82.2361
27 2.915 1.06329 92.9388
28 3.025 1.06089 104.438
29 3.135 1.03424 116.479
30 3.245 0.994521 128.884
31 3.355 0.964066 141.738
32 3.465 0.961615 155.414
33 3.575 0.972962 170.144
34 3.685 0.998808 186.209
35 3.795 1.01947 203.601
36 3.905 1.02912 222.19
37 4.015 1.01662 241.602
38 4.125 1.00382 261.834
39 4.235 0.992242 282.913
40 4.345 0.987263 304.991
41 4.455 0.987704 328.21
42 4.565 0.995541 352.784
43 4.675 1.0026 378.739
44 4.785 1.0066 406.038
45 4.895 1.01136 434.742
46 5.005 1.00529 464.571
47 5.115 1.00166 495.612
48 5.225 0.994012 527.755
49 5.335 0.99554 561.318
50 5.445 0.995858 596.289
