# Time-averaged data for fix 1
# TimeStep Number-of-rows
# Row c_RDF[1] c_RDF[2] c_RDF[3]
21000 50
1 0.025 0 0
2 0.075 0 0
3 0.125 0 0
4 0.175 0 0
5 0.225 0 0
6 0.275 0 0
7 0.325 0 0
8 0.375 0 0
9 0.425 0 0
10 0.475 0 0
11 0.525 0 0
12 0.575 0 0
13 0.625 0 0
14 0.675 0 0
15 0.725 0 0
16 0.775 0 0
17 0.825 0 0
18 0.875 0.00825245 0.00332031
19 0.925 0.278878 0.128711
20 0.975 1.31841 0.787305
21 1.025 2.30966 2.0624
22 1.075 2.4596 3.55596
23 1.125 2.14512 4.98252
24 1.175 1.72901 6.23682
25 1.225 1.40201 7.34229
26 1.275 1.15497 8.32881
27 1.325 0.953426 9.2083
28 1.375 0.841214 10.0439
29 1.425 0.742858 10.8365
30 1.475 0.684896 11.6194
31 1.525 0.694991 12.4687
32 1.575 0.667154 13.3382
33 1.625 0.70972 14.3229
34 1.675 0.753975 15.4343
35 1.725 0.81578 16.7097
36 1.775 0.881793 18.1693
37 1.825 0.97109 19.8687
38 1.875 1.05582 21.8188
39 1.925 1.12593 24.0109
40 1.975 1.17152 26.4118
41 2.025 1.20391 29.0056
42 2.075 1.20759 31.7373
43 2.125 1.17782 34.5316
44 2.175 1.13298 37.3476
45 2.225 1.06112 40.1075
46 2.275 1.01492 42.8673
47 2.325 0.981156 45.6538
48 2.375 0.933328 48.4197
49 2.425 0.906206 51.2195
50 2.475 0.897819 54.109
22000 50
1 0.025 0 0
2 0.075 0 0
3 0.125 0 0
4 0.175 0 0
5 0.225 0 0
6 0.275 0 0
7 0.325 0 0
8 0.375 0 0
9 0.425 0 0
10 0.475 0 0
11 0.525 0 0
12 0.575 0 0
13 0.625 0 0
14 0.675 0 0
15 0.725 0 0
16 0.775 0 0
17 0.825 0 0
18 0.875 0.00970876 0.00390625
19 0.925 0.285177 0.132129
20 0.975 1.32916 0.796094
21 1.025 2.29781 2.06465
22 1.075 2.47134 3.56533
23 1.125 2.17405 5.01113
24 1.175 1.72874 6.26523
25 1.225 1.36387 7.34063
26 1.275 1.16103 8.33232
27 1.325 0.935429 9.19521
28 1.375 0.838363 10.028
29 1.425 0.738282 10.8157
30 1.475 0.697454 11.613
31 1.525 0.673812 12.4363
32 1.575 0.687084 13.3318
33 1.625 0.703878 14.3084
34 1.675 0.760533 15.4295
35 1.725 0.817279 16.7072
36 1.775 0.891174 18.1824
37 1.825 0.97801 19.8938
38 1.875 1.05428 21.8412
39 1.925 1.12227 24.0262
40 1.975 1.18205 26.4486
41 2.025 1.19911 29.032
42 2.075 1.20004 31.7467
43 2.125 1.17461 34.5334
44 2.175 1.12182 37.3216
45 2.225 1.07313 40.1128
46 2.275 1.02332 42.8954
47 2.325 0.965511 45.6375
48 2.375 0.938798 48.4196
49 2.425 0.900232 51.201
50 2.475 0.894633 54.0802
23000 50
1 0.025 0 0
2 0.075 0 0
3 0.125 0 0
4 0.175 0 0
5 0.225 0 0
6 0.275 0 0
7 0.325 0 0
8 0.375 0 0
9 0.425 0 0
10 0.475 0 0
11 0.525 0 0
12 0.575 0 0
13 0.625 0 0
14 0.675 0 0
15 0.725 0 0
16 0.775 0 0
17 0.825 0 0
18 0.875 0.0063107 0.00253906
19 0.925 0.279964 0.128418
20 0.975 1.31704 0.786328
21 1.025 2.30877 2.06094
22 1.075 2.4641 3.55723
23 1.125 2.14894 4.98633
24 1.175 1.74462 6.25195
25 1.225 1.38876 7.34697
26 1.275 1.13382 8.31543
27 1.325 0.955226 9.19658
28 1.375 0.830499 10.0216
29 1.425 0.747709 10.8193
30 1.475 0.702324 11.6222
31 1.525 0.682443 12.4561
32 1.575 0.682289 13.3453
33 1.625 0.708453 14.3282
34 1.675 0.76219 15.4518
35 1.725 0.808721 16.7161
36 1.775 0.886808 18.1841
37 1.825 0.965621 19.8738
38 1.875 1.04714 21.808
39 1.925 1.12854 24.0052
40 1.975 1.18034 26.4241
41 2.025 1.19974 29.0089
42 2.075 1.21359 31.7542
43 2.125 1.16876 34.5271
44 2.175 1.11439 37.2968
45 2.225 1.08 40.1059
46 2.275 1.01449 42.8645
47 2.325 0.963173 45.5999
48 2.375 0.933723 48.367
49 2.425 0.922674 51.2177
50 2.475 0.891052 54.0854
24000 50
1 0.025 0 0
2 0.075 0 0
3 0.125 0 0
4 0.175 0 0
5 0.225 0 0
6 0.275 0 0
7 0.325 0 0
8 0.375 0 0
9 0.425 0 0
10 0.475 0 0
11 0.525 0 0
12 0.575 0 0
13 0.625 0 0
14 0.675 0 0
15 0.725 0 0
16 0.775 0 0
17 0.825 0 0
18 0.875 0.00752429 0.00302734
19 0.925 0.284959 0.131152
20 0.975 1.32447 0.792773
21 1.025 2.26986 2.0459
22 1.075 2.45783 3.53838
23 1.125 2.18286 4.99004
24 1.175 1.71703 6.23564
25 1.225 1.41415 7.35068
26 1.275 1.14045 8.3248
27 1.325 0.938922 9.19092
28 1.375 0.819586 10.0051
29 1.425 0.761714 10.8178
30 1.475 0.712063 11.6317
31 1.525 0.686759 12.4709
32 1.575 0.669401 13.3434
33 1.625 0.70437 14.3206
34 1.675 0.761395 15.443
35 1.725 0.790607 16.679
36 1.775 0.900023 18.1688
37 1.825 0.973267 19.872
38 1.875 1.04778 21.8073
39 1.925 1.12558 23.9987
40 1.975 1.18291 26.4229
41 2.025 1.20563 29.0204
42 2.075 1.20207 31.7396
43 2.125 1.18646 34.5545
44 2.175 1.12755 37.3569
45 2.225 1.0595 40.1127
46 2.275 1.01941 42.8847
47 2.325 0.972491 45.6466
48 2.375 0.938666 48.4283
49 2.425 0.900612 51.2108
50 2.475 0.887168 54.066
25000 50
1 0.025 0 0
2 0.075 0 0
3 0.125 0 0
4 0.175 0 0
5 0.225 0 0
6 0.275 0 0
7 0.325 0 0
8 0.375 0 0
9 0.425 0 0
10 0.475 0 0
11 0.525 0 0
12 0.575 0 0
13 0.625 0 0
14 0.675 0 0
15 0.725 0 0
16 0.775 0 0
17 0.825 0 0
18 0.875 0.00800973 0.00322266
19 0.925 0.287348 0.132422
20 0.975 1.32545 0.794531
21 1.025 2.3086 2.06904
22 1.075 2.48147 3.57588
23 1.125 2.1206 4.98613
24 1.175 1.71582 6.23086
25 1.225 1.39223 7.32861
26 1.275 1.1401 8.30244
27 1.325 0.962001 9.18984
28 1.375 0.84436 10.0286
29 1.425 0.747984 10.8267
30 1.475 0.707791 11.6357
31 1.525 0.682124 12.4692
32 1.575 0.68064 13.3563
33 1.625 0.706553 14.3366
34 1.675 0.743971 15.4333
35 1.725 0.807597 16.6959
36 1.775 0.892058 18.1726
37 1.825 0.977173 19.8825
38 1.875 1.04699 21.8164
39 1.925 1.13044 24.0173
40 1.975 1.17276 26.4207
41 2.025 1.21638 29.0413
42 2.075 1.18821 31.7292
43 2.125 1.18095 34.531
44 2.175 1.13706 37.357
45 2.225 1.06525 40.1277
46 2.275 1.01079 42.8763
47 2.325 0.965511 45.6184
48 2.375 0.940907 48.4067
49 2.425 0.919956 51.249
50 2.475 0.892994 54.1229
26000 50
1 0.025 0 0
2 0.075 0 0
3 0.125 0 0
4 0.175 0 0
5 0.225 0 0
6 0.275 0 0
7 0.325 0 0
8 0.375 0 0
9 0.425 0 0
10 0.475 0 0
11 0.525 0 0
12 0.575 0 0
13 0.625 0 0
14 0.675 0 0
15 0.725 0 0
16 0.775 0 0
17 0.825 0 0
18 0.875 0.00946605 0.00380859
19 0.925 0.294733 0.136328
20 0.975 1.29691 0.78418
21 1.025 2.27623 2.04082
22 1.075 2.50945 3.56465
23 1.125 2.1626 5.00283
24 1.175 1.73897 6.26436
25 1.225 1.41167 7.37744
26 1.275 1.12135 8.33525
27 1.325 0.943686 9.20576
28 1.375 0.808773 10.0092
29 1.425 0.745055 10.8041
30 1.475 0.704459 11.6094
31 1.525 0.683882 12.445
32 1.575 0.683338 13.3356
33 1.625 0.71338 14.3254
34 1.675 0.743375 15.4212
35 1.725 0.81097 16.6891
36 1.775 0.898548 18.1765
37 1.825 0.975387 19.8833
38 1.875 1.04461 21.8128
39 1.925 1.12553 24.0041
40 1.975 1.18201 26.4265
41 2.025 1.21039 29.0342
42 2.075 1.20833 31.7676
43 2.125 1.17646 34.5587
44 2.175 1.13207 37.3724
45 2.225 1.06085 40.1316
46 2.275 1.01937 42.9035
47 2.325 0.967574 45.6515
48 2.375 0.929637 48.4064
49 2.425 0.898431 51.1822
50 2.475 0.891538 54.0515
27000 50
1 0.025 0 0
2 0.075 0 0
3 0.125 0 0
4 0.175 0 0
5 0.225 0 0
6 0.275 0 0
7 0.325 0 0
8 0.375 0 0
9 0.425 0 0
10 0.475 0 0
11 0.525 0 0
12 0.575 0 0
13 0.625 0 0
14 0.675 0 0
15 0.725 0 0
16 0.775 0 0
17 0.825 0 0
18 0.875 0.00825245 0.00332031
19 0.925 0.283439 0.130762
20 0.975 1.34637 0.80332
21 1.025 2.29162 2.06846
22 1.075 2.44159 3.55107
23 1.125 2.172 4.99551
24 1.175 1.73924 6.25723
25 1.225 1.38616 7.3502
26 1.275 1.14102 8.3248
27 1.325 0.958401 9.20889
28 1.375 0.823715 10.0271
29 1.425 0.740662 10.8174
30 1.475 0.696343 11.6134
31 1.525 0.688438 12.4546
32 1.575 0.688508 13.352
33 1.625 0.707608 14.3337
34 1.675 0.749139 15.438
35 1.725 0.813781 16.7103
36 1.775 0.898607 18.1978
37 1.825 0.967519 19.8908
38 1.875 1.04958 21.8295
39 1.925 1.11314 23.9967
40 1.975 1.17381 26.4022
41 2.025 1.21619 29.0225
42 2.075 1.20366 31.7453
43 2.125 1.17609 34.5355
44 2.175 1.13337 37.3524
45 2.225 1.06754 40.1291
46 2.275 1.01438 42.8874
47 2.325 0.970531 45.6437
48 2.375 0.936458 48.4189
49 2.425 0.91041 51.2317
50 2.475 0.888807 54.0922
28000 50
1 0.025 0 0
2 0.075 0 0
3 0.125 0 0
4 0.175 0 0
5 0.225 0 0
6 0.275 0 0
7 0.325 0 0
8 0.375 0 0
9 0.425 0 0
10 0.475 0 0
11 0.525 0 0
12 0.575 0 0
13 0.625 0 0
14 0.675 0 0
15 0.725 0 0
16 0.775 0 0
17 0.825 0 0
18 0.875 0.0104369 0.00419922
19 0.925 0.283222 0.131543
20 0.975 1.31098 0.786426
21 1.025 2.32929 2.07236
22 1.075 2.46153 3.56709
23 1.125 2.17464 5.01328
24 1.175 1.72443 6.26426
25 1.225 1.39731 7.36602
26 1.275 1.11632 8.31953
27 1.325 0.956708 9.20205
28 1.375 0.813786 10.0104
29 1.425 0.738831 10.7987
30 1.475 0.713686 11.6146
31 1.525 0.689636 12.4572
32 1.575 0.68094 13.3447
33 1.625 0.692123 14.305
34 1.675 0.748476 15.4083
35 1.725 0.824462 16.6973
36 1.775 0.900554 18.188
37 1.825 0.97243 19.8896
38 1.875 1.05957 21.8468
39 1.925 1.11926 24.0259
40 1.975 1.17038 26.4244
41 2.025 1.21493 29.0419
42 2.075 1.20004 31.7565
43 2.125 1.17407 34.542
44 2.175 1.1241 37.3358
45 2.225 1.07767 40.1389
46 2.275 1.01427 42.8969
47 2.325 0.963345 45.6328
48 2.375 0.933855 48.4003
49 2.425 0.899411 51.1791
50 2.475 0.885256 54.0281
29000 50
1 0.025 0 0
2 0.075 0 0
3 0.125 0 0
4 0.175 0 0
5 0.225 0 0
6 0.275 0 0
7 0.325 0 0
8 0.375 0 0
9 0.425 0 0
10 0.475 0 0
11 0.525 0 0
12 0.575 0 0
13 0.625 0 0
14 0.675 0 0
15 0.725 0 0
16 0.775 0 0
17 0.825 0 0
18 0.875 0.0101942 0.00410156
19 0.925 0.27019 0.125586
20 0.975 1.29925 0.774609
21 1.025 2.34433 2.06885
22 1.075 2.48115 3.57549
23 1.125 2.14498 5.00195
24 1.175 1.71716 6.24766
25 1.225 1.39198 7.34521
26 1.275 1.12113 8.30283
27 1.325 0.965918 9.19385
28 1.375 0.825682 10.0141
29 1.425 0.757412 10.8222
30 1.475 0.692414 11.6137
31 1.525 0.693473 12.461
32 1.575 0.685211 13.3541
33 1.625 0.722953 14.3571
34 1.675 0.745031 15.4554
35 1.725 0.803349 16.7113
36 1.775 0.893533 18.1904
37 1.825 0.965398 19.8798
38 1.875 1.05037 21.8199
39 1.925 1.1183 23.9972
40 1.975 1.17572 26.4066
41 2.025 1.20962 29.0127
42 2.075 1.20483 31.7382
43 2.125 1.16885 34.5112
44 2.175 1.12901 37.3173
45 2.225 1.07114 40.1033
46 2.275 1.02192 42.8821
47 2.325 0.96111 45.6117
48 2.375 0.935865 48.3852
49 2.425 0.910821 51.1992
50 2.475 0.902128 54.1025
30000 50
1 0.025 0 0
2 0.075 0 0
3 0.125 0 0
4 0.175 0 0
5 0.225 0 0
6 0.275 0 0
7 0.325 0 0
8 0.375 0 0
9 0.425 0 0
10 0.475 0 0
11 0.525 0 0
12 0.575 0 0
13 0.625 0 0
14 0.675 0 0
15 0.725 0 0
16 0.775 0 0
17 0.825 0 0
18 0.875 0.00873789 0.00351563
19 0.925 0.273448 0.126465
20 0.975 1.31665 0.78418
21 1.025 2.33407 2.07275
22 1.075 2.44159 3.55537
23 1.125 2.17303 5.00049
24 1.175 1.75674 6.2749
25 1.225 1.3931 7.37334
26 1.275 1.13107 8.33945
27 1.325 0.943686 9.20996
28 1.375 0.823814 10.0283
29 1.425 0.743591 10.8217
30 1.475 0.687202 11.6072
31 1.525 0.676689 12.4341
32 1.575 0.690906 13.3346
33 1.625 0.710987 14.321
34 1.675 0.754505 15.4332
35 1.725 0.812032 16.7027
36 1.775 0.892353 18.1799
37 1.825 0.979852 19.8945
38 1.875 1.05407 21.8415
39 1.925 1.11118 24.0049
40 1.975 1.18796 26.4395
41 2.025 1.19167 29.0068
42 2.075 1.20625 31.7355
43 2.125 1.17885 34.5323
44 2.175 1.13172 37.3451
45 2.225 1.07501 40.1412
46 2.275 1.01384 42.898
47 2.325 0.968296 45.648
48 2.375 0.938073 48.428
49 2.425 0.901086 51.212
50 2.475 0.895604 54.0943
31000 50
1 0.025 0 0
2 0.075 0 0
3 0.125 0 0
4 0.175 0 0
5 0.225 0 0
6 0.275 0 0
7 0.325 0 0
8 0.375 0 0
9 0.425 0 0
10 0.475 0 0
11 0.525 0 0
12 0.575 0 0
13 0.625 0 0
14 0.675 0 0
15 0.725 0 0
16 0.775 0 0
17 0.825 0 0
18 0.875 0.00849517 0.00341797
19 0.925 0.268887 0.124316
20 0.975 1.3364 0.791895
21 1.025 2.27216 2.04629
22 1.075 2.49819 3.56328
23 1.125 2.15952 4.99941
24 1.175 1.73843 6.26055
25 1.225 1.39656 7.36172
26 1.275 1.13359 8.32998
27 1.325 0.935323 9.19277
28 1.375 0.824993 10.0123
29 1.425 0.738739 10.8005
30 1.475 0.706168 11.6077
31 1.525 0.687478 12.4478
32 1.575 0.673298 13.3253
33 1.625 0.720278 14.3246
34 1.675 0.749867 15.43
35 1.725 0.799976 16.6807
36 1.775 0.899551 18.1697
37 1.825 0.97455 19.8751
38 1.875 1.03477 21.7864
39 1.925 1.13937 24.0047
40 1.975 1.18725 26.4378
41 2.025 1.20808 29.0405
42 2.075 1.21549 31.7901
43 2.125 1.16815 34.5615
44 2.175 1.1283 37.3658
45 2.225 1.06566 40.1376
46 2.275 1.01757 42.9046
47 2.325 0.958531 45.6269
48 2.375 0.93056 48.3846
49 2.425 0.898115 51.1594
50 2.475 0.890324 54.0247
32000 50
1 0.025 0 0
2 0.075 0 0
3 0.125 0 0
4 0.175 0 0
5 0.225 0 0
6 0.275 0 0
7 0.325 0 0
8 0.375 0 0
9 0.425 0 0
10 0.475 0 0
11 0.525 0 0
12 0.575 0 0
13 0.625 0 0
14 0.675 0 0
15 0.725 0 0
16 0.775 0 0
17 0.825 0 0
18 0.875 0.00970876 0.00390625
19 0.925 0.281701 0.130566
20 0.975 1.319 0.789453
21 1.025 2.27004 2.04268
22 1.075 2.47295 3.54434
23 1.125 2.1742 4.99023
24 1.175 1.73951 6.25215
25 1.225 1.38715 7.3459
26 1.275 1.13404 8.31455
27 1.325 0.963695 9.20352
28 1.375 0.824797 10.0229
29 1.425 0.748076 10.821
30 1.475 0.711208 11.634
31 1.525 0.671255 12.4542
32 1.575 0.68139 13.3423
33 1.625 0.717674 14.338
34 1.675 0.752186 15.4468
35 1.725 0.816154 16.7228
36 1.775 0.88079 18.1808
37 1.825 0.969807 19.8778
38 1.875 1.05613 21.8286
39 1.925 1.12292 24.0148
40 1.975 1.17719 26.4273
41 2.025 1.19924 29.011
42 2.075 1.20215 31.7305
43 2.125 1.1798 34.5295
44 2.175 1.12465 37.3247
45 2.225 1.0645 40.0935
46 2.275 1.0203 42.8679
47 2.325 0.977408 45.6437
48 2.375 0.930395 48.401
49 2.425 0.907882 51.206
50 2.475 0.896362 54.0907
33000 50
1 0.025 0 0
2 0.075 0 0
3 0.125 0 0
4 0.175 0 0
5 0.225 0 0
6 0.275 0 0
7 0.325 0 0
8 0.375 0 0
9 0.425 0 0
10 0.475 0 0
11 0.525 0 0
12 0.575 0 0
13 0.625 0 0
14 0.675 0 0
15 0.725 0 0
16 0.775 0 0
17 0.825 0 0
18 0.875 0.00776701 0.003125
19 0.925 0.278443 0.12832
20 0.975 1.31274 0.784082
21 1.025 2.29427 2.05068
22 1.075 2.49015 3.56279
23 1.125 2.14645 4.99023
24 1.175 1.73614 6.24971
25 1.225 1.39533 7.3499
26 1.275 1.13416 8.31865
27 1.325 0.95459 9.19922
28 1.375 0.811722 10.0056
29 1.425 0.759059 10.8154
30 1.475 0.702238 11.6182
31 1.525 0.686839 12.4574
32 1.575 0.684387 13.3494
33 1.625 0.719926 14.3482
34 1.675 0.746224 15.4482
35 1.725 0.802725 16.7032
36 1.775 0.889817 18.1762
37 1.825 0.96869 19.8713
38 1.875 1.04926 21.8094
39 1.925 1.12558 24.0008
40 1.975 1.16547 26.3893
41 2.025 1.21307 29.0027
42 2.075 1.21817 31.7584
43 2.125 1.15786 34.5054
44 2.175 1.13258 37.3203
45 2.225 1.07951 40.1281
46 2.275 1.02508 42.9155
47 2.325 0.969637 45.6693
48 2.375 0.925946 48.4134
49 2.425 0.900612 51.1959
50 2.475 0.896059 54.0797
34000 50
1 0.025 0 0
2 0.075 0 0
3 0.125 0 0
4 0.175 0 0
5 0.225 0 0
6 0.275 0 0
7 0.325 0 0
8 0.375 0 0
9 0.425 0 0
10 0.475 0 0
11 0.525 0 0
12 0.575 0 0
13 0.625 0 0
14 0.675 0 0
15 0.725 0 0
16 0.775 0 0
17 0.825 0 0
18 0.875 0.00800973 0.00322266
19 0.925 0.291692 0.134375
20 0.975 1.2971 0.782324
21 1.025 2.31355 2.05957
22 1.075 2.46555 3.55674
23 1.125 2.13778 4.97842
24 1.175 1.7453 6.24453
25 1.225 1.40944 7.35586
26 1.275 1.12764 8.31904
27 1.325 0.955649 9.20059
28 1.375 0.827943 10.023
29 1.425 0.754117 10.8276
30 1.475 0.701896 11.63
31 1.525 0.667898 12.4461
32 1.575 0.683937 13.3375
33 1.625 0.716477 14.3315
34 1.675 0.750596 15.438
35 1.725 0.812407 16.7081
36 1.775 0.890761 18.1826
37 1.825 0.973378 19.8859
38 1.875 1.03958 21.8062
39 1.925 1.1176 23.982
40 1.975 1.19654 26.4342
41 2.025 1.20414 29.0284
42 2.075 1.19568 31.7332
43 2.125 1.1765 34.5244
44 2.175 1.12158 37.312
45 2.225 1.07707 40.1135
46 2.275 1.01384 42.8703
47 2.325 0.96919 45.6229
48 2.375 0.934976 48.3937
49 2.425 0.906554 51.1945
50 2.475 0.893328 54.0695
35000 50
1 0.025 0 0
2 0.075 0 0
3 0.125 0 0
4 0.175 0 0
5 0.225 0 0
6 0.275 0 0
7 0.325 0 0
8 0.375 0 0
9 0.425 0 0
10 0.475 0 0
11 0.525 0 0
12 0.575 0 0
13 0.625 0 0
14 0.675 0 0
15 0.725 0 0
16 0.775 0 0
17 0.825 0 0
18 0.875 0.00776701 0.003125
19 0.925 0.283656 0.130664
20 0.975 1.31157 0.78584
21 1.025 2.30241 2.05693
22 1.075 2.48292 3.56465
23 1.125 2.1416 4.98887
24 1.175 1.74449 6.25439
25 1.225 1.38529 7.34668
26 1.275 1.15074 8.32959
27 1.325 0.946756 9.20293
28 1.375 0.825583 10.023
29 1.425 0.747435 10.8205
30 1.475 0.697027 11.6173
31 1.525 0.663982 12.4286
32 1.575 0.688358 13.3258
33 1.625 0.70972 14.3104
34 1.675 0.749801 15.4157
35 1.725 0.814093 16.6885
36 1.775 0.902383 18.1822
37 1.825 0.974662 19.8878
38 1.875 1.07273 21.8692
39 1.925 1.10446 24.0195
40 1.975 1.17081 26.4189
41 2.025 1.20355 29.0119
42 2.075 1.20099 31.7287
43 2.125 1.18589 34.5422
44 2.175 1.11946 37.3245
45 2.225 1.07197 40.1127
46 2.275 1.02249 42.8931
47 2.325 0.967643 45.6412
48 2.375 0.925946 48.3853
49 2.425 0.903109 51.1755
50 2.475 0.899548 54.0705
36000 50
1 0.025 0 0
2 0.075 0 0
3 0.125 0 0
4 0.175 0 0
5 0.225 0 0
6 0.275 0 0
7 0.325 0 0
8 0.375 0 0
9 0.425 0 0
10 0.475 0 0
11 0.525 0 0
12 0.575 0 0
13 0.625 0 0
14 0.675 0 0
15 0.725 0 0
16 0.775 0 0
17 0.825 0 0
18 0.875 0.00922333 0.00371094
19 0.925 0.273882 0.126855
20 0.975 1.31724 0.784863
21 1.025 2.32222 2.06689
22 1.075 2.48549 3.57617
23 1.125 2.15056 5.00635
24 1.175 1.74907 6.2752
25 1.225 1.39892 7.37822
26 1.275 1.13427 8.34707
27 1.325 0.929712 9.20469
28 1.375 0.821651 10.0209
29 1.425 0.737 10.8072
30 1.475 0.694208 11.6008
31 1.525 0.674691 12.4252
32 1.575 0.681914 13.314
33 1.625 0.704863 14.2919
34 1.675 0.767357 15.423
35 1.725 0.813468 16.6948
36 1.775 0.899964 18.1846
37 1.825 0.958701 19.8622
38 1.875 1.05597 21.8127
39 1.925 1.12573 24.0044
40 1.975 1.17958 26.4218
41 2.025 1.22358 29.0579
42 2.075 1.20833 31.7913
43 2.125 1.17189 34.5716
44 2.175 1.13176 37.3845
45 2.225 1.06941 40.166
46 2.275 1.01714 42.9318
47 2.325 0.963276 45.6676
48 2.375 0.926935 48.4146
49 2.425 0.902982 51.2044
50 2.475 0.891022 54.072
37000 50
1 0.025 0 0
2 0.075 0 0
3 0.125 0 0
4 0.175 0 0
5 0.225 0 0
6 0.275 0 0
7 0.325 0 0
8 0.375 0 0
9 0.425 0 0
10 0.475 0 0
11 0.525 0 0
12 0.575 0 0
13 0.625 0 0
14 0.675 0 0
15 0.725 0 0
16 0.775 0 0
17 0.825 0 0
18 0.875 0.00922333 0.00371094
19 0.925 0.272145 0.126074
20 0.975 1.32135 0.786133
21 1.025 2.30028 2.05605
22 1.075 2.4826 3.56357
23 1.125 2.13954 4.98643
24 1.175 1.74691 6.25371
25 1.225 1.38604 7.34658
26 1.275 1.15017 8.329
27 1.325 0.945062 9.20078
28 1.375 0.848292 10.0435
29 1.425 0.739746 10.8327
30 1.475 0.691047 11.6227
31 1.525 0.691954 12.4682
32 1.575 0.676969 13.3505
33 1.625 0.70057 14.3225
34 1.675 0.743044 15.4178
35 1.725 0.820964 16.7013
36 1.775 0.897191 18.1864
37 1.825 0.967853 19.8801
38 1.875 1.05032 21.8201
39 1.925 1.11434 23.9896
40 1.975 1.17591 26.3995
41 2.025 1.21239 29.0115
42 2.075 1.19969 31.7254
43 2.125 1.17745 34.5188
44 2.175 1.13144 37.331
45 2.225 1.06949 40.1127
46 2.275 1.01958 42.8852
47 2.325 0.976686 45.659
48 2.375 0.930856 48.4176
49 2.425 0.912022 51.2354
50 2.475 0.889474 54.0979
38000 50
1 0.025 0 0
2 0.075 0 0
3 0.125 0 0
4 0.175 0 0
5 0.225 0 0
6 0.275 0 0
7 0.325 0 0
8 0.375 0 0
9 0.425 0 0
10 0.475 0 0
11 0.525 0 0
12 0.575 0 0
13 0.625 0 0
14 0.675 0 0
15 0.725 0 0
16 0.775 0 0
17 0.825 0 0
18 0.875 0.00776701 0.003125
19 0.925 0.275186 0.126855
20 0.975 1.32721 0.789844
21 1.025 2.31443 2.06758
22 1.075 2.47455 3.57021
23 1.125 2.12148 4.98105
24 1.175 1.74005 6.24336
25 1.225 1.40548 7.35156
26 1.275 1.12295 8.31074
27 1.325 0.960625 9.19688
28 1.375 0.828139 10.0195
29 1.425 0.745696 10.8151
30 1.475 0.711379 11.6283
31 1.525 0.681884 12.4615
32 1.575 0.689557 13.3603
33 1.625 0.709016 14.3439
34 1.675 0.74788 15.4464
35 1.725 0.802662 16.7013
36 1.775 0.889227 18.1732
37 1.825 0.98108 19.89
38 1.875 1.04577 21.8217
39 1.925 1.11991 24.0021
40 1.975 1.18039 26.4211
41 2.025 1.20513 29.0175
42 2.075 1.21208 31.7594
43 2.125 1.16642 34.5267
44 2.175 1.11852 37.3066
45 2.225 1.08098 40.1183
46 2.275 1.00978 42.8641
47 2.325 0.970806 45.6212
48 2.375 0.936623 48.3969
49 2.425 0.916447 51.2283
50 2.475 0.889049 54.0896
39000 50
1 0.025 0 0
2 0.075 0 0
3 0.125 0 0
4 0.175 0 0
5 0.225 0 0
6 0.275 0 0
7 0.325 0 0
8 0.375 0 0
9 0.425 0 0
10 0.475 0 0
11 0.525 0 0
12 0.575 0 0
13 0.625 0 0
14 0.675 0 0
15 0.725 0 0
16 0.775 0 0
17 0.825 0 0
18 0.875 0.00728157 0.00292969
19 0.925 0.296253 0.136133
20 0.975 1.30277 0.786914
21 1.025 2.30506 2.05947
22 1.075 2.46088 3.55381
23 1.125 2.1604 4.99053
24 1.175 1.73736 6.25088
25 1.225 1.38579 7.34355
26 1.275 1.13141 8.30996
27 1.325 0.956496 9.19229
28 1.375 0.829122 10.0159
29 1.425 0.747435 10.8134
30 1.475 0.715309 11.6311
31 1.525 0.689317 12.4733
32 1.575 0.672174 13.3494
33 1.625 0.715421 14.342
34 1.675 0.753975 15.4534
35 1.725 0.796915 16.6993
36 1.775 0.899787 18.1888
37 1.825 0.963445 19.8747
38 1.875 1.05582 21.8249
39 1.925 1.11715 23.9999
40 1.975 1.1751 26.4081
41 2.025 1.21166 29.0186
42 2.075 1.20919 31.7539
43 2.125 1.17374 34.5386
44 2.175 1.11506 37.31
45 2.225 1.06934 40.0913
46 2.275 1.02289 42.8728
47 2.325 0.970394 45.6287
48 2.375 0.931087 48.388
49 2.425 0.911991 51.2057
50 2.475 0.899882 54.1018
40000 50
1 0.025 0 0
2 0.075 0 0
3 0.125 0 0
4 0.175 0 0
5 0.225 0 0
6 0.275 0 0
7 0.325 0 0
8 0.375 0 0
9 0.425 0 0
10 0.475 0 0
11 0.525 0 0
12 0.575 0 0
13 0.625 0 0
14 0.675 0 0
15 0.725 0 0
16 0.775 0 0
17 0.825 0 0
18 0.875 0.0106796 0.00429688
19 0.925 0.276923 0.128809
20 0.975 1.33562 0.795996
21 1.025 2.31726 2.07529
22 1.075 2.46667 3.57314
23 1.125 2.14468 4.99941
24 1.175 1.73386 6.25723
25 1.225 1.39099 7.354
26 1.275 1.12593 8.31572
27 1.325 0.953638 9.19541
28 1.375 0.817817 10.0078
29 1.425 0.739106 10.7964
30 1.475 0.704459 11.6017
31 1.525 0.690755 12.4457
32 1.575 0.68641 13.3403
33 1.625 0.691841 14.3002
34 1.675 0.761063 15.4221
35 1.725 0.819902 16.7039
36 1.775 0.887693 18.1733
37 1.825 0.984428 19.896
38 1.875 1.05629 21.8471
39 1.925 1.12899 24.0451
40 1.975 1.18448 26.4726
41 2.025 1.20808 29.0753
42 2.075 1.19619 31.7812
43 2.125 1.16704 34.55
44 2.175 1.12681 37.3506
45 2.225 1.06112 40.1105
46 2.275 1.00472 42.8426
47 2.325 0.972904 45.6057
48 2.375 0.935832 48.379
49 2.425 0.912022 51.1968
50 2.475 0.90058 54.0951
41000 50
1 0.025 0 0
2 0.075 0 0
3 0.125 0 0
4 0.175 0 0
5 0.225 0 0
6 0.275 0 0
7 0.325 0 0
8 0.375 0 0
9 0.425 0 0
10 0.475 0 0
11 0.525 0 0
12 0.575 0 0
13 0.625 0 0
14 0.675 0 0
15 0.725 0 0
16 0.775 0 0
17 0.825 0 0
18 0.875 0.00922333 0.00371094
19 0.925 0.279312 0.129297
20 0.975 1.30571 0.781543
21 1.025 2.29356 2.04775
22 1.075 2.47198 3.54883
23 1.125 2.16994 4.99189
24 1.175 1.75486 6.26494
25 1.225 1.39545 7.36523
26 1.275 1.12833 8.329
27 1.325 0.930665 9.1875
28 1.375 0.838461 10.0204
29 1.425 0.742584 10.8127
30 1.475 0.709841 11.6241
31 1.525 0.68604 12.4624
32 1.575 0.675845 13.3433
33 1.625 0.711761 14.3308
34 1.675 0.749735 15.4359
35 1.725 0.813718 16.7081
36 1.775 0.891174 18.1833
37 1.825 0.954069 19.8528
38 1.875 1.05106 21.7942
39 1.925 1.12217 23.979
40 1.975 1.18306 26.4035
41 2.025 1.21565 29.0226
42 2.075 1.20509 31.7486
43 2.125 1.16946 34.5231
44 2.175 1.1338 37.3411
45 2.225 1.07377 40.134
46 2.275 1.01025 42.8811
47 2.325 0.967849 45.6298
48 2.375 0.941039 48.4186
49 2.425 0.907976 51.2238
50 2.475 0.891325 54.0924
42000 50
1 0.025 0 0
2 0.075 0 0
3 0.125 0 0
4 0.175 0 0
5 0.225 0 0
6 0.275 0 0
7 0.325 0 0
8 0.375 0 0
9 0.425 0 0
10 0.475 0 0
11 0.525 0 0
12 0.575 0 0
13 0.625 0 0
14 0.675 0 0
15 0.725 0 0
16 0.775 0 0
17 0.825 0 0
18 0.875 0.00752429 0.00302734
19 0.925 0.288652 0.132812
20 0.975 1.33386 0.799121
21 1.025 2.31567 2.07754
22 1.075 2.46249 3.57285
23 1.125 2.13837 4.99492
24 1.175 1.7453 6.26104
25 1.225 1.38009 7.34922
26 1.275 1.11084 8.29805
27 1.325 0.958931 9.18262
28 1.375 0.821651 9.99883
29 1.425 0.744323 10.793
30 1.475 0.709756 11.6043
31 1.525 0.684521 12.4407
32 1.575 0.684612 13.333
33 1.625 0.709509 14.3174
34 1.675 0.748874 15.4213
35 1.725 0.826773 16.7139
36 1.775 0.895716 18.1966
37 1.825 0.982977 19.9167
38 1.875 1.05016 21.8564
39 1.925 1.12402 24.0448
40 1.975 1.17619 26.4553
41 2.025 1.20473 29.0508
42 2.075 1.20483 31.7763
43 2.125 1.16362 34.5369
44 2.175 1.12732 37.3388
45 2.225 1.06994 40.1217
46 2.275 1.00497 42.8544
47 2.325 0.957121 45.5727
48 2.375 0.933163 48.3381
49 2.425 0.91256 51.1575
50 2.475 0.902188 54.061
43000 50
1 0.025 0 0
2 0.075 0 0
3 0.125 0 0
4 0.175 0 0
5 0.225 0 0
6 0.275 0 0
7 0.325 0 0
8 0.375 0 0
9 0.425 0 0
10 0.475 0 0
11 0.525 0 0
12 0.575 0 0
13 0.625 0 0
14 0.675 0 0
15 0.725 0 0
16 0.775 0 0
17 0.825 0 0
18 0.875 0.00655342 0.00263672
19 0.925 0.26867 0.123438
20 0.975 1.31822 0.781934
21 1.025 2.35618 2.08271
22 1.075 2.42373 3.55449
23 1.125 2.15173 4.98545
24 1.175 1.75674 6.25986
25 1.225 1.38851 7.35469
26 1.275 1.13404 8.32334
27 1.325 0.951838 9.20137
28 1.375 0.822142 10.0181
29 1.425 0.743682 10.8115
30 1.475 0.698052 11.6095
31 1.525 0.680046 12.4404
32 1.575 0.688957 13.3384
33 1.625 0.704722 14.3161
34 1.675 0.750994 15.4231
35 1.725 0.824837 16.7127
36 1.775 0.892943 18.1908
37 1.825 0.968858 19.8862
38 1.875 1.04334 21.8134
39 1.925 1.13145 24.0162
40 1.975 1.18339 26.4414
41 2.025 1.20214 29.0313
42 2.075 1.21001 31.7686
43 2.125 1.16489 34.5322
44 2.175 1.1296 37.3397
45 2.225 1.05973 40.0961
46 2.275 1.01384 42.8529
47 2.325 0.970634 45.6096
48 2.375 0.939358 48.3934
49 2.425 0.902382 51.1813
50 2.475 0.901824 54.0837
44000 50
1 0.025 0 0
2 0.075 0 0
3 0.125 0 0
4 0.175 0 0
5 0.225 0 0
6 0.275 0 0
7 0.325 0 0
8 0.375 0 0
9 0.425 0 0
10 0.475 0 0
11 0.525 0 0
12 0.575 0 0
13 0.625 0 0
14 0.675 0 0
15 0.725 0 0
16 0.775 0 0
17 0.825 0 0
18 0.875 0.0111651 0.00449219
19 0.925 0.275403 0.12832
20 0.975 1.31216 0.783789
21 1.025 2.29498 2.05078
22 1.075 2.47182 3.55176
23 1.125 2.15173 4.98271
24 1.175 1.76361 6.26211
25 1.225 1.38009 7.35029
26 1.275 1.15017 8.33271
27 1.325 0.957449 9.21592
28 1.375 0.823126 10.0336
29 1.425 0.751645 10.8355
30 1.475 0.693012 11.6277
31 1.525 0.684601 12.4643
32 1.575 0.682963 13.3544
33 1.625 0.699232 14.3245
34 1.675 0.758082 15.442
35 1.725 0.818216 16.7212
36 1.775 0.875953 18.1712
37 1.825 0.957083 19.846
38 1.875 1.05888 21.8019
39 1.925 1.12207 23.9864
40 1.975 1.17843 26.4015
41 2.025 1.21066 29.0098
42 2.075 1.2047 31.735
43 2.125 1.18432 34.5447
44 2.175 1.13903 37.3757
45 2.225 1.06412 40.1435
46 2.275 1.01053 42.8913
47 2.325 0.981982 45.6802
48 2.375 0.931614 48.441
49 2.425 0.907723 51.2455
50 2.475 0.892569 54.1181
45000 50
1 0.025 0 0
2 0.075 0 0
3 0.125 0 0
4 0.175 0 0
5 0.225 0 0
6 0.275 0 0
7 0.325 0 0
8 0.375 0 0
9 0.425 0 0
10 0.475 0 0
11 0.525 0 0
12 0.575 0 0
13 0.625 0 0
14 0.675 0 0
15 0.725 0 0
16 0.775 0 0
17 0.825 0 0
18 0.875 0.0123787 0.00498047
19 0.925 0.28648 0.133789
20 0.975 1.27736 0.771875
21 1.025 2.30081 2.04209
22 1.075 2.48549 3.55137
23 1.125 2.14336 4.97676
24 1.175 1.74234 6.24072
25 1.225 1.4118 7.35391
26 1.275 1.15302 8.33877
27 1.325 0.952155 9.21709
28 1.375 0.829614 10.0412
29 1.425 0.749265 10.8406
30 1.475 0.701213 11.6422
31 1.525 0.688677 12.4837
32 1.575 0.674422 13.3627
33 1.625 0.705286 14.3412
34 1.675 0.748079 15.4439
35 1.725 0.803911 16.7008
36 1.775 0.886631 18.1685
37 1.825 0.972541 19.8703
38 1.875 1.04736 21.8049
39 1.925 1.11675 23.9791
40 1.975 1.1731 26.3832
41 2.025 1.20976 28.9896
42 2.075 1.21644 31.7413
43 2.125 1.17514 34.5293
44 2.175 1.12512 37.3257
45 2.225 1.07689 40.1267
46 2.275 1.02063 42.902
47 2.325 0.975895 45.6735
48 2.375 0.934349 48.4425
49 2.425 0.902224 51.23
50 2.475 0.890111 54.0946
46000 50
1 0.025 0 0
2 0.075 0 0
3 0.125 0 0
4 0.175 0 0
5 0.225 0 0
6 0.275 0 0
7 0.325 0 0
8 0.375 0 0
9 0.425 0 0
10 0.475 0 0
11 0.525 0 0
12 0.575 0 0
13 0.625 0 0
14 0.675 0 0
15 0.725 0 0
16 0.775 0 0
17 0.825 0 0
18 0.875 0.00776701 0.003125
19 0.925 0.283656 0.130664
20 0.975 1.31509 0.787598
21 1.025 2.28772 2.05059
22 1.075 2.48018 3.55664
23 1.125 2.17258 5.00146
24 1.175 1.73143 6.25752
25 1.225 1.40102 7.36221
26 1.275 1.12387 8.32217
27 1.325 0.940298 9.18955
28 1.375 0.819193 10.0033
29 1.425 0.752744 10.8064
30 1.475 0.691218 11.5966
31 1.525 0.68596 12.4348
32 1.575 0.687983 13.3314
33 1.625 0.714014 14.3221
34 1.675 0.75318 15.4323
35 1.725 0.821027 16.7159
36 1.775 0.893061 18.1942
37 1.825 0.974048 19.8987
38 1.875 1.03345 21.8076
39 1.925 1.11775 23.9838
40 1.975 1.2004 26.4438
41 2.025 1.21039 29.0516
42 2.075 1.19749 31.7604
43 2.125 1.16728 34.5298
44 2.175 1.12413 37.3237
45 2.225 1.06194 40.0858
46 2.275 1.02799 42.8812
47 2.325 0.970084 45.6362
48 2.375 0.930329 48.3933
49 2.425 0.897072 51.1648
50 2.475 0.901915 54.0675
47000 50
1 0.025 0 0
2 0.075 0 0
3 0.125 0 0
4 0.175 0 0
5 0.225 0 0
6 0.275 0 0
7 0.325 0 0
8 0.375 0 0
9 0.425 0 0
10 0.475 0 0
11 0.525 0 0
12 0.575 0 0
13 0.625 0 0
14 0.675 0 0
15 0.725 0 0
16 0.775 0 0
17 0.825 0 0
18 0.875 0.00800973 0.00322266
19 0.925 0.269321 0.124316
20 0.975 1.31548 0.781445
21 1.025 2.31143 2.05752
22 1.075 2.47906 3.56289
23 1.125 2.16054 4.99971
24 1.175 1.73911 6.26133
25 1.225 1.377 7.34707
26 1.275 1.13039 8.3126
27 1.325 0.953638 9.19229
28 1.375 0.824797 10.0116
29 1.425 0.752652 10.8146
30 1.475 0.712832 11.6295
31 1.525 0.685001 12.4665
32 1.575 0.674796 13.346
33 1.625 0.720349 14.3454
34 1.675 0.746952 15.4465
35 1.725 0.81022 16.7132
36 1.775 0.876661 18.1644
37 1.825 0.962329 19.8483
38 1.875 1.05788 21.8023
39 1.925 1.12352 23.9897
40 1.975 1.18534 26.4189
41 2.025 1.20713 29.0196
42 2.075 1.20466 31.7447
43 2.125 1.17868 34.5411
44 2.175 1.12975 37.349
45 2.225 1.06675 40.1236
46 2.275 1.01833 42.8927
47 2.325 0.97562 45.6635
48 2.375 0.925815 48.4071
49 2.425 0.900264 51.1886
50 2.475 0.892964 54.0624
48000 50
1 0.025 0 0
2 0.075 0 0
3 0.125 0 0
4 0.175 0 0
5 0.225 0 0
6 0.275 0 0
7 0.325 0 0
8 0.375 0 0
9 0.425 0 0
10 0.475 0 0
11 0.525 0 0
12 0.575 0 0
13 0.625 0 0
14 0.675 0 0
15 0.725 0 0
16 0.775 0 0
17 0.825 0 0
18 0.875 0.00995148 0.00400391
19 0.925 0.285611 0.132422
20 0.975 1.33855 0.801074
21 1.025 2.25695 2.04707
22 1.075 2.49096 3.55967
23 1.125 2.16818 5.00156
24 1.175 1.72389 6.25215
25 1.225 1.38913 7.34746
26 1.275 1.13222 8.31455
27 1.325 0.950462 9.19131
28 1.375 0.832465 10.0183
29 1.425 0.75311 10.8218
30 1.475 0.70164 11.6238
31 1.525 0.682364 12.4576
32 1.575 0.678692 13.3422
33 1.625 0.706341 14.3222
34 1.675 0.748079 15.4249
35 1.725 0.828397 16.72
36 1.775 0.900318 18.2104
37 1.825 0.954404 19.8805
38 1.875 1.03795 21.7977
39 1.925 1.12252 23.9831
40 1.975 1.19139 26.4247
41 2.025 1.19829 29.0063
42 2.075 1.2167 31.7587
43 2.125 1.17852 34.5547
44 2.175 1.12072 37.3401
45 2.225 1.06453 40.109
46 2.275 1.01176 42.8602
47 2.325 0.965889 45.6033
48 2.375 0.937875 48.3827
49 2.425 0.916732 51.215
50 2.475 0.896089 54.0989
49000 50
1 0.025 0 0
2 0.075 0 0
3 0.125 0 0
4 0.175 0 0
5 0.225 0 0
6 0.275 0 0
7 0.325 0 0
8 0.375 0 0
9 0.425 0 0
10 0.475 0 0
11 0.525 0 0
12 0.575 0 0
13 0.625 0 0
14 0.675 0 0
15 0.725 0 0
16 0.775 0 0
17 0.825 0 0
18 0.875 0.00752429 0.00302734
19 0.925 0.276272 0.127246
20 0.975 1.3321 0.792676
21 1.025 2.30276 2.06396
22 1.075 2.47954 3.56963
23 1.125 2.1325 4.98779
24 1.175 1.72699 6.24062
25 1.225 1.40078 7.34512
26 1.275 1.14788 8.32559
27 1.325 0.967824 9.21836
28 1.375 0.819881 10.0328
29 1.425 0.748625 10.8315
30 1.475 0.697369 11.6287
31 1.525 0.673412 12.4516
32 1.575 0.67622 13.3329
33 1.625 0.716759 14.3273
34 1.675 0.741719 15.4207
35 1.725 0.826711 16.7132
36 1.775 0.894241 18.1935
37 1.825 0.966012 19.8839
38 1.875 1.04323 21.8108
39 1.925 1.12989 24.0106
40 1.975 1.18634 26.4419
41 2.025 1.20609 29.0403
42 2.075 1.20802 31.773
43 2.125 1.17247 34.5547
44 2.175 1.12237 37.3442
45 2.225 1.06607 40.1171
46 2.275 1.00508 42.8501
47 2.325 0.972938 45.6133
48 2.375 0.932537 48.3769
49 2.425 0.913476 51.1991
50 2.475 0.896119 54.0831
50000 50
1 0.025 0 0
2 0.075 0 0
3 0.125 0 0
4 0.175 0 0
5 0.225 0 0
6 0.275 0 0
7 0.325 0 0
8 0.375 0 0
9 0.425 0 0
10 0.475 0 0
11 0.525 0 0
12 0.575 0 0
13 0.625 0 0
14 0.675 0 0
15 0.725 0 0
16 0.775 0 0
17 0.825 0 0
18 0.875 0.00873789 0.00351563
19 0.925 0.276923 0.128027
20 0.975 1.30434 0.77959
21 1.025 2.31373 2.05693
22 1.075 2.46072 3.55117
23 1.125 2.15438 4.98389
24 1.175 1.76509 6.26436
25 1.225 1.40759 7.37422
26 1.275 1.13542 8.34404
27 1.325 0.954061 9.22412
28 1.375 0.821356 10.04
29 1.425 0.743774 10.8336
30 1.475 0.678403 11.6091
31 1.525 0.672773 12.4312
32 1.575 0.683038 13.3214
33 1.625 0.701555 14.2947
34 1.675 0.750994 15.4018
35 1.725 0.819215 16.6825
36 1.775 0.890466 18.1565
37 1.825 0.978624 19.869
38 1.875 1.06327 21.833
39 1.925 1.13611 24.0449
40 1.975 1.17014 26.443
41 2.025 1.2055 29.0401
42 2.075 1.20729 31.7712
43 2.125 1.18222 34.576
44 2.175 1.11973 37.359
45 2.225 1.0678 40.1363
46 2.275 1.01657 42.9006
47 2.325 0.968984 45.6525
48 2.375 0.934811 48.4229
49 2.425 0.902761 51.212
50 2.475 0.888048 54.07
51000 50
1 0.025 0 0
2 0.075 0 0
3 0.125 0 0
4 0.175 0 0
5 0.225 0 0
6 0.275 0 0
7 0.325 0 0
8 0.375 0 0
9 0.425 0 0
10 0.475 0 0
11 0.525 0 0
12 0.575 0 0
13 0.625 0 0
14 0.675 0 0
15 0.725 0 0
16 0.775 0 0
17 0.825 0 0
18 0.875 0.00970876 0.00390625
19 0.925 0.287131 0.133008
20 0.975 1.31626 0.790527
21 1.025 2.29745 2.05889
22 1.075 2.46635 3.55654
23 1.125 2.14909 4.98574
24 1.175 1.7177 6.23184
25 1.225 1.39879 7.33477
26 1.275 1.16457 8.32949
27 1.325 0.960942 9.21592
28 1.375 0.840329 10.0507
29 1.425 0.734163 10.834
30 1.475 0.694379 11.6277
31 1.525 0.677888 12.4561
32 1.575 0.684462 13.3481
33 1.625 0.696769 14.3148
34 1.675 0.760401 15.4357
35 1.725 0.804661 16.6938
36 1.775 0.899492 18.1827
37 1.825 0.970979 19.8818
38 1.875 1.05592 21.8322
39 1.925 1.11645 24.0059
40 1.975 1.17996 26.424
41 2.025 1.20096 29.0114
42 2.075 1.20694 31.7417
43 2.125 1.16708 34.5105
44 2.175 1.12661 37.3106
45 2.225 1.07287 40.1012
46 2.275 1.02698 42.8937
47 2.325 0.969809 45.648
48 2.375 0.930296 48.405
49 2.425 0.916352 51.2361
50 2.475 0.888533 54.0957
52000 50
1 0.025 0 0
2 0.075 0 0
3 0.125 0 0
4 0.175 0 0
5 0.225 0 0
6 0.275 0 0
7 0.325 0 0
8 0.375 0 0
9 0.425 0 0
10 0.475 0 0
11 0.525 0 0
12 0.575 0 0
13 0.625 0 0
14 0.675 0 0
15 0.725 0 0
16 0.775 0 0
17 0.825 0 0
18 0.875 0.00533982 0.00214844
19 0.925 0.280181 0.128125
20 0.975 1.32643 0.790723
21 1.025 2.29869 2.05977
22 1.075 2.45542 3.55078
23 1.125 2.16377 4.98975
24 1.175 1.74247 6.25381
25 1.225 1.3983 7.35635
26 1.275 1.12673 8.31875
27 1.325 0.957237 9.20176
28 1.375 0.823617 10.0199
29 1.425 0.752011 10.8223
30 1.475 0.711465 11.6355
31 1.525 0.669416 12.4535
32 1.575 0.682963 13.3437
33 1.625 0.705426 14.3224
34 1.675 0.74523 15.4209
35 1.725 0.820402 16.7035
36 1.775 0.880319 18.1607
37 1.825 0.979684 19.8751
38 1.875 1.05063 21.8157
39 1.925 1.1161 23.9887
40 1.975 1.17205 26.3906
41 2.025 1.2069 28.9908
42 2.075 1.21735 31.7446
43 2.125 1.17761 34.5385
44 2.175 1.1228 37.3291
45 2.225 1.07869 40.1348
46 2.275 1.00949 42.8798
47 2.325 0.964651 45.6194
48 2.375 0.945125 48.4203
49 2.425 0.910758 51.2342
50 2.475 0.896393 54.119
53000 50
1 0.025 0 0
2 0.075 0 0
3 0.125 0 0
4 0.175 0 0
5 0.225 0 0
6 0.275 0 0
7 0.325 0 0
8 0.375 0 0
9 0.425 0 0
10 0.475 0 0
11 0.525 0 0
12 0.575 0 0
13 0.625 0 0
14 0.675 0 0
15 0.725 0 0
16 0.775 0 0
17 0.825 0 0
18 0.875 0.00922333 0.00371094
19 0.925 0.278878 0.129102
20 0.975 1.31392 0.785449
21 1.025 2.29781 2.054
22 1.075 2.46314 3.54971
23 1.125 2.16304 4.98818
24 1.175 1.75943 6.26455
25 1.225 1.3869 7.35811
26 1.275 1.13416 8.32686
27 1.325 0.950673 9.20381
28 1.375 0.824698 10.023
29 1.425 0.738831 10.8113
30 1.475 0.706339 11.6188
31 1.525 0.682044 12.4521
32 1.575 0.690381 13.352
33 1.625 0.701273 14.3249
34 1.675 0.748344 15.428
35 1.725 0.813593 16.7
36 1.775 0.885392 18.1656
37 1.825 0.96417 19.8528
38 1.875 1.05571 21.8028
39 1.925 1.1335 24.0097
40 1.975 1.18077 26.4295
41 2.025 1.20618 29.0281
42 2.075 1.20371 31.7511
43 2.125 1.17881 34.5478
44 2.175 1.12653 37.3477
45 2.225 1.06551 40.119
46 2.275 1.00903 42.8628
47 2.325 0.974039 45.6291
48 2.375 0.929044 48.3823
49 2.425 0.91218 51.2006
50 2.475 0.89524 54.0817
54000 50
1 0.025 0 0
2 0.075 0 0
3 0.125 0 0
4 0.175 0 0
5 0.225 0 0
6 0.275 0 0
7 0.325 0 0
8 0.375 0 0
9 0.425 0 0
10 0.475 0 0
11 0.525 0 0
12 0.575 0 0
13 0.625 0 0
14 0.675 0 0
15 0.725 0 0
16 0.775 0 0
17 0.825 0 0
18 0.875 0.0101942 0.00410156
19 0.925 0.269321 0.125195
20 0.975 1.33953 0.794336
21 1.025 2.31107 2.07021
22 1.075 2.46587 3.56758
23 1.125 2.14924 4.99688
24 1.175 1.74382 6.26191
25 1.225 1.37526 7.34629
26 1.275 1.13107 8.3124
27 1.325 0.948979 9.18779
28 1.375 0.814376 9.99678
29 1.425 0.756313 10.8037
30 1.475 0.709841 11.6151
31 1.525 0.681964 12.4484
32 1.575 0.68124 13.3363
33 1.625 0.722601 14.3389
34 1.675 0.746157 15.4388
35 1.725 0.80997 16.7051
36 1.775 0.891587 18.181
37 1.825 0.972988 19.8836
38 1.875 1.05148 21.8258
39 1.925 1.12487 24.0158
40 1.975 1.17376 26.4213
41 2.025 1.21044 29.0291
42 2.075 1.19935 31.7422
43 2.125 1.17119 34.5208
44 2.175 1.12964 37.3284
45 2.225 1.07918 40.1354
46 2.275 1.01237 42.8882
47 2.325 0.962966 45.623
48 2.375 0.934415 48.3922
49 2.425 0.902793 51.1814
50 2.475 0.899913 54.0776
55000 50
1 0.025 0 0
2 0.075 0 0
3 0.125 0 0
4 0.175 0 0
5 0.225 0 0
6 0.275 0 0
7 0.325 0 0
8 0.375 0 0
9 0.425 0 0
10 0.475 0 0
11 0.525 0 0
12 0.575 0 0
13 0.625 0 0
14 0.675 0 0
15 0.725 0 0
16 0.775 0 0
17 0.825 0 0
18 0.875 0.00728157 0.00292969
19 0.925 0.276706 0.127344
20 0.975 1.32154 0.7875
21 1.025 2.28206 2.04736
22 1.075 2.50768 3.57012
23 1.125 2.14233 4.99482
24 1.175 1.73453 6.25312
25 1.225 1.37823 7.33984
26 1.275 1.14879 8.32109
27 1.325 0.948344 9.1959
28 1.375 0.832563 10.0229
29 1.425 0.752194 10.8255
30 1.475 0.694977 11.6199
31 1.525 0.683243 12.4548
32 1.575 0.691955 13.3566
33 1.625 0.703807 14.3331
34 1.675 0.744104 15.43
35 1.725 0.81147 16.6986
36 1.775 0.889404 18.1709
37 1.825 0.97349 19.8744
38 1.875 1.049 21.812
39 1.925 1.11324 23.9794
40 1.975 1.17052 26.3782
41 2.025 1.21561 28.9972
42 2.075 1.21286 31.7408
43 2.125 1.17556 34.5298
44 2.175 1.12594 37.3282
45 2.225 1.07377 40.1211
46 2.275 1.00827 42.8628
47 2.325 0.978062 45.6405
48 2.375 0.938732 48.4225
49 2.425 0.909462 51.2323
50 2.475 0.892691 54.1053
56000 50
1 0.025 0 0
2 0.075 0 0
3 0.125 0 0
4 0.175 0 0
5 0.225 0 0
6 0.275 0 0
7 0.325 0 0
8 0.375 0 0
9 0.425 0 0
10 0.475 0 0
11 0.525 0 0
12 0.575 0 0
13 0.625 0 0
14 0.675 0 0
15 0.725 0 0
16 0.775 0 0
17 0.825 0 0
18 0.875 0.00922333 0.00371094
19 0.925 0.278443 0.128906
20 0.975 1.30512 0.780859
21 1.025 2.28136 2.04033
22 1.075 2.50431 3.56104
23 1.125 2.15643 4.99512
24 1.175 1.72847 6.24902
25 1.225 1.38133 7.33818
26 1.275 1.15348 8.32344
27 1.325 0.961154 9.21006
28 1.375 0.823126 10.0277
29 1.425 0.752744 10.8309
30 1.475 0.697027 11.6276
31 1.525 0.672054 12.4488
32 1.575 0.688583 13.3463
33 1.625 0.708101 14.3287
34 1.675 0.745362 15.4274
35 1.725 0.812282 16.6974
36 1.775 0.883445 18.1598
37 1.825 0.979238 19.8733
38 1.875 1.05973 21.8308
39 1.925 1.12728 24.0255
40 1.975 1.17858 26.4408
41 2.025 1.20518 29.0373
42 2.075 1.20276 31.7581
43 2.125 1.16444 34.5207
44 2.175 1.12441 37.3153
45 2.225 1.06727 40.0913
46 2.275 1.01869 42.8613
47 2.325 0.980434 45.6458
48 2.375 0.93458 48.4154
49 2.425 0.908767 51.2231
50 2.475 0.898608 54.1151
57000 50
1 0.025 0 0
2 0.075 0 0
3 0.125 0 0
4 0.175 0 0
5 0.225 0 0
6 0.275 0 0
7 0.325 0 0
8 0.375 0 0
9 0.425 0 0
10 0.475 0 0
11 0.525 0 0
12 0.575 0 0
13 0.625 0 0
14 0.675 0 0
15 0.725 0 0
16 0.775 0 0
17 0.825 0 0
18 0.875 0.00533982 0.00214844
19 0.925 0.279747 0.12793
20 0.975 1.32213 0.788379
21 1.025 2.31019 2.06377
22 1.075 2.47488 3.5666
23 1.125 2.15482 4.99961
24 1.175 1.73628 6.25918
25 1.225 1.39557 7.35957
26 1.275 1.1289 8.32383
27 1.325 0.936276 9.1875
28 1.375 0.818898 10.001
29 1.425 0.751096 10.8023
30 1.475 0.701042 11.6037
31 1.525 0.670216 12.4227
32 1.575 0.694502 13.3278
33 1.625 0.717885 14.3238
34 1.675 0.755896 15.4381
35 1.725 0.822463 16.7239
36 1.775 0.882619 18.185
37 1.825 0.980521 19.9008
38 1.875 1.04508 21.8312
39 1.925 1.13325 24.0375
40 1.975 1.18277 26.4614
41 2.025 1.20128 29.0495
42 2.075 1.1971 31.7575
43 2.125 1.16518 34.5219
44 2.175 1.12869 37.3271
45 2.225 1.07054 40.1116
46 2.275 1.02167 42.8897
47 2.325 0.96276 45.624
48 2.375 0.930263 48.3809
49 2.425 0.903298 51.1717
50 2.475 0.893995 54.0488
58000 50
1 0.025 0 0
2 0.075 0 0
3 0.125 0 0
4 0.175 0 0
5 0.225 0 0
6 0.275 0 0
7 0.325 0 0
8 0.375 0 0
9 0.425 0 0
10 0.475 0 0
11 0.525 0 0
12 0.575 0 0
13 0.625 0 0
14 0.675 0 0
15 0.725 0 0
16 0.775 0 0
17 0.825 0 0
18 0.875 0.00800973 0.00322266
19 0.925 0.273014 0.125977
20 0.975 1.31235 0.781543
21 1.025 2.29834 2.05039
22 1.075 2.47455 3.55303
23 1.125 2.17449 4.99912
24 1.175 1.74382 6.26416
25 1.225 1.40028 7.36826
26 1.275 1.12867 8.33232
27 1.325 0.947603 9.20645
28 1.375 0.817522 10.0186
29 1.425 0.744872 10.8133
30 1.475 0.705485 11.6197
31 1.525 0.669896 12.4383
32 1.575 0.695701 13.345
33 1.625 0.710565 14.3309
34 1.675 0.751391 15.4385
35 1.725 0.810283 16.7053
36 1.775 0.897309 18.1906
37 1.825 0.97416 19.8953
38 1.875 1.03895 21.8144
39 1.925 1.11339 23.982
40 1.975 1.18244 26.4053
41 2.025 1.21202 29.0165
42 2.075 1.21825 31.7724
43 2.125 1.17342 34.5562
44 2.175 1.12017 37.3403
45 2.225 1.06592 40.1128
46 2.275 1.01179 42.8641
47 2.325 0.977408 45.6399
48 2.375 0.930758 48.3982
49 2.425 0.908482 51.2051
50 2.475 0.892448 54.0772
59000 50
1 0.025 0 0
2 0.075 0 0
3 0.125 0 0
4 0.175 0 0
5 0.225 0 0
6 0.275 0 0
7 0.325 0 0
8 0.375 0 0
9 0.425 0 0
10 0.475 0 0
11 0.525 0 0
12 0.575 0 0
13 0.625 0 0
14 0.675 0 0
15 0.725 0 0
16 0.775 0 0
17 0.825 0 0
18 0.875 0.00606798 0.00244141
19 0.925 0.279095 0.12793
20 0.975 1.32799 0.791309
21 1.025 2.28596 2.05332
22 1.075 2.50318 3.57334
23 1.125 2.15438 5.00605
24 1.175 1.75822 6.28154
25 1.225 1.36721 7.35957
26 1.275 1.13027 8.325
27 1.325 0.940722 9.19277
28 1.375 0.81939 10.0067
29 1.425 0.747709 10.8045
30 1.475 0.707449 11.6132
31 1.525 0.680765 12.445
32 1.575 0.681764 13.3336
33 1.625 0.715281 14.326
34 1.675 0.755962 15.4403
35 1.725 0.810345 16.7072
36 1.775 0.892707 18.185
37 1.825 0.970588 19.8834
38 1.875 1.04958 21.8221
39 1.925 1.12021 24.003
40 1.975 1.1912 26.4442
41 2.025 1.21592 29.0639
42 2.075 1.19481 31.7667
43 2.125 1.17305 34.5497
44 2.175 1.1272 37.3513
45 2.225 1.06142 40.112
46 2.275 1.01542 42.8731
47 2.325 0.965373 45.6148
48 2.375 0.932207 48.3774
49 2.425 0.912022 51.1952
50 2.475 0.895695 54.0778
60000 50
1 0.025 0 0
2 0.075 0 0
3 0.125 0 0
4 0.175 0 0
5 0.225 0 0
6 0.275 0 0
7 0.325 0 0
8 0.375 0 0
9 0.425 0 0
10 0.475 0 0
11 0.525 0 0
12 0.575 0 0
13 0.625 0 0
14 0.675 0 0
15 0.725 0 0
16 0.775 0 0
17 0.825 0 0
18 0.875 0.00873789 0.00351563
19 0.925 0.277792 0.128418
20 0.975 1.30844 0.782031
21 1.025 2.27888 2.04014
22 1.075 2.53084 3.57695
23 1.125 2.1554 5.01035
24 1.175 1.73372 6.26807
25 1.225 1.38059 7.35664
26 1.275 1.13713 8.32793
27 1.325 0.943263 9.19805
28 1.375 0.837872 10.0304
29 1.425 0.744689 10.8249
30 1.475 0.698138 11.6229
31 1.525 0.667099 12.4381
32 1.575 0.681989 13.327
33 1.625 0.717392 14.3223
34 1.675 0.746025 15.422
35 1.725 0.813718 16.6941
36 1.775 0.886808 18.1621
37 1.825 0.965733 19.8521
38 1.875 1.06644 21.8219
39 1.925 1.12482 24.0118
40 1.975 1.17043 26.4104
41 2.025 1.20255 29.0013
42 2.075 1.22607 31.7748
43 2.125 1.17547 34.5636
44 2.175 1.12924 37.3702
45 2.225 1.07351 40.1624
46 2.275 1.0189 42.933
47 2.325 0.965958 45.6764
48 2.375 0.921992 48.4087
49 2.425 0.897008 51.1801
50 2.475 0.89002 54.0444
61000 50
1 0.025 0 0
2 0.075 0 0
3 0.125 0 0
4 0.175 0 0
5 0.225 0 0
6 0.275 0 0
7 0.325 0 0
8 0.375 0 0
9 0.425 0 0
10 0.475 0 0
11 0.525 0 0
12 0.575 0 0
13 0.625 0 0
14 0.675 0 0
15 0.725 0 0
16 0.775 0 0
17 0.825 0 0
18 0.875 0.00728157 0.00292969
19 0.925 0.274534 0.126367
20 0.975 1.35614 0.803809
21 1.025 2.28436 2.06494
22 1.075 2.4908 3.57744
23 1.125 2.14424 5.00342
24 1.175 1.72807 6.25703
25 1.225 1.38678 7.35049
26 1.275 1.12215 8.30898
27 1.325 0.943792 9.17959
28 1.375 0.818112 9.99229
29 1.425 0.758418 10.8015
30 1.475 0.702836 11.6049
31 1.525 0.689956 12.4479
32 1.575 0.682813 13.3379
33 1.625 0.714154 14.3287
34 1.675 0.757287 15.445
35 1.725 0.80716 16.7069
36 1.775 0.886218 18.1739
37 1.825 0.976448 19.8826
38 1.875 1.05428 21.83
39 1.925 1.12693 24.024
40 1.975 1.17819 26.4386
41 2.025 1.20677 29.0385
42 2.075 1.19878 31.7503
43 2.125 1.17992 34.5496
44 2.175 1.12083 37.3354
45 2.225 1.06637 40.109
46 2.275 1.01018 42.8559
47 2.325 0.970566 45.6123
48 2.375 0.932142 48.3747
49 2.425 0.907281 51.1778
50 2.475 0.894147 54.0555
62000 50
1 0.025 0 0
2 0.075 0 0
3 0.125 0 0
4 0.175 0 0
5 0.225 0 0
6 0.275 0 0
7 0.325 0 0
8 0.375 0 0
9 0.425 0 0
10 0.475 0 0
11 0.525 0 0
12 0.575 0 0
13 0.625 0 0
14 0.675 0 0
15 0.725 0 0
16 0.775 0 0
17 0.825 0 0
18 0.875 0.00703885 0.00283203
19 0.925 0.269104 0.123828
20 0.975 1.32838 0.787402
21 1.025 2.30488 2.05986
22 1.075 2.48243 3.56729
23 1.125 2.16759 5.00879
24 1.175 1.72039 6.25684
25 1.225 1.39074 7.35342
26 1.275 1.12398 8.31348
27 1.325 0.937758 9.17852
28 1.375 0.848587 10.0215
29 1.425 0.756588 10.8287
30 1.475 0.69062 11.6182
31 1.525 0.679806 12.4488
32 1.575 0.677793 13.3322
33 1.625 0.690504 14.2902
34 1.675 0.752517 15.3995
35 1.725 0.839828 16.7125
36 1.775 0.899846 18.2021
37 1.825 0.973155 19.905
38 1.875 1.05217 21.8484
39 1.925 1.12126 24.0314
40 1.975 1.17867 26.447
41 2.025 1.20232 29.0373
42 2.075 1.19732 31.7458
43 2.125 1.17218 34.5268
44 2.175 1.12221 37.3159
45 2.225 1.07745 40.1184
46 2.275 1.00213 42.8434
47 2.325 0.965442 45.5853
48 2.375 0.931219 48.3449
49 2.425 0.90687 51.1468
50 2.475 0.90847 54.0705
63000 50
1 0.025 0 0
2 0.075 0 0
3 0.125 0 0
4 0.175 0 0
5 0.225 0 0
6 0.275 0 0
7 0.325 0 0
8 0.375 0 0
9 0.425 0 0
10 0.475 0 0
11 0.525 0 0
12 0.575 0 0
13 0.625 0 0
14 0.675 0 0
15 0.725 0 0
16 0.775 0 0
17 0.825 0 0
18 0.875 0.00728157 0.00292969
19 0.925 0.274534 0.126367
20 0.975 1.32584 0.788672
21 1.025 2.31107 2.06455
22 1.075 2.46249 3.55986
23 1.125 2.15614 4.99375
24 1.175 1.7173 6.23955
25 1.225 1.39805 7.34189
26 1.275 1.12604 8.30371
27 1.325 0.965918 9.19473
28 1.375 0.838265 10.0274
29 1.425 0.74835 10.8259
30 1.475 0.711123 11.6388
31 1.525 0.664941 12.4513
32 1.575 0.687009 13.3467
33 1.625 0.713802 14.337
34 1.675 0.740924 15.4292
35 1.725 0.804224 16.6865
36 1.775 0.902324 18.1802
37 1.825 0.978345 19.8922
38 1.875 1.04498 21.8224
39 1.925 1.12427 24.0112
40 1.975 1.17972 26.4289
41 2.025 1.20649 29.0282
42 2.075 1.20634 31.7571
43 2.125 1.17025 34.5335
44 2.175 1.13537 37.3554
45 2.225 1.06352 40.1216
46 2.275 1.01456 42.8804
47 2.325 0.966921 45.6265
48 2.375 0.930856 48.3851
49 2.425 0.9112 51.2003
50 2.475 0.896453 54.0854
64000 50
1 0.025 0 0
2 0.075 0 0
3 0.125 0 0
4 0.175 0 0
5 0.225 0 0
6 0.275 0 0
7 0.325 0 0
8 0.375 0 0
9 0.425 0 0
10 0.475 0 0
11 0.525 0 0
12 0.575 0 0
13 0.625 0 0
14 0.675 0 0
15 0.725 0 0
16 0.775 0 0
17 0.825 0 0
18 0.875 0.00752429 0.00302734
19 0.925 0.275403 0.126855
20 0.975 1.33073 0.791602
21 1.025 2.28896 2.05527
22 1.075 2.47375 3.55742
23 1.125 2.16157 4.99492
24 1.175 1.71999 6.24268
25 1.225 1.39817 7.34512
26 1.275 1.14445 8.32266
27 1.325 0.953108 9.20186
28 1.375 0.846621 10.0429
29 1.425 0.72977 10.8215
30 1.475 0.696002 11.6171
31 1.525 0.673332 12.4398
32 1.575 0.697874 13.3494
33 1.625 0.697684 14.3174
34 1.675 0.750397 15.4235
35 1.725 0.816279 16.6997
36 1.775 0.893828 18.1793
37 1.825 0.981191 19.8963
38 1.875 1.04276 21.8224
39 1.925 1.12302 24.0088
40 1.975 1.18515 26.4376
41 2.025 1.20917 29.0427
42 2.075 1.20522 31.769
43 2.125 1.1742 34.5548
44 2.175 1.13742 37.3817
45 2.225 1.06115 40.1418
46 2.275 1.00809 42.883
47 2.325 0.968812 45.6345
48 2.375 0.937908 48.414
49 2.425 0.895744 51.1814
50 2.475 0.884862 54.0292
65000 50
1 0.025 0 0
2 0.075 0 0
3 0.125 0 0
4 0.175 0 0
5 0.225 0 0
6 0.275 0 0
7 0.325 0 0
8 0.375 0 0
9 0.425 0 0
10 0.475 0 0
11 0.525 0 0
12 0.575 0 0
13 0.625 0 0
14 0.675 0 0
15 0.725 0 0
16 0.775 0 0
17 0.825 0 0
18 0.875 0.00825245 0.00332031
19 0.925 0.284525 0.13125
20 0.975 1.29906 0.780176
21 1.025 2.32717 2.06494
22 1.075 2.46265 3.56035
23 1.125 2.16333 4.99902
24 1.175 1.72941 6.25361
25 1.225 1.38418 7.34502
26 1.275 1.14639 8.32422
27 1.325 0.944215 9.19521
28 1.375 0.835217 10.0249
29 1.425 0.749723 10.8248
30 1.475 0.692755 11.6167
31 1.525 0.669177 12.4344
32 1.575 0.685286 13.3275
33 1.625 0.703667 14.3038
34 1.675 0.761991 15.4271
35 1.725 0.81959 16.7084
36 1.775 0.896778 18.1929
37 1.825 0.964896 19.8813
38 1.875 1.06105 21.8412
39 1.925 1.11419 24.0104
40 1.975 1.17781 26.4242
41 2.025 1.20844 29.0277
42 2.075 1.21364 31.7731
43 2.125 1.17366 34.5576
44 2.175 1.12064 37.3429
45 2.225 1.06348 40.109
46 2.275 1.00903 42.8527
47 2.325 0.968674 45.6038
48 2.375 0.935239 48.3754
49 2.425 0.913508 51.1978
50 2.475 0.894784 54.0774
66000 50
1 0.025 0 0
2 0.075 0 0
3 0.125 0 0
4 0.175 0 0
5 0.225 0 0
6 0.275 0 0
7 0.325 0 0
8 0.375 0 0
9 0.425 0 0
10 0.475 0 0
11 0.525 0 0
12 0.575 0 0
13 0.625 0 0
14 0.675 0 0
15 0.725 0 0
16 0.775 0 0
17 0.825 0 0
18 0.875 0.00898061 0.00361328
19 0.925 0.283873 0.13125
20 0.975 1.32115 0.791211
21 1.025 2.29285 2.05703
22 1.075 2.4961 3.57275
23 1.125 2.14204 4.99727
24 1.175 1.75149 6.26787
25 1.225 1.38505 7.35996
26 1.275 1.13702 8.33115
27 1.325 0.949085 9.20664
28 1.375 0.820864 10.0221
29 1.425 0.747252 10.8193
30 1.475 0.701213 11.6209
31 1.525 0.67549 12.4463
32 1.575 0.684537 13.3385
33 1.625 0.696769 14.3052
34 1.675 0.756095 15.4197
35 1.725 0.811719 16.6888
36 1.775 0.891705 18.1648
37 1.825 0.964561 19.8527
38 1.875 1.05597 21.8032
39 1.925 1.1161 23.9762
40 1.975 1.18601 26.4067
41 2.025 1.22372 29.0432
42 2.075 1.21575 31.7934
43 2.125 1.17346 34.5773
44 2.175 1.11981 37.3605
45 2.225 1.06228 40.1235
46 2.275 1.01958 42.896
47 2.325 0.963689 45.6329
48 2.375 0.934086 48.4011
49 2.425 0.9167 51.2333
50 2.475 0.88559 54.0834
67000 50
1 0.025 0 0
2 0.075 0 0
3 0.125 0 0
4 0.175 0 0
5 0.225 0 0
6 0.275 0 0
7 0.325 0 0
8 0.375 0 0
9 0.425 0 0
10 0.475 0 0
11 0.525 0 0
12 0.575 0 0
13 0.625 0 0
14 0.675 0 0
15 0.725 0 0
16 0.775 0 0
17 0.825 0 0
18 0.875 0.00776701 0.003125
19 0.925 0.279529 0.128809
20 0.975 1.33268 0.794531
21 1.025 2.2764 2.05127
22 1.075 2.46925 3.55068
23 1.125 2.16319 4.98926
24 1.175 1.75189 6.26016
25 1.225 1.41551 7.37627
26 1.275 1.13484 8.34561
27 1.325 0.934264 9.20742
28 1.375 0.824305 10.0263
29 1.425 0.738739 10.8145
30 1.475 0.698394 11.6128
31 1.525 0.677888 12.4411
32 1.575 0.690906 13.3416
33 1.625 0.706201 14.3214
34 1.675 0.748675 15.425
35 1.725 0.823338 16.7122
36 1.775 0.875127 18.1608
37 1.825 0.970755 19.8596
38 1.875 1.03461 21.7706
39 1.925 1.13109 23.9728
40 1.975 1.18839 26.4082
41 2.025 1.22531 29.048
42 2.075 1.2031 31.7696
43 2.125 1.18148 34.5727
44 2.175 1.13223 37.3867
45 2.225 1.06164 40.148
46 2.275 1.00892 42.8915
47 2.325 0.969603 45.6452
48 2.375 0.924233 48.3842
49 2.425 0.912243 51.2026
50 2.475 0.899063 54.0961
68000 50
1 0.025 0 0
2 0.075 0 0
3 0.125 0 0
4 0.175 0 0
5 0.225 0 0
6 0.275 0 0
7 0.325 0 0
8 0.375 0 0
9 0.425 0 0
10 0.475 0 0
11 0.525 0 0
12 0.575 0 0
13 0.625 0 0
14 0.675 0 0
15 0.725 0 0
16 0.775 0 0
17 0.825 0 0
18 0.875 0.0104369 0.00419922
19 0.925 0.273882 0.127344
20 0.975 1.29652 0.775
21 1.025 2.30984 2.0502
22 1.075 2.4723 3.55146
23 1.125 2.15658 4.98564
24 1.175 1.75607 6.25957
25 1.225 1.39409 7.35879
26 1.275 1.14902 8.34023
27 1.325 0.951097 9.21758
28 1.375 0.818898 10.0311
29 1.425 0.747618 10.8287
30 1.475 0.695233 11.6234
31 1.525 0.683402 12.4585
32 1.575 0.671424 13.3336
33 1.625 0.705286 14.3121
34 1.675 0.758678 15.4305
35 1.725 0.799851 16.681
36 1.775 0.88669 18.1487
37 1.825 0.96869 19.8438
38 1.875 1.06063 21.8029
39 1.925 1.13686 24.0163
40 1.975 1.17891 26.4323
41 2.025 1.19407 29.0049
42 2.075 1.21636 31.7564
43 2.125 1.17144 34.5356
44 2.175 1.12052 37.3206
45 2.225 1.07441 40.1151
46 2.275 1.02702 42.9078
47 2.325 0.969981 45.6626
48 2.375 0.93201 48.4246
49 2.425 0.905606 51.2226
50 2.475 0.897242 54.1102
