# Time-averaged data for fix 1
# TimeStep Number-of-rows
# Row c_RDF[1] c_RDF[2] c_RDF[3]
21000 50
1 0.025 0 0
2 0.075 0 0
3 0.125 0 0
4 0.175 0 0
5 0.225 0 0
6 0.275 0 0
7 0.325 0 0
8 0.375 0 0
9 0.425 0 0
10 0.475 0 0
11 0.525 0 0
12 0.575 0 0
13 0.625 0 0
14 0.675 0 0
15 0.725 0 0
16 0.775 0 0
17 0.825 0 0
18 0.875 0.000441516 0.000195313
19 0.925 0.120699 0.0598633
20 0.975 1.17868 0.707227
21 1.025 2.61375 2.29375
22 1.075 2.98537 4.28691
23 1.125 2.47539 6.09687
24 1.175 1.82822 7.55508
25 1.225 1.35829 8.73262
26 1.275 1.02104 9.6915
27 1.325 0.792635 10.4954
28 1.375 0.681501 11.2397
29 1.425 0.607215 11.9521
30 1.475 0.556493 12.6515
31 1.525 0.559565 13.4032
32 1.575 0.581507 14.2365
33 1.625 0.629052 15.1961
34 1.675 0.720101 16.3632
35 1.725 0.814802 17.7638
36 1.775 0.951498 19.4955
37 1.825 1.0692 21.5526
38 1.875 1.15648 23.9013
39 1.925 1.22365 26.5206
40 1.975 1.28825 29.4233
41 2.025 1.29872 32.4997
42 2.075 1.27631 35.6741
43 2.125 1.2316 38.8867
44 2.175 1.14171 42.0066
45 2.225 1.04918 45.007
46 2.275 0.946116 47.8356
47 2.325 0.894165 50.6277
48 2.375 0.837432 53.3563
49 2.425 0.810357 56.1091
50 2.475 0.813108 58.9862
22000 50
1 0.025 0 0
2 0.075 0 0
3 0.125 0 0
4 0.175 0 0
5 0.225 0 0
6 0.275 0 0
7 0.325 0 0
8 0.375 0 0
9 0.425 0 0
10 0.475 0 0
11 0.525 0 0
12 0.575 0 0
13 0.625 0 0
14 0.675 0 0
15 0.725 0 0
16 0.775 0 0
17 0.825 0 0
18 0.875 0.00110379 0.000488281
19 0.925 0.124452 0.0620117
20 0.975 1.14329 0.689941
21 1.025 2.66475 2.30742
22 1.075 3.00015 4.31045
23 1.125 2.44948 6.10146
24 1.175 1.82662 7.5584
25 1.225 1.33847 8.71875
26 1.275 1.02925 9.68535
27 1.325 0.79976 10.4965
28 1.375 0.669788 11.228
29 1.425 0.599473 11.9313
30 1.475 0.562476 12.6382
31 1.525 0.549025 13.3758
32 1.575 0.594592 14.2278
33 1.625 0.637183 15.1998
34 1.675 0.72697 16.378
35 1.725 0.816506 17.7815
36 1.775 0.956112 19.5217
37 1.825 1.05682 21.555
38 1.875 1.15484 23.9003
39 1.925 1.24386 26.5629
40 1.975 1.2762 29.4385
41 2.025 1.29848 32.5143
42 2.075 1.27082 35.675
43 2.125 1.21857 38.8536
44 2.175 1.14046 41.9701
45 2.225 1.04802 44.9672
46 2.275 0.951799 47.8128
47 2.325 0.889005 50.5888
48 2.375 0.845524 53.3438
49 2.425 0.813174 56.1061
50 2.475 0.816364 58.9947
23000 50
1 0.025 0 0
2 0.075 0 0
3 0.125 0 0
4 0.175 0 0
5 0.225 0 0
6 0.275 0 0
7 0.325 0 0
8 0.375 0 0
9 0.425 0 0
10 0.475 0 0
11 0.525 0 0
12 0.575 0 0
13 0.625 0 0
14 0.675 0 0
15 0.725 0 0
16 0.775 0 0
17 0.825 0 0
18 0.875 0.00176606 0.00078125
19 0.925 0.12702 0.0635742
20 0.975 1.15876 0.7
21 1.025 2.63402 2.29883
22 1.075 2.96431 4.27793
23 1.125 2.46404 6.07959
24 1.175 1.85209 7.55684
25 1.225 1.36674 8.7417
26 1.275 1.01397 9.69395
27 1.325 0.795042 10.5003
28 1.375 0.682217 11.2454
29 1.425 0.59248 11.9404
30 1.475 0.555794 12.639
31 1.525 0.559347 13.3904
32 1.575 0.572989 14.2115
33 1.625 0.640448 15.1885
34 1.675 0.717389 16.3512
35 1.725 0.822585 17.7651
36 1.775 0.945971 19.4868
37 1.825 1.08879 21.5816
38 1.875 1.16018 23.9378
39 1.925 1.22857 26.5677
40 1.975 1.28357 29.4599
41 2.025 1.28706 32.5086
42 2.075 1.26936 35.6657
43 2.125 1.22029 38.8488
44 2.175 1.14539 41.9788
45 2.225 1.04887 44.9783
46 2.275 0.96284 47.8569
47 2.325 0.887629 50.6286
48 2.375 0.831947 53.3394
49 2.425 0.816998 56.1146
50 2.475 0.8125 58.9896
24000 50
1 0.025 0 0
2 0.075 0 0
3 0.125 0 0
4 0.175 0 0
5 0.225 0 0
6 0.275 0 0
7 0.325 0 0
8 0.375 0 0
9 0.425 0 0
10 0.475 0 0
11 0.525 0 0
12 0.575 0 0
13 0.625 0 0
14 0.675 0 0
15 0.725 0 0
16 0.775 0 0
17 0.825 0 0
18 0.875 0.00110379 0.000488281
19 0.925 0.128996 0.0642578
20 0.975 1.13529 0.687793
21 1.025 2.64319 2.29219
22 1.075 3.00263 4.29688
23 1.125 2.42824 6.07236
24 1.175 1.86862 7.56279
25 1.225 1.36066 8.74238
26 1.275 1.00045 9.68193
27 1.325 0.810255 10.5037
28 1.375 0.673275 11.2391
29 1.425 0.606715 11.9508
30 1.475 0.55929 12.6537
31 1.525 0.565234 13.4131
32 1.575 0.585323 14.2519
33 1.625 0.617977 15.1945
34 1.675 0.721487 16.3639
35 1.725 0.817359 17.7688
36 1.775 0.940981 19.4814
37 1.825 1.06052 21.5219
38 1.875 1.17028 23.8985
39 1.925 1.22894 26.5292
40 1.975 1.2811 29.4158
41 2.025 1.30734 32.5126
42 2.075 1.26897 35.6688
43 2.125 1.22984 38.8768
44 2.175 1.14221 41.998
45 2.225 1.047 44.9922
46 2.275 0.957123 47.8537
47 2.325 0.885877 50.6199
48 2.375 0.844326 53.371
49 2.425 0.814065 56.1363
50 2.475 0.808416 58.9969
25000 50
1 0.025 0 0
2 0.075 0 0
3 0.125 0 0
4 0.175 0 0
5 0.225 0 0
6 0.275 0 0
7 0.325 0 0
8 0.375 0 0
9 0.425 0 0
10 0.475 0 0
11 0.525 0 0
12 0.575 0 0
13 0.625 0 0
14 0.675 0 0
15 0.725 0 0
16 0.775 0 0
17 0.825 0 0
18 0.875 0.000662274 0.000292969
19 0.925 0.12465 0.0619141
20 0.975 1.1721 0.705664
21 1.025 2.6152 2.29307
22 1.075 2.98713 4.2874
23 1.125 2.45723 6.08408
24 1.175 1.83275 7.5459
25 1.225 1.35244 8.71836
26 1.275 1.01449 9.67109
27 1.325 0.818728 10.5015
28 1.375 0.682664 11.2471
29 1.425 0.60172 11.9529
30 1.475 0.565273 12.6634
31 1.525 0.565234 13.4228
32 1.575 0.576873 14.2494
33 1.625 0.630333 15.2109
34 1.675 0.711243 16.3637
35 1.725 0.819006 17.7715
36 1.775 0.940391 19.483
37 1.825 1.06712 21.5361
38 1.875 1.16201 23.896
39 1.925 1.23496 26.5396
40 1.975 1.28561 29.4363
41 2.025 1.29646 32.5073
42 2.075 1.26826 35.6617
43 2.125 1.23194 38.8752
44 2.175 1.14061 41.9921
45 2.225 1.04122 44.9697
46 2.275 0.96836 47.8648
47 2.325 0.881405 50.6171
48 2.375 0.846633 53.3757
49 2.425 0.815647 56.1464
50 2.475 0.803945 58.9911
26000 50
1 0.025 0 0
2 0.075 0 0
3 0.125 0 0
4 0.175 0 0
5 0.225 0 0
6 0.275 0 0
7 0.325 0 0
8 0.375 0 0
9 0.425 0 0
10 0.475 0 0
11 0.525 0 0
12 0.575 0 0
13 0.625 0 0
14 0.675 0 0
15 0.725 0 0
16 0.775 0 0
17 0.825 0 0
18 0.875 0.00110379 0.000488281
19 0.925 0.131366 0.0654297
20 0.975 1.15521 0.699902
21 1.025 2.61246 2.28564
22 1.075 2.98625 4.27939
23 1.125 2.47806 6.09131
24 1.175 1.84964 7.5666
25 1.225 1.35165 8.73838
26 1.275 1.0252 9.70117
27 1.325 0.8013 10.5139
28 1.375 0.673991 11.25
29 1.425 0.597142 11.9505
30 1.475 0.554939 12.6479
31 1.525 0.556148 13.3951
32 1.575 0.572307 14.2152
33 1.625 0.632317 15.1798
34 1.675 0.712388 16.3344
35 1.725 0.826676 17.7554
36 1.775 0.948547 19.4817
37 1.825 1.07808 21.556
38 1.875 1.15797 23.9076
39 1.925 1.23852 26.5588
40 1.975 1.27148 29.4237
41 2.025 1.30301 32.5103
42 2.075 1.28287 35.701
43 2.125 1.21846 38.8793
44 2.175 1.13796 41.989
45 2.225 1.04348 44.973
46 2.275 0.968654 47.869
47 2.325 0.888192 50.6425
48 2.375 0.836203 53.3671
49 2.425 0.812139 56.1259
50 2.475 0.809437 58.99
27000 50
1 0.025 0 0
2 0.075 0 0
3 0.125 0 0
4 0.175 0 0
5 0.225 0 0
6 0.275 0 0
7 0.325 0 0
8 0.375 0 0
9 0.425 0 0
10 0.475 0 0
11 0.525 0 0
12 0.575 0 0
13 0.625 0 0
14 0.675 0 0
15 0.725 0 0
16 0.775 0 0
17 0.825 0 0
18 0.875 0.00110379 0.000488281
19 0.925 0.12702 0.0632812
20 0.975 1.15147 0.695703
21 1.025 2.65944 2.30996
22 1.075 2.96212 4.2876
23 1.125 2.44961 6.07871
24 1.175 1.83385 7.54141
25 1.225 1.37035 8.72939
26 1.275 1.00284 9.67119
27 1.325 0.811603 10.4943
28 1.375 0.676315 11.233
29 1.425 0.601138 11.9382
30 1.475 0.560766 12.643
31 1.525 0.560364 13.3958
32 1.575 0.577078 14.2228
33 1.625 0.640576 15.1999
34 1.675 0.724017 16.3733
35 1.725 0.825312 17.792
36 1.775 0.955844 19.5316
37 1.825 1.06128 21.5735
38 1.875 1.15619 23.9216
39 1.925 1.22898 26.5523
40 1.975 1.28513 29.448
41 2.025 1.28351 32.4884
42 2.075 1.27408 35.6572
43 2.125 1.23078 38.8677
44 2.175 1.13517 41.9697
45 2.225 1.03757 44.9369
46 2.275 0.964016 47.819
47 2.325 0.889255 50.5958
48 2.375 0.837942 53.3261
49 2.425 0.819528 56.11
50 2.475 0.812335 58.9844
28000 50
1 0.025 0 0
2 0.075 0 0
3 0.125 0 0
4 0.175 0 0
5 0.225 0 0
6 0.275 0 0
7 0.325 0 0
8 0.375 0 0
9 0.425 0 0
10 0.475 0 0
11 0.525 0 0
12 0.575 0 0
13 0.625 0 0
14 0.675 0 0
15 0.725 0 0
16 0.775 0 0
17 0.825 0 0
18 0.875 0.000220758 9.76563e-05
19 0.925 0.126428 0.0625977
20 0.975 1.18028 0.71084
21 1.025 2.62533 2.30439
22 1.075 2.97353 4.28965
23 1.125 2.45602 6.08545
24 1.175 1.84168 7.55439
25 1.225 1.34151 8.71738
26 1.275 1.02717 9.68203
27 1.325 0.798316 10.4917
28 1.375 0.684362 11.2392
29 1.425 0.60247 11.9459
30 1.475 0.56131 12.6514
31 1.525 0.562908 13.4076
32 1.575 0.579599 14.2382
33 1.625 0.626299 15.1936
34 1.675 0.726307 16.3707
35 1.725 0.825028 17.7889
36 1.775 0.955307 19.5275
37 1.825 1.05534 21.558
38 1.875 1.1585 23.9107
39 1.925 1.22657 26.5363
40 1.975 1.27954 29.4194
41 2.025 1.29955 32.4978
42 2.075 1.28322 35.6894
43 2.125 1.20906 38.8432
44 2.175 1.14747 41.9788
45 2.225 1.04577 44.9694
46 2.275 0.960096 47.8398
47 2.325 0.887316 50.6105
48 2.375 0.84999 53.3801
49 2.425 0.810874 56.1346
50 2.475 0.807809 58.993
29000 50
1 0.025 0 0
2 0.075 0 0
3 0.125 0 0
4 0.175 0 0
5 0.225 0 0
6 0.275 0 0
7 0.325 0 0
8 0.375 0 0
9 0.425 0 0
10 0.475 0 0
11 0.525 0 0
12 0.575 0 0
13 0.625 0 0
14 0.675 0 0
15 0.725 0 0
16 0.775 0 0
17 0.825 0 0
18 0.875 0.000662274 0.000292969
19 0.925 0.130773 0.0649414
20 0.975 1.14365 0.693066
21 1.025 2.61809 2.28223
22 1.075 3.00483 4.28838
23 1.125 2.48474 6.10518
24 1.175 1.83507 7.56885
25 1.225 1.33227 8.72383
26 1.275 1.01158 9.67383
27 1.325 0.813914 10.4993
28 1.375 0.676405 11.2381
29 1.425 0.611877 11.9559
30 1.475 0.559679 12.6593
31 1.525 0.554913 13.4048
32 1.575 0.577214 14.2319
33 1.625 0.63475 15.2002
34 1.675 0.712931 16.3557
35 1.725 0.822415 17.7693
36 1.775 0.944791 19.4889
37 1.825 1.07042 21.5483
38 1.875 1.1634 23.911
39 1.925 1.23382 26.5521
40 1.975 1.27586 29.427
41 2.025 1.28429 32.4691
42 2.075 1.29182 35.6821
43 2.125 1.21906 38.862
44 2.175 1.14178 41.9821
45 2.225 1.04918 44.9825
46 2.275 0.961108 47.856
47 2.325 0.884939 50.6192
48 2.375 0.84007 53.3564
49 2.425 0.822805 56.1515
50 2.475 0.804718 58.9989
30000 50
1 0.025 0 0
2 0.075 0 0
3 0.125 0 0
4 0.175 0 0
5 0.225 0 0
6 0.275 0 0
7 0.325 0 0
8 0.375 0 0
9 0.425 0 0
10 0.475 0 0
11 0.525 0 0
12 0.575 0 0
13 0.625 0 0
14 0.675 0 0
15 0.725 0 0
16 0.775 0 0
17 0.825 0 0
18 0.875 0.000662274 0.000292969
19 0.925 0.123267 0.0612305
20 0.975 1.15894 0.697754
21 1.025 2.63177 2.29521
22 1.075 2.98786 4.29004
23 1.125 2.4786 6.10234
24 1.175 1.83213 7.56367
25 1.225 1.34849 8.73271
26 1.275 1.00482 9.67637
27 1.325 0.807463 10.4953
28 1.375 0.668805 11.2258
29 1.425 0.603302 11.9335
30 1.475 0.577861 12.6598
31 1.525 0.554622 13.4049
32 1.575 0.579735 14.2356
33 1.625 0.637695 15.2084
34 1.675 0.708351 16.3564
35 1.725 0.81912 17.7645
36 1.775 0.938835 19.4731
37 1.825 1.07717 21.5456
38 1.875 1.16461 23.9107
39 1.925 1.23482 26.554
40 1.975 1.28569 29.451
41 2.025 1.29609 32.5211
42 2.075 1.27557 35.6937
43 2.125 1.22119 38.8791
44 2.175 1.13732 41.987
45 2.225 1.04461 44.9743
46 2.275 0.958855 47.841
47 2.325 0.889067 50.6172
48 2.375 0.835124 53.3383
49 2.425 0.814324 56.1045
50 2.475 0.813577 58.9833
31000 50
1 0.025 0 0
2 0.075 0 0
3 0.125 0 0
4 0.175 0 0
5 0.225 0 0
6 0.275 0 0
7 0.325 0 0
8 0.375 0 0
9 0.425 0 0
10 0.475 0 0
11 0.525 0 0
12 0.575 0 0
13 0.625 0 0
14 0.675 0 0
15 0.725 0 0
16 0.775 0 0
17 0.825 0 0
18 0.875 0.000220758 9.76563e-05
19 0.925 0.118723 0.0587891
20 0.975 1.15681 0.694141
21 1.025 2.63627 2.29434
22 1.075 2.98157 4.28496
23 1.125 2.45522 6.08018
24 1.175 1.85295 7.55811
25 1.225 1.34309 8.72246
26 1.275 1.02364 9.68379
27 1.325 0.798893 10.494
28 1.375 0.685257 11.2425
29 1.425 0.59889 11.945
30 1.475 0.558358 12.6468
31 1.525 0.561309 13.4009
32 1.575 0.583688 14.2373
33 1.625 0.634302 15.2049
34 1.675 0.721788 16.3747
35 1.725 0.811905 17.7703
36 1.775 0.948815 19.4972
37 1.825 1.06788 21.5518
38 1.875 1.15374 23.8948
39 1.925 1.23076 26.5294
40 1.975 1.27997 29.4135
41 2.025 1.29864 32.4896
42 2.075 1.28491 35.6854
43 2.125 1.22711 38.8863
44 2.175 1.13767 41.9952
45 2.225 1.04297 44.9778
46 2.275 0.965518 47.8645
47 2.325 0.884595 50.6267
48 2.375 0.841898 53.3698
49 2.425 0.811421 56.1262
50 2.475 0.805794 58.9774
32000 50
1 0.025 0 0
2 0.075 0 0
3 0.125 0 0
4 0.175 0 0
5 0.225 0 0
6 0.275 0 0
7 0.325 0 0
8 0.375 0 0
9 0.425 0 0
10 0.475 0 0
11 0.525 0 0
12 0.575 0 0
13 0.625 0 0
14 0.675 0 0
15 0.725 0 0
16 0.775 0 0
17 0.825 0 0
18 0.875 0.000883032 0.000390625
19 0.925 0.119316 0.059375
20 0.975 1.14916 0.690527
21 1.025 2.62276 2.28252
22 1.075 2.98479 4.27529
23 1.125 2.50491 6.10684
24 1.175 1.82907 7.56572
25 1.225 1.35784 8.74287
26 1.275 1.01574 9.69678
27 1.325 0.803419 10.5116
28 1.375 0.666659 11.2397
29 1.425 0.604218 11.9485
30 1.475 0.553773 12.6445
31 1.525 0.550842 13.3846
32 1.575 0.587436 14.2264
33 1.625 0.634302 15.1939
34 1.675 0.714196 16.3515
35 1.725 0.810939 17.7454
36 1.775 0.951981 19.478
37 1.825 1.08148 21.5588
38 1.875 1.16177 23.9182
39 1.925 1.23752 26.5672
40 1.975 1.2749 29.4398
41 2.025 1.29192 32.5001
42 2.075 1.27329 35.667
43 2.125 1.22823 38.8708
44 2.175 1.14407 41.9972
45 2.225 1.04044 44.9726
46 2.275 0.956666 47.8327
47 2.325 0.899138 50.6403
48 2.375 0.843396 53.3884
49 2.425 0.807108 56.1301
50 2.475 0.809437 58.9942
33000 50
1 0.025 0 0
2 0.075 0 0
3 0.125 0 0
4 0.175 0 0
5 0.225 0 0
6 0.275 0 0
7 0.325 0 0
8 0.375 0 0
9 0.425 0 0
10 0.475 0 0
11 0.525 0 0
12 0.575 0 0
13 0.625 0 0
14 0.675 0 0
15 0.725 0 0
16 0.775 0 0
17 0.825 0 0
18 0.875 0.00132455 0.000585937
19 0.925 0.125637 0.0626953
20 0.975 1.16463 0.702344
21 1.025 2.62581 2.29619
22 1.075 2.96636 4.27666
23 1.125 2.4611 6.07617
24 1.175 1.84597 7.54854
25 1.225 1.35796 8.72578
26 1.275 1.00835 9.67275
27 1.325 0.814107 10.4984
28 1.375 0.684094 11.2456
29 1.425 0.60555 11.956
30 1.475 0.560611 12.6605
31 1.525 0.561164 13.4145
32 1.575 0.580485 14.2463
33 1.625 0.630589 15.2082
34 1.675 0.726548 16.3857
35 1.725 0.817245 17.7905
36 1.775 0.943771 19.5082
37 1.825 1.04672 21.5221
38 1.875 1.1749 23.9081
39 1.925 1.23537 26.5525
40 1.975 1.27131 29.4171
41 2.025 1.28801 32.4681
42 2.075 1.2771 35.6444
43 2.125 1.2319 38.8578
44 2.175 1.14078 41.9752
45 2.225 1.04621 44.9671
46 2.275 0.962415 47.8444
47 2.325 0.899106 50.652
48 2.375 0.841688 53.3944
49 2.425 0.810961 56.1492
50 2.475 0.812997 59.026
34000 50
1 0.025 0 0
2 0.075 0 0
3 0.125 0 0
4 0.175 0 0
5 0.225 0 0
6 0.275 0 0
7 0.325 0 0
8 0.375 0 0
9 0.425 0 0
10 0.475 0 0
11 0.525 0 0
12 0.575 0 0
13 0.625 0 0
14 0.675 0 0
15 0.725 0 0
16 0.775 0 0
17 0.825 0 0
18 0.875 0.000220758 9.76563e-05
19 0.925 0.116748 0.0578125
20 0.975 1.17299 0.702051
21 1.025 2.64271 2.30615
22 1.075 2.96373 4.28486
23 1.125 2.47365 6.09355
24 1.175 1.81218 7.53896
25 1.225 1.35052 8.70977
26 1.275 1.01438 9.6624
27 1.325 0.821136 10.4952
28 1.375 0.681859 11.2399
29 1.425 0.612626 11.9586
30 1.475 0.55354 12.6543
31 1.525 0.564944 13.4133
32 1.575 0.575169 14.2375
33 1.625 0.638527 15.2115
34 1.675 0.715341 16.3709
35 1.725 0.822244 17.7843
36 1.775 0.947312 19.5084
37 1.825 1.06438 21.5562
38 1.875 1.15662 23.9052
39 1.925 1.23697 26.553
40 1.975 1.28054 29.4384
41 2.025 1.29336 32.5021
42 2.075 1.26426 35.6465
43 2.125 1.23478 38.8674
44 2.175 1.14661 42.0007
45 2.225 1.04341 44.9846
46 2.275 0.953596 47.8355
47 2.325 0.885815 50.6016
48 2.375 0.837762 53.3312
49 2.425 0.816394 56.1045
50 2.475 0.81802 58.999
35000 50
1 0.025 0 0
2 0.075 0 0
3 0.125 0 0
4 0.175 0 0
5 0.225 0 0
6 0.275 0 0
7 0.325 0 0
8 0.375 0 0
9 0.425 0 0
10 0.475 0 0
11 0.525 0 0
12 0.575 0 0
13 0.625 0 0
14 0.675 0 0
15 0.725 0 0
16 0.775 0 0
17 0.825 0 0
18 0.875 0.00110379 0.000488281
19 0.925 0.12623 0.0628906
20 0.975 1.14738 0.693066
21 1.025 2.6263 2.28721
22 1.075 2.99225 4.28496
23 1.125 2.50731 6.11826
24 1.175 1.8112 7.56289
25 1.225 1.34658 8.73027
26 1.275 1.01418 9.68271
27 1.325 0.794464 10.4885
28 1.375 0.677746 11.2287
29 1.425 0.60247 11.9354
30 1.475 0.56706 12.6481
31 1.525 0.561745 13.4028
32 1.575 0.579326 14.233
33 1.625 0.626043 15.188
34 1.675 0.711725 16.3415
35 1.725 0.834743 17.7764
36 1.775 0.952463 19.5099
37 1.825 1.07215 21.5727
38 1.875 1.15302 23.9143
39 1.925 1.22958 26.5463
40 1.975 1.27668 29.4229
41 2.025 1.29134 32.4818
42 2.075 1.28271 35.6722
43 2.125 1.23081 38.8827
44 2.175 1.13703 41.9898
45 2.225 1.0457 44.9803
46 2.275 0.962088 47.8566
47 2.325 0.885252 50.6209
48 2.375 0.841029 53.3612
49 2.425 0.809264 56.1103
50 2.475 0.805159 58.9593
36000 50
1 0.025 0 0
2 0.075 0 0
3 0.125 0 0
4 0.175 0 0
5 0.225 0 0
6 0.275 0 0
7 0.325 0 0
8 0.375 0 0
9 0.425 0 0
10 0.475 0 0
11 0.525 0 0
12 0.575 0 0
13 0.625 0 0
14 0.675 0 0
15 0.725 0 0
16 0.775 0 0
17 0.825 0 0
18 0.875 0.000220758 9.76563e-05
19 0.925 0.121687 0.0602539
20 0.975 1.15556 0.694922
21 1.025 2.63289 2.29307
22 1.075 2.96475 4.27246
23 1.125 2.5232 6.11738
24 1.175 1.81707 7.5667
25 1.225 1.3334 8.72266
26 1.275 1.02665 9.68682
27 1.325 0.801686 10.4999
28 1.375 0.659059 11.2197
29 1.425 0.608214 11.9332
30 1.475 0.570557 12.6503
31 1.525 0.555857 13.3971
32 1.575 0.583143 14.2327
33 1.625 0.638271 15.2063
34 1.675 0.721969 16.3765
35 1.725 0.816222 17.7795
36 1.775 0.947903 19.5047
37 1.825 1.06402 21.5519
38 1.875 1.1698 23.9275
39 1.925 1.2247 26.5491
40 1.975 1.28708 29.4492
41 2.025 1.28104 32.4837
42 2.075 1.27694 35.6597
43 2.125 1.2307 38.8699
44 2.175 1.13843 41.9809
45 2.225 1.04891 44.9805
46 2.275 0.958593 47.8464
47 2.325 0.886815 50.6155
48 2.375 0.84004 53.3526
49 2.425 0.811421 56.109
50 2.475 0.815398 58.9942
37000 50
1 0.025 0 0
2 0.075 0 0
3 0.125 0 0
4 0.175 0 0
5 0.225 0 0
6 0.275 0 0
7 0.325 0 0
8 0.375 0 0
9 0.425 0 0
10 0.475 0 0
11 0.525 0 0
12 0.575 0 0
13 0.625 0 0
14 0.675 0 0
15 0.725 0 0
16 0.775 0 0
17 0.825 0 0
18 0.875 0.000662274 0.000292969
19 0.925 0.125637 0.0624023
20 0.975 1.15805 0.698438
21 1.025 2.64287 2.30264
22 1.075 2.96914 4.28496
23 1.125 2.45469 6.07979
24 1.175 1.85111 7.55625
25 1.225 1.34241 8.72002
26 1.275 1.02749 9.68496
27 1.325 0.811122 10.5076
28 1.375 0.675958 11.2459
29 1.425 0.597725 11.9471
30 1.475 0.561233 12.6524
31 1.525 0.550333 13.3918
32 1.575 0.579122 14.2217
33 1.625 0.635326 15.1908
34 1.675 0.721065 16.3595
35 1.725 0.819688 17.7685
36 1.775 0.945112 19.4886
37 1.825 1.07225 21.5516
38 1.875 1.16908 23.9258
39 1.925 1.23656 26.5728
40 1.975 1.27161 29.438
41 2.025 1.30441 32.5278
42 2.075 1.2769 35.7037
43 2.125 1.21359 38.8693
44 2.175 1.13671 41.9756
45 2.225 1.04703 44.9698
46 2.275 0.962807 47.8483
47 2.325 0.888348 50.6223
48 2.375 0.846334 53.3799
49 2.425 0.810616 56.1335
50 2.475 0.812445 59.0083
38000 50
1 0.025 0 0
2 0.075 0 0
3 0.125 0 0
4 0.175 0 0
5 0.225 0 0
6 0.275 0 0
7 0.325 0 0
8 0.375 0 0
9 0.425 0 0
10 0.475 0 0
11 0.525 0 0
12 0.575 0 0
13 0.625 0 0
14 0.675 0 0
15 0.725 0 0
16 0.775 0 0
17 0.825 0 0
18 0.875 0.000662274 0.000292969
19 0.925 0.128205 0.0636719
20 0.975 1.17459 0.708789
21 1.025 2.60972 2.29287
22 1.075 2.99956 4.29551
23 1.125 2.46297 6.09639
24 1.175 1.82173 7.54941
25 1.225 1.35548 8.72451
26 1.275 1.01594 9.67861
27 1.325 0.80987 10.5
28 1.375 0.67256 11.2346
29 1.425 0.594728 11.9322
30 1.475 0.56232 12.639
31 1.525 0.563417 13.3959
32 1.575 0.588799 14.2396
33 1.625 0.628668 15.1986
34 1.675 0.716064 16.3592
35 1.725 0.814688 17.7596
36 1.775 0.941786 19.4736
37 1.825 1.07204 21.5362
38 1.875 1.17807 23.9287
39 1.925 1.23323 26.5686
40 1.975 1.28981 29.4748
41 2.025 1.28009 32.507
42 2.075 1.26618 35.6562
43 2.125 1.22392 38.8488
44 2.175 1.147 41.9832
45 2.225 1.04741 44.9785
46 2.275 0.960128 47.849
47 2.325 0.878966 50.5937
48 2.375 0.83923 53.3281
49 2.425 0.815675 56.0989
50 2.475 0.811728 58.9712
39000 50
1 0.025 0 0
2 0.075 0 0
3 0.125 0 0
4 0.175 0 0
5 0.225 0 0
6 0.275 0 0
7 0.325 0 0
8 0.375 0 0
9 0.425 0 0
10 0.475 0 0
11 0.525 0 0
12 0.575 0 0
13 0.625 0 0
14 0.675 0 0
15 0.725 0 0
16 0.775 0 0
17 0.825 0 0
18 0.875 0.000220758 9.76563e-05
19 0.925 0.126625 0.0626953
20 0.975 1.16943 0.70498
21 1.025 2.62227 2.29668
22 1.075 2.96212 4.27432
23 1.125 2.49262 6.09687
24 1.175 1.84328 7.56709
25 1.225 1.34523 8.7333
26 1.275 1.01345 9.68506
27 1.325 0.802937 10.4994
28 1.375 0.681591 11.2438
29 1.425 0.59889 11.9464
30 1.475 0.564962 12.6564
31 1.525 0.556875 13.4046
32 1.575 0.572852 14.2255
33 1.625 0.630909 15.1879
34 1.675 0.702145 16.3259
35 1.725 0.823267 17.741
36 1.775 0.95858 19.4856
37 1.825 1.07022 21.5447
38 1.875 1.16836 23.9175
39 1.925 1.23254 26.5559
40 1.975 1.28158 29.4436
41 2.025 1.29679 32.5153
42 2.075 1.28409 35.7091
43 2.125 1.22179 38.8961
44 2.175 1.13249 41.9908
45 2.225 1.04058 44.9666
46 2.275 0.952648 47.8147
47 2.325 0.889974 50.5938
48 2.375 0.843037 53.3406
49 2.425 0.818263 56.1202
50 2.475 0.803862 58.9646
40000 50
1 0.025 0 0
2 0.075 0 0
3 0.125 0 0
4 0.175 0 0
5 0.225 0 0
6 0.275 0 0
7 0.325 0 0
8 0.375 0 0
9 0.425 0 0
10 0.475 0 0
11 0.525 0 0
12 0.575 0 0
13 0.625 0 0
14 0.675 0 0
15 0.725 0 0
16 0.775 0 0
17 0.825 0 0
18 0.875 0.000883032 0.000390625
19 0.925 0.124057 0.0617188
20 0.975 1.15414 0.695605
21 1.025 2.63675 2.29609
22 1.075 2.99634 4.29658
23 1.125 2.46871 6.10166
24 1.175 1.84768 7.57539
25 1.225 1.32912 8.72764
26 1.275 0.99889 9.66572
27 1.325 0.798219 10.4753
28 1.375 0.682664 11.2209
29 1.425 0.607381 11.9334
30 1.475 0.555327 12.6313
31 1.525 0.567706 13.394
32 1.575 0.585051 14.2324
33 1.625 0.643264 15.2137
34 1.675 0.724861 16.3885
35 1.725 0.825767 17.8079
36 1.775 0.953429 19.5432
37 1.825 1.05819 21.5791
38 1.875 1.16441 23.9438
39 1.925 1.2252 26.5665
40 1.975 1.26316 29.4127
41 2.025 1.29407 32.478
42 2.075 1.28016 35.662
43 2.125 1.22052 38.8457
44 2.175 1.14003 41.961
45 2.225 1.04484 44.949
46 2.275 0.953302 47.7991
47 2.325 0.891006 50.5813
48 2.375 0.848941 53.3475
49 2.425 0.816337 56.1205
50 2.475 0.81377 59
41000 50
1 0.025 0 0
2 0.075 0 0
3 0.125 0 0
4 0.175 0 0
5 0.225 0 0
6 0.275 0 0
7 0.325 0 0
8 0.375 0 0
9 0.425 0 0
10 0.475 0 0
11 0.525 0 0
12 0.575 0 0
13 0.625 0 0
14 0.675 0 0
15 0.725 0 0
16 0.775 0 0
17 0.825 0 0
18 0.875 0.000662274 0.000292969
19 0.925 0.115958 0.0576172
20 0.975 1.15396 0.691406
21 1.025 2.62565 2.28516
22 1.075 2.9845 4.27773
23 1.125 2.47432 6.08691
24 1.175 1.84487 7.5584
25 1.225 1.36494 8.7417
26 1.275 1.02322 9.70264
27 1.325 0.806018 10.5201
28 1.375 0.679355 11.2621
29 1.425 0.589566 11.9537
30 1.475 0.556726 12.6534
31 1.525 0.554113 13.3979
32 1.575 0.571081 14.2162
33 1.625 0.638015 15.1895
34 1.675 0.715883 16.3497
35 1.725 0.826335 17.7701
36 1.775 0.944093 19.4884
37 1.825 1.0759 21.5584
38 1.875 1.16393 23.9222
39 1.925 1.22041 26.5346
40 1.975 1.27352 29.4041
41 2.025 1.29456 32.4706
42 2.075 1.2855 35.6679
43 2.125 1.22437 38.8616
44 2.175 1.14643 41.9944
45 2.225 1.04689 44.9883
46 2.275 0.958626 47.8543
47 2.325 0.890475 50.6349
48 2.375 0.846064 53.3916
49 2.425 0.80662 56.1316
50 2.475 0.810403 58.9992
42000 50
1 0.025 0 0
2 0.075 0 0
3 0.125 0 0
4 0.175 0 0
5 0.225 0 0
6 0.275 0 0
7 0.325 0 0
8 0.375 0 0
9 0.425 0 0
10 0.475 0 0
11 0.525 0 0
12 0.575 0 0
13 0.625 0 0
14 0.675 0 0
15 0.725 0 0
16 0.775 0 0
17 0.825 0 0
18 0.875 0.00110379 0.000488281
19 0.925 0.12623 0.0628906
20 0.975 1.16125 0.700684
21 1.025 2.59557 2.27617
22 1.075 2.97967 4.26553
23 1.125 2.48968 6.08594
24 1.175 1.8483 7.56016
25 1.225 1.34849 8.7292
26 1.275 1.01948 9.68662
27 1.325 0.808137 10.5062
28 1.375 0.679355 11.2482
29 1.425 0.606049 11.9592
30 1.475 0.560766 12.664
31 1.525 0.55862 13.4145
32 1.575 0.582461 14.2491
33 1.625 0.623098 15.1996
34 1.675 0.718052 16.3634
35 1.725 0.814916 17.7642
36 1.775 0.942913 19.4803
37 1.825 1.06626 21.5317
38 1.875 1.16696 23.9017
39 1.925 1.23373 26.5426
40 1.975 1.2756 29.4168
41 2.025 1.30099 32.4985
42 2.075 1.27678 35.6741
43 2.125 1.231 38.8852
44 2.175 1.13049 41.9744
45 2.225 1.04461 44.9617
46 2.275 0.963428 47.8421
47 2.325 0.892226 50.6281
48 2.375 0.83995 53.3649
49 2.425 0.81625 56.1377
50 2.475 0.813246 59.0153
43000 50
1 0.025 0 0
2 0.075 0 0
3 0.125 0 0
4 0.175 0 0
5 0.225 0 0
6 0.275 0 0
7 0.325 0 0
8 0.375 0 0
9 0.425 0 0
10 0.475 0 0
11 0.525 0 0
12 0.575 0 0
13 0.625 0 0
14 0.675 0 0
15 0.725 0 0
16 0.775 0 0
17 0.825 0 0
18 0.875 0.000662274 0.000292969
19 0.925 0.118131 0.0586914
20 0.975 1.16516 0.698633
21 1.025 2.64158 2.30205
22 1.075 3.00015 4.30508
23 1.125 2.45282 6.09854
24 1.175 1.83654 7.56338
25 1.225 1.32518 8.71221
26 1.275 1.01875 9.66895
27 1.325 0.803996 10.4844
28 1.375 0.671219 11.2175
29 1.425 0.598058 11.919
30 1.475 0.572033 12.638
31 1.525 0.570177 13.404
32 1.575 0.578645 14.2332
33 1.625 0.635454 15.2025
34 1.675 0.71745 16.3653
35 1.725 0.819972 17.7748
36 1.775 0.942805 19.4907
37 1.825 1.08326 21.5749
38 1.875 1.16788 23.9467
39 1.925 1.22812 26.5756
40 1.975 1.26845 29.4337
41 2.025 1.29369 32.4981
42 2.075 1.28252 35.688
43 2.125 1.21876 38.8671
44 2.175 1.14075 41.9844
45 2.225 1.04542 44.974
46 2.275 0.95144 47.8186
47 2.325 0.884126 50.5793
48 2.375 0.841688 53.3218
49 2.425 0.810328 56.0744
50 2.475 0.816861 58.9648
44000 50
1 0.025 0 0
2 0.075 0 0
3 0.125 0 0
4 0.175 0 0
5 0.225 0 0
6 0.275 0 0
7 0.325 0 0
8 0.375 0 0
9 0.425 0 0
10 0.475 0 0
11 0.525 0 0
12 0.575 0 0
13 0.625 0 0
14 0.675 0 0
15 0.725 0 0
16 0.775 0 0
17 0.825 0 0
18 0.875 0 0
19 0.925 0.12781 0.0631836
20 0.975 1.15343 0.69668
21 1.025 2.6596 2.31104
22 1.075 2.94442 4.27686
23 1.125 2.48087 6.09082
24 1.175 1.85576 7.571
25 1.225 1.3281 8.72236
26 1.275 1.03986 9.69893
27 1.325 0.796679 10.5069
28 1.375 0.669699 11.2384
29 1.425 0.594644 11.9359
30 1.475 0.565273 12.6464
31 1.525 0.560728 13.3997
32 1.575 0.575851 14.2249
33 1.625 0.629692 15.1854
34 1.675 0.712388 16.34
35 1.725 0.82037 17.7502
36 1.775 0.962819 19.5025
37 1.825 1.06859 21.5585
38 1.875 1.17148 23.9376
39 1.925 1.23715 26.5858
40 1.975 1.26008 29.4251
41 2.025 1.30305 32.5117
42 2.075 1.27325 35.6785
43 2.125 1.22984 38.8865
44 2.175 1.13146 41.9784
45 2.225 1.04105 44.9556
46 2.275 0.96101 47.8287
47 2.325 0.890881 50.6105
48 2.375 0.836023 53.3346
49 2.425 0.810127 56.0865
50 2.475 0.809879 58.9522
45000 50
1 0.025 0 0
2 0.075 0 0
3 0.125 0 0
4 0.175 0 0
5 0.225 0 0
6 0.275 0 0
7 0.325 0 0
8 0.375 0 0
9 0.425 0 0
10 0.475 0 0
11 0.525 0 0
12 0.575 0 0
13 0.625 0 0
14 0.675 0 0
15 0.725 0 0
16 0.775 0 0
17 0.825 0 0
18 0.875 0.000883032 0.000390625
19 0.925 0.125637 0.0625
20 0.975 1.16676 0.70332
21 1.025 2.63547 2.30303
22 1.075 2.97543 4.28955
23 1.125 2.46631 6.09287
24 1.175 1.8374 7.5584
25 1.225 1.35232 8.73076
26 1.275 1.00149 9.67129
27 1.325 0.818921 10.5019
28 1.375 0.678282 11.2427
29 1.425 0.601138 11.9479
30 1.475 0.552375 12.6421
31 1.525 0.560001 13.3944
32 1.575 0.579667 14.2251
33 1.625 0.632893 15.1905
34 1.675 0.720342 16.358
35 1.725 0.824062 17.7745
36 1.775 0.951873 19.5069
37 1.825 1.06641 21.5587
38 1.875 1.15513 23.9046
39 1.925 1.24331 26.566
40 1.975 1.2648 29.4159
41 2.025 1.29872 32.4923
42 2.075 1.27729 35.6691
43 2.125 1.22774 38.8717
44 2.175 1.13792 41.9813
45 2.225 1.05044 44.9853
46 2.275 0.96137 47.8595
47 2.325 0.888317 50.6333
48 2.375 0.837972 53.3637
49 2.425 0.817458 56.1405
50 2.475 0.810127 59.0071
46000 50
1 0.025 0 0
2 0.075 0 0
3 0.125 0 0
4 0.175 0 0
5 0.225 0 0
6 0.275 0 0
7 0.325 0 0
8 0.375 0 0
9 0.425 0 0
10 0.475 0 0
11 0.525 0 0
12 0.575 0 0
13 0.625 0 0
14 0.675 0 0
15 0.725 0 0
16 0.775 0 0
17 0.825 0 0
18 0.875 0.000662274 0.000292969
19 0.925 0.133737 0.0664062
20 0.975 1.16018 0.703613
21 1.025 2.58398 2.27207
22 1.075 2.98742 4.2666
23 1.125 2.48634 6.08457
24 1.175 1.85038 7.56045
25 1.225 1.36708 8.74561
26 1.275 1.02187 9.70527
27 1.325 0.796679 10.5133
28 1.375 0.673275 11.2486
29 1.425 0.602553 11.9555
30 1.475 0.558902 12.6579
31 1.525 0.555712 13.4045
32 1.575 0.580008 14.2356
33 1.625 0.625147 15.1893
34 1.675 0.711665 16.3427
35 1.725 0.812643 17.7396
36 1.775 0.952142 19.4725
37 1.825 1.07149 21.534
38 1.875 1.15263 23.8748
39 1.925 1.23952 26.5281
40 1.975 1.28877 29.432
41 2.025 1.29143 32.4911
42 2.075 1.27694 35.6671
43 2.125 1.22932 38.8737
44 2.175 1.15226 42.0225
45 2.225 1.04116 44.9999
46 2.275 0.962056 47.8762
47 2.325 0.891382 50.6596
48 2.375 0.837013 53.3868
49 2.425 0.818061 56.1657
50 2.475 0.802758 59.0063
47000 50
1 0.025 0 0
2 0.075 0 0
3 0.125 0 0
4 0.175 0 0
5 0.225 0 0
6 0.275 0 0
7 0.325 0 0
8 0.375 0 0
9 0.425 0 0
10 0.475 0 0
11 0.525 0 0
12 0.575 0 0
13 0.625 0 0
14 0.675 0 0
15 0.725 0 0
16 0.775 0 0
17 0.825 0 0
18 0.875 0.00154531 0.000683594
19 0.925 0.11497 0.0575195
20 0.975 1.17743 0.704199
21 1.025 2.63 2.30059
22 1.075 2.94764 4.26855
23 1.125 2.4838 6.08467
24 1.175 1.85442 7.56377
25 1.225 1.36528 8.74736
26 1.275 1.01012 9.696
27 1.325 0.811218 10.5188
28 1.375 0.668447 11.2488
29 1.425 0.585903 11.9361
30 1.475 0.554395 12.6329
31 1.525 0.559855 13.3851
32 1.575 0.58362 14.2214
33 1.625 0.629308 15.1813
34 1.675 0.711605 16.3347
35 1.725 0.831789 17.7645
36 1.775 0.944147 19.4828
37 1.825 1.07636 21.5537
38 1.875 1.16864 23.9271
39 1.925 1.24199 26.5856
40 1.975 1.27044 29.4482
41 2.025 1.29955 32.5266
42 2.075 1.26646 35.6765
43 2.125 1.22726 38.8777
44 2.175 1.13789 41.9872
45 2.225 1.04768 44.9833
46 2.275 0.957646 47.8464
47 2.325 0.88447 50.6082
48 2.375 0.840759 53.3477
49 2.425 0.810587 56.1012
50 2.475 0.815509 58.9868
48000 50
1 0.025 0 0
2 0.075 0 0
3 0.125 0 0
4 0.175 0 0
5 0.225 0 0
6 0.275 0 0
7 0.325 0 0
8 0.375 0 0
9 0.425 0 0
10 0.475 0 0
11 0.525 0 0
12 0.575 0 0
13 0.625 0 0
14 0.675 0 0
15 0.725 0 0
16 0.775 0 0
17 0.825 0 0
18 0.875 0.00132455 0.000585937
19 0.925 0.128205 0.0639648
20 0.975 1.16036 0.70127
21 1.025 2.63402 2.3001
22 1.075 2.97162 4.28408
23 1.125 2.47806 6.096
24 1.175 1.83434 7.55908
25 1.225 1.33599 8.71729
26 1.275 1.02634 9.68115
27 1.325 0.815743 10.5085
28 1.375 0.674885 11.2456
29 1.425 0.610295 11.9615
30 1.475 0.536213 12.6354
31 1.525 0.565525 13.3952
32 1.575 0.57919 14.2252
33 1.625 0.628092 15.1833
34 1.675 0.725283 16.3588
35 1.725 0.826221 17.779
36 1.775 0.950103 19.5082
37 1.825 1.0623 21.5521
38 1.875 1.16715 23.9224
39 1.925 1.2356 26.5673
40 1.975 1.26814 29.4247
41 2.025 1.30095 32.5063
42 2.075 1.27549 35.6787
43 2.125 1.22673 38.8786
44 2.175 1.1336 41.9764
45 2.225 1.0432 44.9597
46 2.275 0.963134 47.8392
47 2.325 0.884751 50.6019
48 2.375 0.851009 53.3747
49 2.425 0.814353 56.141
50 2.475 0.812224 59.015
49000 50
1 0.025 0 0
2 0.075 0 0
3 0.125 0 0
4 0.175 0 0
5 0.225 0 0
6 0.275 0 0
7 0.325 0 0
8 0.375 0 0
9 0.425 0 0
10 0.475 0 0
11 0.525 0 0
12 0.575 0 0
13 0.625 0 0
14 0.675 0 0
15 0.725 0 0
16 0.775 0 0
17 0.825 0 0
18 0.875 0.00110379 0.000488281
19 0.925 0.124847 0.062207
20 0.975 1.17619 0.708203
21 1.025 2.63804 2.30947
22 1.075 2.957 4.28369
23 1.125 2.47312 6.09199
24 1.175 1.84009 7.55967
25 1.225 1.35379 8.7333
26 1.275 1.00627 9.67832
27 1.325 0.808811 10.4986
28 1.375 0.663082 11.2229
29 1.425 0.601804 11.9288
30 1.475 0.568925 12.6438
31 1.525 0.563126 13.4004
32 1.575 0.578645 14.2296
33 1.625 0.636927 15.2012
34 1.675 0.721065 16.3698
35 1.725 0.829119 17.795
36 1.775 0.938566 19.5032
37 1.825 1.06484 21.552
38 1.875 1.17341 23.935
39 1.925 1.22091 26.5484
40 1.975 1.27655 29.4248
41 2.025 1.2944 32.4909
42 2.075 1.28511 35.6872
43 2.125 1.22688 38.8875
44 2.175 1.14525 42.0171
45 2.225 1.03153 44.967
46 2.275 0.954608 47.821
47 2.325 0.882124 50.5755
48 2.375 0.83992 53.3122
49 2.425 0.817946 56.0907
50 2.475 0.817827 58.9846
50000 50
1 0.025 0 0
2 0.075 0 0
3 0.125 0 0
4 0.175 0 0
5 0.225 0 0
6 0.275 0 0
7 0.325 0 0
8 0.375 0 0
9 0.425 0 0
10 0.475 0 0
11 0.525 0 0
12 0.575 0 0
13 0.625 0 0
14 0.675 0 0
15 0.725 0 0
16 0.775 0 0
17 0.825 0 0
18 0.875 0.00110379 0.000488281
19 0.925 0.117538 0.0585938
20 0.975 1.15894 0.695117
21 1.025 2.63708 2.2958
22 1.075 2.95758 4.27041
23 1.125 2.46858 6.07539
24 1.175 1.85674 7.55635
25 1.225 1.37429 8.74775
26 1.275 1.01168 9.69785
27 1.325 0.812855 10.5223
28 1.375 0.674706 11.2592
29 1.425 0.593312 11.9552
30 1.475 0.554861 12.6525
31 1.525 0.551641 13.3937
32 1.575 0.573329 14.2152
33 1.625 0.633406 15.1814
34 1.675 0.717751 16.3447
35 1.725 0.816506 17.7482
36 1.775 0.951766 19.4805
37 1.825 1.07631 21.5513
38 1.875 1.16614 23.9195
39 1.925 1.23035 26.5532
40 1.975 1.27694 29.4305
41 2.025 1.29926 32.5081
42 2.075 1.28024 35.6923
43 2.125 1.22063 38.8763
44 2.175 1.14025 41.9922
45 2.225 1.04747 44.9877
46 2.275 0.964277 47.8706
47 2.325 0.887722 50.6426
48 2.375 0.83995 53.3794
49 2.425 0.815532 56.1497
50 2.475 0.802786 58.9903
51000 50
1 0.025 0 0
2 0.075 0 0
3 0.125 0 0
4 0.175 0 0
5 0.225 0 0
6 0.275 0 0
7 0.325 0 0
8 0.375 0 0
9 0.425 0 0
10 0.475 0 0
11 0.525 0 0
12 0.575 0 0
13 0.625 0 0
14 0.675 0 0
15 0.725 0 0
16 0.775 0 0
17 0.825 0 0
18 0.875 0.000441516 0.000195313
19 0.925 0.12702 0.0629883
20 0.975 1.15503 0.697363
21 1.025 2.63965 2.29961
22 1.075 2.9744 4.28545
23 1.125 2.47552 6.09551
24 1.175 1.83654 7.56035
25 1.225 1.32574 8.70967
26 1.275 1.03185 9.67871
27 1.325 0.815743 10.5061
28 1.375 0.669341 11.2371
29 1.425 0.598474 11.9392
30 1.475 0.56302 12.6468
31 1.525 0.555276 13.3928
32 1.575 0.584438 14.2303
33 1.625 0.639615 15.206
34 1.675 0.717269 16.3685
35 1.725 0.835936 17.8054
36 1.775 0.942859 19.5214
37 1.825 1.05803 21.557
38 1.875 1.16254 23.918
39 1.925 1.23669 26.5652
40 1.975 1.27737 29.4435
41 2.025 1.28256 32.4815
42 2.075 1.27792 35.66
43 2.125 1.22883 38.8653
44 2.175 1.14007 41.9808
45 2.225 1.03948 44.9534
46 2.275 0.95696 47.8145
47 2.325 0.894259 50.6068
48 2.375 0.844565 53.3587
49 2.425 0.817946 56.1372
50 2.475 0.808775 58.999
52000 50
1 0.025 0 0
2 0.075 0 0
3 0.125 0 0
4 0.175 0 0
5 0.225 0 0
6 0.275 0 0
7 0.325 0 0
8 0.375 0 0
9 0.425 0 0
10 0.475 0 0
11 0.525 0 0
12 0.575 0 0
13 0.625 0 0
14 0.675 0 0
15 0.725 0 0
16 0.775 0 0
17 0.825 0 0
18 0.875 0.00110379 0.000488281
19 0.925 0.122279 0.0609375
20 0.975 1.16481 0.700684
21 1.025 2.64721 2.30752
22 1.075 2.99591 4.30771
23 1.125 2.45576 6.10332
24 1.175 1.80214 7.54072
25 1.225 1.3361 8.69902
26 1.275 1.04069 9.67637
27 1.325 0.813721 10.5017
28 1.375 0.673812 11.2376
29 1.425 0.599806 11.9412
30 1.475 0.56908 12.6564
31 1.525 0.544518 13.388
32 1.575 0.581098 14.2207
33 1.625 0.644225 15.2034
34 1.675 0.711846 16.3571
35 1.725 0.824006 17.7735
36 1.775 0.949244 19.5012
37 1.825 1.07616 21.5717
38 1.875 1.16033 23.9281
39 1.925 1.2309 26.563
40 1.975 1.27967 29.4464
41 2.025 1.28545 32.4913
42 2.075 1.28613 35.6901
43 2.125 1.23287 38.9061
44 2.175 1.13081 41.9962
45 2.225 1.04846 44.9945
46 2.275 0.950264 47.8355
47 2.325 0.891413 50.619
48 2.375 0.833446 53.3347
49 2.425 0.812887 56.096
50 2.475 0.813439 58.9743
53000 50
1 0.025 0 0
2 0.075 0 0
3 0.125 0 0
4 0.175 0 0
5 0.225 0 0
6 0.275 0 0
7 0.325 0 0
8 0.375 0 0
9 0.425 0 0
10 0.475 0 0
11 0.525 0 0
12 0.575 0 0
13 0.625 0 0
14 0.675 0 0
15 0.725 0 0
16 0.775 0 0
17 0.825 0 0
18 0.875 0.000441516 0.000195313
19 0.925 0.130181 0.0645508
20 0.975 1.16303 0.70332
21 1.025 2.60442 2.28418
22 1.075 2.99942 4.28672
23 1.125 2.45642 6.08281
24 1.175 1.85246 7.56035
25 1.225 1.32067 8.70527
26 1.275 1.05754 9.69844
27 1.325 0.819402 10.5295
28 1.375 0.668179 11.2593
29 1.425 0.593729 11.9558
30 1.475 0.561621 12.6616
31 1.525 0.547062 13.3966
32 1.575 0.576805 14.2231
33 1.625 0.628412 15.1817
34 1.675 0.712569 16.3366
35 1.725 0.825369 17.7554
36 1.775 0.943664 19.4729
37 1.825 1.0658 21.5234
38 1.875 1.16595 23.8913
39 1.925 1.24705 26.5607
40 1.975 1.27707 29.4383
41 2.025 1.30524 32.5301
42 2.075 1.27718 35.7066
43 2.125 1.21928 38.8871
44 2.175 1.13975 42.0017
45 2.225 1.04047 44.9771
46 2.275 0.953922 47.8291
47 2.325 0.894259 50.6215
48 2.375 0.840939 53.3615
49 2.425 0.813893 56.1263
50 2.475 0.807974 58.9853
54000 50
1 0.025 0 0
2 0.075 0 0
3 0.125 0 0
4 0.175 0 0
5 0.225 0 0
6 0.275 0 0
7 0.325 0 0
8 0.375 0 0
9 0.425 0 0
10 0.475 0 0
11 0.525 0 0
12 0.575 0 0
13 0.625 0 0
14 0.675 0 0
15 0.725 0 0
16 0.775 0 0
17 0.825 0 0
18 0.875 0.000662274 0.000292969
19 0.925 0.117736 0.0584961
20 0.975 1.15396 0.692285
21 1.025 2.63627 2.29248
22 1.075 2.99503 4.29209
23 1.125 2.4611 6.0916
24 1.175 1.83569 7.55576
25 1.225 1.36764 8.74141
26 1.275 1.03029 9.70898
27 1.325 0.807559 10.528
28 1.375 0.667821 11.2574
29 1.425 0.595976 11.9565
30 1.475 0.551831 12.6501
31 1.525 0.547934 13.3862
32 1.575 0.571285 14.2049
33 1.625 0.626555 15.1606
34 1.675 0.726849 16.3387
35 1.725 0.832471 17.7696
36 1.775 0.941786 19.4837
37 1.825 1.07346 21.549
38 1.875 1.1697 23.9245
39 1.925 1.23177 26.5612
40 1.975 1.28253 29.4511
41 2.025 1.29431 32.517
42 2.075 1.28177 35.705
43 2.125 1.22625 38.9036
44 2.175 1.1281 41.9863
45 2.225 1.05034 44.99
46 2.275 0.962513 47.8677
47 2.325 0.888348 50.6416
48 2.375 0.835244 53.3631
49 2.425 0.806418 56.1024
50 2.475 0.806787 58.9572
55000 50
1 0.025 0 0
2 0.075 0 0
3 0.125 0 0
4 0.175 0 0
5 0.225 0 0
6 0.275 0 0
7 0.325 0 0
8 0.375 0 0
9 0.425 0 0
10 0.475 0 0
11 0.525 0 0
12 0.575 0 0
13 0.625 0 0
14 0.675 0 0
15 0.725 0 0
16 0.775 0 0
17 0.825 0 0
18 0.875 0.00154531 0.000683594
19 0.925 0.127613 0.0637695
20 0.975 1.17352 0.708301
21 1.025 2.63354 2.30684
22 1.075 2.96914 4.28916
23 1.125 2.46484 6.09141
24 1.175 1.82038 7.54336
25 1.225 1.35075 8.71436
26 1.275 1.03258 9.68408
27 1.325 0.818054 10.5138
28 1.375 0.662367 11.2372
29 1.425 0.591564 11.9312
30 1.475 0.565972 12.6425
31 1.525 0.558838 13.3933
32 1.575 0.589481 14.238
33 1.625 0.629692 15.1985
34 1.675 0.713955 16.3557
35 1.725 0.827528 17.7781
36 1.775 0.95901 19.5235
37 1.825 1.05788 21.5589
38 1.875 1.1522 23.8988
39 1.925 1.24176 26.5569
40 1.975 1.26858 29.4153
41 2.025 1.30713 32.5116
42 2.075 1.28205 35.7003
43 2.125 1.21902 38.8801
44 2.175 1.14686 42.0141
45 2.225 1.04454 45.0012
46 2.275 0.955751 47.8586
47 2.325 0.884126 50.6193
48 2.375 0.835364 53.3412
49 2.425 0.808258 56.0868
50 2.475 0.809023 58.9495
56000 50
1 0.025 0 0
2 0.075 0 0
3 0.125 0 0
4 0.175 0 0
5 0.225 0 0
6 0.275 0 0
7 0.325 0 0
8 0.375 0 0
9 0.425 0 0
10 0.475 0 0
11 0.525 0 0
12 0.575 0 0
13 0.625 0 0
14 0.675 0 0
15 0.725 0 0
16 0.775 0 0
17 0.825 0 0
18 0.875 0.00154531 0.000683594
19 0.925 0.132156 0.0660156
20 0.975 1.13654 0.690234
21 1.025 2.61986 2.28047
22 1.075 3.02911 4.30283
23 1.125 2.4818 6.11748
24 1.175 1.83324 7.57969
25 1.225 1.33622 8.73809
26 1.275 1.01064 9.68721
27 1.325 0.791383 10.4898
28 1.375 0.679266 11.2317
29 1.425 0.596809 11.9318
30 1.475 0.550277 12.6234
31 1.525 0.554186 13.368
32 1.575 0.585255 14.2066
33 1.625 0.642944 15.1874
34 1.675 0.713774 16.3442
35 1.725 0.828607 17.7686
36 1.775 0.951712 19.5007
37 1.825 1.08834 21.5946
38 1.875 1.16138 23.9532
39 1.925 1.22456 26.5745
40 1.975 1.27326 29.4435
41 2.025 1.30371 32.5316
42 2.075 1.26395 35.6753
43 2.125 1.21348 38.8406
44 2.175 1.14529 41.9703
45 2.225 1.05051 44.9745
46 2.275 0.966073 47.8628
47 2.325 0.877496 50.6028
48 2.375 0.829759 53.3064
49 2.425 0.817429 56.0832
50 2.475 0.812776 58.9592
57000 50
1 0.025 0 0
2 0.075 0 0
3 0.125 0 0
4 0.175 0 0
5 0.225 0 0
6 0.275 0 0
7 0.325 0 0
8 0.375 0 0
9 0.425 0 0
10 0.475 0 0
11 0.525 0 0
12 0.575 0 0
13 0.625 0 0
14 0.675 0 0
15 0.725 0 0
16 0.775 0 0
17 0.825 0 0
18 0.875 0.00176606 0.00078125
19 0.925 0.121687 0.0609375
20 0.975 1.15858 0.697266
21 1.025 2.65139 2.30664
22 1.075 2.96402 4.28555
23 1.125 2.47659 6.09639
24 1.175 1.81854 7.54688
25 1.225 1.34061 8.70908
26 1.275 1.03445 9.68057
27 1.325 0.816706 10.5089
28 1.375 0.674169 11.2452
29 1.425 0.596309 11.9447
30 1.475 0.561233 12.6501
31 1.525 0.554476 13.395
32 1.575 0.574897 14.2188
33 1.625 0.640832 15.1964
34 1.675 0.711243 16.3491
35 1.725 0.834289 17.7832
36 1.775 0.946615 19.5061
37 1.825 1.06524 21.5556
38 1.875 1.16961 23.9309
39 1.925 1.23569 26.576
40 1.975 1.2756 29.4502
41 2.025 1.28574 32.4958
42 2.075 1.27035 35.6554
43 2.125 1.22505 38.8509
44 2.175 1.14218 41.9721
45 2.225 1.04601 44.9634
46 2.275 0.962513 47.841
47 2.325 0.88472 50.6036
48 2.375 0.84999 53.3731
49 2.425 0.806332 56.1122
50 2.475 0.817661 59.0055
58000 50
1 0.025 0 0
2 0.075 0 0
3 0.125 0 0
4 0.175 0 0
5 0.225 0 0
6 0.275 0 0
7 0.325 0 0
8 0.375 0 0
9 0.425 0 0
10 0.475 0 0
11 0.525 0 0
12 0.575 0 0
13 0.625 0 0
14 0.675 0 0
15 0.725 0 0
16 0.775 0 0
17 0.825 0 0
18 0.875 0.000662274 0.000292969
19 0.925 0.122872 0.0610352
20 0.975 1.14703 0.691016
21 1.025 2.65075 2.3
22 1.075 2.95744 4.27451
23 1.125 2.48474 6.09131
24 1.175 1.85613 7.57178
25 1.225 1.34365 8.73662
26 1.275 1.01355 9.68848
27 1.325 0.793309 10.4931
28 1.375 0.671487 11.2265
29 1.425 0.604551 11.9356
30 1.475 0.566439 12.6476
31 1.525 0.559129 13.3987
32 1.575 0.586618 14.2394
33 1.625 0.633406 15.2056
34 1.675 0.714015 16.3628
35 1.725 0.830993 17.7912
36 1.775 0.93524 19.4934
37 1.825 1.06697 21.5462
38 1.875 1.16956 23.9214
39 1.925 1.22346 26.5403
40 1.975 1.28674 29.4396
41 2.025 1.28866 32.4922
42 2.075 1.28307 35.6834
43 2.125 1.21655 38.8567
44 2.175 1.13753 41.9652
45 2.225 1.04676 44.9587
46 2.275 0.973782 47.87
47 2.325 0.891726 50.6545
48 2.375 0.834645 53.374
49 2.425 0.808028 56.1188
50 2.475 0.807836 58.9773
59000 50
1 0.025 0 0
2 0.075 0 0
3 0.125 0 0
4 0.175 0 0
5 0.225 0 0
6 0.275 0 0
7 0.325 0 0
8 0.375 0 0
9 0.425 0 0
10 0.475 0 0
11 0.525 0 0
12 0.575 0 0
13 0.625 0 0
14 0.675 0 0
15 0.725 0 0
16 0.775 0 0
17 0.825 0 0
18 0.875 0.00154531 0.000683594
19 0.925 0.129786 0.0648438
20 0.975 1.16214 0.703125
21 1.025 2.64448 2.3083
22 1.075 2.97236 4.29277
23 1.125 2.45789 6.08994
24 1.175 1.83348 7.55234
25 1.225 1.35593 8.72783
26 1.275 1.0096 9.67598
27 1.325 0.797256 10.4846
28 1.375 0.684988 11.2327
29 1.425 0.597392 11.9335
30 1.475 0.578871 12.661
31 1.525 0.555421 13.4072
32 1.575 0.579258 14.2373
33 1.625 0.633213 15.2032
34 1.675 0.714738 16.3616
35 1.725 0.823097 17.7765
36 1.775 0.939854 19.487
37 1.825 1.06001 21.5265
38 1.875 1.17052 23.9036
39 1.925 1.22743 26.5311
40 1.975 1.27898 29.4129
41 2.025 1.30227 32.4977
42 2.075 1.29194 35.7109
43 2.125 1.2188 38.8901
44 2.175 1.13853 42.0014
45 2.225 1.04331 44.985
46 2.275 0.960749 47.8573
47 2.325 0.886659 50.626
48 2.375 0.83986 53.3625
49 2.425 0.808172 56.1078
50 2.475 0.811672 58.9799
60000 50
1 0.025 0 0
2 0.075 0 0
3 0.125 0 0
4 0.175 0 0
5 0.225 0 0
6 0.275 0 0
7 0.325 0 0
8 0.375 0 0
9 0.425 0 0
10 0.475 0 0
11 0.525 0 0
12 0.575 0 0
13 0.625 0 0
14 0.675 0 0
15 0.725 0 0
16 0.775 0 0
17 0.825 0 0
18 0.875 0.00132455 0.000585937
19 0.925 0.125835 0.062793
20 0.975 1.15129 0.695117
21 1.025 2.62678 2.28955
22 1.075 3.00366 4.29492
23 1.125 2.4591 6.09297
24 1.175 1.86066 7.57705
25 1.225 1.34759 8.74531
26 1.275 1.00887 9.69277
27 1.325 0.792731 10.4968
28 1.375 0.673096 11.2319
29 1.425 0.59606 11.9312
30 1.475 0.555638 12.6295
31 1.525 0.55971 13.3814
32 1.575 0.572989 14.2025
33 1.625 0.639615 15.1782
34 1.675 0.721125 16.347
35 1.725 0.828891 17.7718
36 1.775 0.955468 19.5107
37 1.825 1.07352 21.5762
38 1.875 1.16691 23.946
39 1.925 1.23373 26.5869
40 1.975 1.27464 29.459
41 2.025 1.29419 32.5246
42 2.075 1.28169 35.7124
43 2.125 1.22175 38.8993
44 2.175 1.12774 41.9811
45 2.225 1.03617 44.9442
46 2.275 0.956699 47.8045
47 2.325 0.887066 50.5744
48 2.375 0.83953 53.3099
49 2.425 0.820735 56.0979
50 2.475 0.81159 58.9696
61000 50
1 0.025 0 0
2 0.075 0 0
3 0.125 0 0
4 0.175 0 0
5 0.225 0 0
6 0.275 0 0
7 0.325 0 0
8 0.375 0 0
9 0.425 0 0
10 0.475 0 0
11 0.525 0 0
12 0.575 0 0
13 0.625 0 0
14 0.675 0 0
15 0.725 0 0
16 0.775 0 0
17 0.825 0 0
18 0.875 0.000220758 9.76563e-05
19 0.925 0.130773 0.0647461
20 0.975 1.15112 0.696973
21 1.025 2.63724 2.29775
22 1.075 2.94749 4.26562
23 1.125 2.48327 6.08135
24 1.175 1.87205 7.57451
25 1.225 1.33171 8.729
26 1.275 1.01126 9.67871
27 1.325 0.809389 10.4996
28 1.375 0.679445 11.2417
29 1.425 0.59939 11.9448
30 1.475 0.562476 12.6518
31 1.525 0.558402 13.402
32 1.575 0.580621 14.234
33 1.625 0.63347 15.2003
34 1.675 0.710942 16.3525
35 1.725 0.832641 17.7838
36 1.775 0.954556 19.5211
37 1.825 1.06885 21.5775
38 1.875 1.16196 23.9373
39 1.925 1.22698 26.5638
40 1.975 1.26676 29.4181
41 2.025 1.29411 32.4835
42 2.075 1.27262 35.6487
43 2.125 1.23403 38.8677
44 2.175 1.13521 41.9698
45 2.225 1.04457 44.957
46 2.275 0.952779 47.8056
47 2.325 0.894353 50.5982
48 2.375 0.853946 53.3807
49 2.425 0.809753 56.1313
50 2.475 0.806263 58.9843
62000 50
1 0.025 0 0
2 0.075 0 0
3 0.125 0 0
4 0.175 0 0
5 0.225 0 0
6 0.275 0 0
7 0.325 0 0
8 0.375 0 0
9 0.425 0 0
10 0.475 0 0
11 0.525 0 0
12 0.575 0 0
13 0.625 0 0
14 0.675 0 0
15 0.725 0 0
16 0.775 0 0
17 0.825 0 0
18 0.875 0.000441516 0.000195313
19 0.925 0.129786 0.0643555
20 0.975 1.16961 0.706738
21 1.025 2.6382 2.30811
22 1.075 2.99766 4.30947
23 1.125 2.45749 6.10635
24 1.175 1.81732 7.55586
25 1.225 1.34061 8.71807
26 1.275 1.02374 9.67949
27 1.325 0.816032 10.5071
28 1.375 0.659506 11.2274
29 1.425 0.607798 11.9404
30 1.475 0.564651 12.6501
31 1.525 0.544809 13.382
32 1.575 0.580144 14.2134
33 1.625 0.639295 15.1886
34 1.675 0.714919 16.3473
35 1.725 0.820994 17.7585
36 1.775 0.961478 19.5084
37 1.825 1.07093 21.5688
38 1.875 1.156 23.9165
39 1.925 1.24299 26.5772
40 1.975 1.28023 29.4619
41 2.025 1.29872 32.5383
42 2.075 1.27525 35.7101
43 2.125 1.21876 38.8892
44 2.175 1.1217 41.9544
45 2.225 1.04771 44.9506
46 2.275 0.956666 47.8107
47 2.325 0.891663 50.595
48 2.375 0.844056 53.3452
49 2.425 0.813145 56.1074
50 2.475 0.813411 58.9856
63000 50
1 0.025 0 0
2 0.075 0 0
3 0.125 0 0
4 0.175 0 0
5 0.225 0 0
6 0.275 0 0
7 0.325 0 0
8 0.375 0 0
9 0.425 0 0
10 0.475 0 0
11 0.525 0 0
12 0.575 0 0
13 0.625 0 0
14 0.675 0 0
15 0.725 0 0
16 0.775 0 0
17 0.825 0 0
18 0.875 0.00198682 0.000878906
19 0.925 0.123859 0.0621094
20 0.975 1.17868 0.709473
21 1.025 2.58382 2.27783
22 1.075 2.98757 4.27246
23 1.125 2.5017 6.10166
24 1.175 1.82405 7.55654
25 1.225 1.35728 8.7332
26 1.275 1.01022 9.68193
27 1.325 0.814395 10.5079
28 1.375 0.674974 11.2451
29 1.425 0.59864 11.9474
30 1.475 0.557814 12.6484
31 1.525 0.549315 13.3864
32 1.575 0.583279 14.2223
33 1.625 0.62854 15.1811
34 1.675 0.721246 16.35
35 1.725 0.818779 17.7574
36 1.775 0.957024 19.4992
37 1.825 1.06737 21.5528
38 1.875 1.17365 23.9363
39 1.925 1.22944 26.5681
40 1.975 1.26949 29.4285
41 2.025 1.29349 32.4925
42 2.075 1.2864 35.692
43 2.125 1.22759 38.8941
44 2.175 1.1271 41.9741
45 2.225 1.0457 44.9646
46 2.275 0.954772 47.819
47 2.325 0.889912 50.5979
48 2.375 0.843307 53.3456
49 2.425 0.817573 56.1229
50 2.475 0.808361 58.9832
64000 50
1 0.025 0 0
2 0.075 0 0
3 0.125 0 0
4 0.175 0 0
5 0.225 0 0
6 0.275 0 0
7 0.325 0 0
8 0.375 0 0
9 0.425 0 0
10 0.475 0 0
11 0.525 0 0
12 0.575 0 0
13 0.625 0 0
14 0.675 0 0
15 0.725 0 0
16 0.775 0 0
17 0.825 0 0
18 0.875 0.000662274 0.000292969
19 0.925 0.124057 0.0616211
20 0.975 1.17156 0.705078
21 1.025 2.61375 2.2916
22 1.075 3.00176 4.2957
23 1.125 2.4404 6.08008
24 1.175 1.86189 7.56514
25 1.225 1.34556 8.73164
26 1.275 1.02998 9.69893
27 1.325 0.795427 10.5057
28 1.375 0.676584 11.2446
29 1.425 0.59864 11.9469
30 1.475 0.557425 12.6475
31 1.525 0.555494 13.3938
32 1.575 0.575851 14.2189
33 1.625 0.623226 15.1696
34 1.675 0.728476 16.3503
35 1.725 0.82321 17.7653
36 1.775 0.948976 19.4925
37 1.825 1.07737 21.5653
38 1.875 1.17163 23.9447
39 1.925 1.22707 26.5714
40 1.975 1.27573 29.4459
41 2.025 1.29069 32.5032
42 2.075 1.27462 35.6734
43 2.125 1.22007 38.856
44 2.175 1.14325 41.9801
45 2.225 1.05184 44.9881
46 2.275 0.960259 47.859
47 2.325 0.877746 50.5998
48 2.375 0.845255 53.3539
49 2.425 0.810472 56.107
50 2.475 0.8125 58.982
65000 50
1 0.025 0 0
2 0.075 0 0
3 0.125 0 0
4 0.175 0 0
5 0.225 0 0
6 0.275 0 0
7 0.325 0 0
8 0.375 0 0
9 0.425 0 0
10 0.475 0 0
11 0.525 0 0
12 0.575 0 0
13 0.625 0 0
14 0.675 0 0
15 0.725 0 0
16 0.775 0 0
17 0.825 0 0
18 0.875 0.000662274 0.000292969
19 0.925 0.128008 0.0635742
20 0.975 1.16783 0.70498
21 1.025 2.62549 2.29863
22 1.075 2.98932 4.29443
23 1.125 2.48875 6.11416
24 1.175 1.82063 7.56631
25 1.225 1.33914 8.72725
26 1.275 1.00638 9.67236
27 1.325 0.801782 10.4855
28 1.375 0.673991 11.2217
29 1.425 0.597059 11.9221
30 1.475 0.566206 12.6337
31 1.525 0.564144 13.3916
32 1.575 0.577623 14.2193
33 1.625 0.634878 15.1878
34 1.675 0.72697 16.366
35 1.725 0.828437 17.79
36 1.775 0.947956 19.5153
37 1.825 1.07996 21.5932
38 1.875 1.15523 23.9393
39 1.925 1.23647 26.586
40 1.975 1.27564 29.4604
41 2.025 1.29378 32.525
42 2.075 1.27934 35.7069
43 2.125 1.21486 38.8759
44 2.175 1.12395 41.9473
45 2.225 1.05215 44.9562
46 2.275 0.945005 47.7814
47 2.325 0.892038 50.5669
48 2.375 0.844236 53.3177
49 2.425 0.810184 56.0698
50 2.475 0.811424 58.941
66000 50
1 0.025 0 0
2 0.075 0 0
3 0.125 0 0
4 0.175 0 0
5 0.225 0 0
6 0.275 0 0
7 0.325 0 0
8 0.375 0 0
9 0.425 0 0
10 0.475 0 0
11 0.525 0 0
12 0.575 0 0
13 0.625 0 0
14 0.675 0 0
15 0.725 0 0
16 0.775 0 0
17 0.825 0 0
18 0.875 0.00110379 0.000488281
19 0.925 0.125242 0.0624023
20 0.975 1.16463 0.702051
21 1.025 2.61423 2.28887
22 1.075 2.99269 4.28691
23 1.125 2.46885 6.09209
24 1.175 1.8396 7.55938
25 1.225 1.3512 8.73076
26 1.275 1.0279 9.69609
27 1.325 0.802937 10.5104
28 1.375 0.672113 11.2445
29 1.425 0.592313 11.9394
30 1.475 0.564496 12.6488
31 1.525 0.549097 13.3865
32 1.575 0.587504 14.2284
33 1.625 0.636671 15.1996
34 1.675 0.708351 16.3477
35 1.725 0.825028 17.7658
36 1.775 0.952142 19.4987
37 1.825 1.07001 21.5574
38 1.875 1.16864 23.9308
39 1.925 1.23273 26.5695
40 1.975 1.26706 29.4245
41 2.025 1.28664 32.4723
42 2.075 1.28432 35.6666
43 2.125 1.22265 38.8559
44 2.175 1.15122 42.0018
45 2.225 1.04932 45.0025
46 2.275 0.95438 47.8559
47 2.325 0.883 50.6131
48 2.375 0.842977 53.3598
49 2.425 0.814209 56.1256
50 2.475 0.803862 58.97
67000 50
1 0.025 0 0
2 0.075 0 0
3 0.125 0 0
4 0.175 0 0
5 0.225 0 0
6 0.275 0 0
7 0.325 0 0
8 0.375 0 0
9 0.425 0 0
10 0.475 0 0
11 0.525 0 0
12 0.575 0 0
13 0.625 0 0
14 0.675 0 0
15 0.725 0 0
16 0.775 0 0
17 0.825 0 0
18 0.875 0.000883032 0.000390625
19 0.925 0.126428 0.0628906
20 0.975 1.16516 0.702832
21 1.025 2.63498 2.30225
22 1.075 2.98684 4.29639
23 1.125 2.46043 6.09541
24 1.175 1.83507 7.55908
25 1.225 1.34016 8.7209
26 1.275 1.0174 9.67637
27 1.325 0.804959 10.4928
28 1.375 0.668358 11.2228
29 1.425 0.597558 11.9237
30 1.475 0.56131 12.6292
31 1.525 0.574466 13.401
32 1.575 0.587232 14.2425
33 1.625 0.637119 15.2144
34 1.675 0.721185 16.3832
35 1.725 0.816336 17.7864
36 1.775 0.94141 19.4998
37 1.825 1.06742 21.5535
38 1.875 1.16268 23.9147
39 1.925 1.23241 26.5528
40 1.975 1.26788 29.4097
41 2.025 1.29753 32.4832
42 2.075 1.27981 35.6663
43 2.125 1.23703 38.8931
44 2.175 1.12949 41.9796
45 2.225 1.04293 44.9621
46 2.275 0.964277 47.845
47 2.325 0.88203 50.5992
48 2.375 0.835574 53.3218
49 2.425 0.823552 56.1193
50 2.475 0.816254 59.0076
68000 50
1 0.025 0 0
2 0.075 0 0
3 0.125 0 0
4 0.175 0 0
5 0.225 0 0
6 0.275 0 0
7 0.325 0 0
8 0.375 0 0
9 0.425 0 0
10 0.475 0 0
11 0.525 0 0
12 0.575 0 0
13 0.625 0 0
14 0.675 0 0
15 0.725 0 0
16 0.775 0 0
17 0.825 0 0
18 0.875 0.000883032 0.000390625
19 0.925 0.124057 0.0617188
20 0.975 1.17903 0.709277
21 1.025 2.63804 2.31055
22 1.075 2.96577 4.29063
23 1.125 2.44253 6.07656
24 1.175 1.85148 7.55332
25 1.225 1.3539 8.72705
26 1.275 1.02437 9.68906
27 1.325 0.79456 10.4949
28 1.375 0.675153 11.2323
29 1.425 0.604717 11.9417
30 1.475 0.56605 12.6531
31 1.525 0.55593 13.4
32 1.575 0.581303 14.233
33 1.625 0.625083 15.1865
34 1.675 0.716606 16.3479
35 1.725 0.830596 17.7757
36 1.775 0.957507 19.5184
37 1.825 1.06225 21.5621
38 1.875 1.15763 23.9131
39 1.925 1.23501 26.5567
40 1.975 1.28296 29.4476
41 2.025 1.30582 32.5407
42 2.075 1.27459 35.7108
43 2.125 1.22385 38.9032
44 2.175 1.12799 41.9856
45 2.225 1.03887 44.9565
46 2.275 0.954184 47.8093
47 2.325 0.8906 50.5902
48 2.375 0.838421 53.3221
49 2.425 0.815704 56.093
50 2.475 0.814487 58.975
