# Time-averaged data for fix 1
# TimeStep Number-of-rows
# Row c_RDF[1] c_RDF[2] c_RDF[3]
21000 50
1 0.025 0 0
2 0.075 0 0
3 0.125 0 0
4 0.175 0 0
5 0.225 0 0
6 0.275 0 0
7 0.325 0 0
8 0.375 0 0
9 0.425 0 0
10 0.475 0 0
11 0.525 0 0
12 0.575 0 0
13 0.625 0 0
14 0.675 0 0
15 0.725 0 0
16 0.775 0 0
17 0.825 0.000648112 0.000195313
18 0.875 0.0492632 0.0168945
19 0.925 0.510173 0.210156
20 0.975 1.38526 0.793164
21 1.025 1.89023 1.67236
22 1.075 1.9575 2.67383
23 1.125 1.81563 3.69111
24 1.175 1.5783 4.65576
25 1.225 1.36787 5.56445
26 1.275 1.20313 6.43027
27 1.325 1.0697 7.26162
28 1.375 0.97057 8.07393
29 1.425 0.881499 8.86631
30 1.475 0.857636 9.69229
31 1.525 0.837233 10.5542
32 1.575 0.805556 11.4388
33 1.625 0.795933 12.3691
34 1.675 0.822412 13.3905
35 1.725 0.858615 14.5215
36 1.775 0.893413 15.7675
37 1.825 0.939125 17.1521
38 1.875 0.97932 18.6761
39 1.925 1.03675 20.3767
40 1.975 1.0567 22.2012
41 2.025 1.08027 24.162
42 2.075 1.11681 26.2905
43 2.125 1.09737 28.484
44 2.175 1.08089 30.7474
45 2.225 1.06 33.0702
46 2.275 1.03915 35.4509
47 2.325 1.0071 37.8606
48 2.375 0.9971 40.3502
49 2.425 0.976967 42.8933
50 2.475 0.963213 45.505
22000 50
1 0.025 0 0
2 0.075 0 0
3 0.125 0 0
4 0.175 0 0
5 0.225 0 0
6 0.275 0 0
7 0.325 0 0
8 0.375 0 0
9 0.425 0 0
10 0.475 0 0
11 0.525 0 0
12 0.575 0 0
13 0.625 0 0
14 0.675 0 0
15 0.725 0 0
16 0.775 0 0
17 0.825 0.000648112 0.000195313
18 0.875 0.0509918 0.0174805
19 0.925 0.517134 0.213379
20 0.975 1.35393 0.783203
21 1.025 1.89926 1.6666
22 1.075 1.97735 2.67822
23 1.125 1.80639 3.69033
24 1.175 1.58932 4.66172
25 1.225 1.36184 5.56641
26 1.275 1.21874 6.44346
27 1.325 1.06605 7.27197
28 1.375 0.97302 8.08633
29 1.425 0.906052 8.90078
30 1.475 0.857738 9.72686
31 1.525 0.817502 10.5685
32 1.575 0.792127 11.4383
33 1.625 0.810553 12.3857
34 1.675 0.800945 13.3805
35 1.725 0.84831 14.4979
36 1.775 0.893413 15.7438
37 1.825 0.940714 17.1308
38 1.875 0.976684 18.6507
39 1.925 1.0402 20.3569
40 1.975 1.06094 22.1888
41 2.025 1.10362 24.192
42 2.075 1.10052 26.2895
43 2.125 1.09825 28.4847
44 2.175 1.08331 30.7531
45 2.225 1.05799 33.0716
46 2.275 1.04277 35.4605
47 2.325 1.01473 37.8886
48 2.375 0.993932 40.3702
49 2.425 0.978018 42.916
50 2.475 0.954749 45.5048
23000 50
1 0.025 0 0
2 0.075 0 0
3 0.125 0 0
4 0.175 0 0
5 0.225 0 0
6 0.275 0 0
7 0.325 0 0
8 0.375 0 0
9 0.425 0 0
10 0.475 0 0
11 0.525 0 0
12 0.575 0 0
13 0.625 0 0
14 0.675 0 0
15 0.725 0 0
16 0.775 0 0
17 0.825 0 0
18 0.875 0.0521441 0.0176758
19 0.925 0.52693 0.217285
20 0.975 1.33932 0.780957
21 1.025 1.90283 1.66602
22 1.075 1.99262 2.68545
23 1.125 1.81214 3.70078
24 1.175 1.58197 4.66768
25 1.225 1.3739 5.58037
26 1.275 1.20815 6.4498
27 1.325 1.07472 7.28506
28 1.375 0.958668 8.0874
29 1.425 0.899425 8.8959
30 1.475 0.834416 9.69951
31 1.525 0.822151 10.5459
32 1.575 0.79444 11.4183
33 1.625 0.797102 12.35
34 1.675 0.835308 13.3874
35 1.725 0.85691 14.5161
36 1.775 0.886131 15.752
37 1.825 0.929984 17.123
38 1.875 0.98114 18.6499
39 1.925 1.03163 20.3421
40 1.975 1.06529 22.1814
41 2.025 1.10728 24.1913
42 2.075 1.09652 26.2812
43 2.125 1.10944 28.4987
44 2.175 1.08327 30.7671
45 2.225 1.07274 33.1179
46 2.275 1.0429 35.5071
47 2.325 1.00784 37.9187
48 2.375 0.986462 40.3816
49 2.425 0.967438 42.8999
50 2.475 0.960908 45.5054
24000 50
1 0.025 0 0
2 0.075 0 0
3 0.125 0 0
4 0.175 0 0
5 0.225 0 0
6 0.275 0 0
7 0.325 0 0
8 0.375 0 0
9 0.425 0 0
10 0.475 0 0
11 0.525 0 0
12 0.575 0 0
13 0.625 0 0
14 0.675 0 0
15 0.725 0 0
16 0.775 0 0
17 0.825 0 0
18 0.875 0.0553131 0.01875
19 0.925 0.511978 0.212695
20 0.975 1.37018 0.789355
21 1.025 1.90115 1.67363
22 1.075 1.96723 2.68008
23 1.125 1.81929 3.69941
24 1.175 1.5628 4.65459
25 1.225 1.36155 5.55908
26 1.275 1.20069 6.42314
27 1.325 1.07623 7.25957
28 1.375 0.979088 8.079
29 1.425 0.904422 8.89199
30 1.475 0.86514 9.7252
31 1.525 0.824712 10.5742
32 1.575 0.799331 11.452
33 1.625 0.808047 12.3965
34 1.675 0.807079 13.3988
35 1.725 0.849422 14.5177
36 1.775 0.88326 15.7495
37 1.825 0.939919 17.1353
38 1.875 1.00624 18.7012
39 1.925 1.0271 20.3859
40 1.975 1.0636 22.2224
41 2.025 1.08909 24.1992
42 2.075 1.09637 26.2888
43 2.125 1.09561 28.4787
44 2.175 1.09357 30.7687
45 2.225 1.05492 33.0804
46 2.275 1.03063 35.4415
47 2.325 1.02053 37.8834
48 2.375 1.00129 40.3834
49 2.425 0.980569 42.9358
50 2.475 0.958927 45.5359
25000 50
1 0.025 0 0
2 0.075 0 0
3 0.125 0 0
4 0.175 0 0
5 0.225 0 0
6 0.275 0 0
7 0.325 0 0
8 0.375 0 0
9 0.425 0 0
10 0.475 0 0
11 0.525 0 0
12 0.575 0 0
13 0.625 0 0
14 0.675 0 0
15 0.725 0 0
16 0.775 0 0
17 0.825 0.000324056 9.76563e-05
18 0.875 0.0524322 0.0178711
19 0.925 0.511462 0.211621
20 0.975 1.37621 0.79082
21 1.025 1.87847 1.66455
22 1.075 2.01419 2.69502
23 1.125 1.78739 3.69648
24 1.175 1.58261 4.66377
25 1.225 1.3664 5.57148
26 1.275 1.21426 6.44531
27 1.325 1.06945 7.27646
28 1.375 0.959252 8.0793
29 1.425 0.893667 8.88262
30 1.475 0.846381 9.69775
31 1.525 0.809629 10.5312
32 1.575 0.801999 11.4119
33 1.625 0.808297 12.3567
34 1.675 0.835544 13.3944
35 1.725 0.857281 14.5236
36 1.775 0.898035 15.7761
37 1.825 0.921903 17.1353
38 1.875 0.973107 18.6496
39 1.925 1.03526 20.3478
40 1.975 1.07564 22.205
41 2.025 1.10502 24.2107
42 2.075 1.10042 26.308
43 2.125 1.09243 28.4916
44 2.175 1.08098 30.7552
45 2.225 1.06459 33.0881
46 2.275 1.0426 35.4767
47 2.325 1.02253 37.9233
48 2.375 0.983098 40.3779
49 2.425 0.978468 42.9249
50 2.475 0.960476 45.5292
26000 50
1 0.025 0 0
2 0.075 0 0
3 0.125 0 0
4 0.175 0 0
5 0.225 0 0
6 0.275 0 0
7 0.325 0 0
8 0.375 0 0
9 0.425 0 0
10 0.475 0 0
11 0.525 0 0
12 0.575 0 0
13 0.625 0 0
14 0.675 0 0
15 0.725 0 0
16 0.775 0 0
17 0.825 0.000972169 0.000292969
18 0.875 0.0530084 0.0182617
19 0.925 0.511462 0.212012
20 0.975 1.35301 0.781445
21 1.025 1.91941 1.67422
22 1.075 1.98079 2.6876
23 1.125 1.80901 3.70117
24 1.175 1.57414 4.66328
25 1.225 1.3714 5.57432
26 1.275 1.19187 6.43203
27 1.325 1.0697 7.26338
28 1.375 0.972904 8.07764
29 1.425 0.917241 8.90215
30 1.475 0.85358 9.72422
31 1.525 0.810673 10.5588
32 1.575 0.796485 11.4334
33 1.625 0.816902 12.3883
34 1.675 0.81793 13.4041
35 1.725 0.850756 14.5247
36 1.775 0.893413 15.7707
37 1.825 0.916802 17.1224
38 1.875 0.98365 18.6531
39 1.925 1.02508 20.3346
40 1.975 1.07547 22.1915
41 2.025 1.10808 24.2028
42 2.075 1.08105 26.2632
43 2.125 1.10299 28.4679
44 2.175 1.08345 30.7366
45 2.225 1.0591 33.0575
46 2.275 1.02888 35.4146
47 2.325 1.03004 37.8793
48 2.375 1.00344 40.3847
49 2.425 0.983533 42.9448
50 2.475 0.973586 45.5847
27000 50
1 0.025 0 0
2 0.075 0 0
3 0.125 0 0
4 0.175 0 0
5 0.225 0 0
6 0.275 0 0
7 0.325 0 0
8 0.375 0 0
9 0.425 0 0
10 0.475 0 0
11 0.525 0 0
12 0.575 0 0
13 0.625 0 0
14 0.675 0 0
15 0.725 0 0
16 0.775 0 0
17 0.825 0.000648112 0.000195313
18 0.875 0.0556012 0.019043
19 0.925 0.50708 0.211133
20 0.975 1.34999 0.779297
21 1.025 1.89443 1.66045
22 1.075 1.97392 2.67031
23 1.125 1.82051 3.69033
24 1.175 1.61201 4.67559
25 1.225 1.35817 5.57783
26 1.275 1.20164 6.44258
27 1.325 1.07636 7.2791
28 1.375 0.943033 8.06836
29 1.425 0.913548 8.88955
30 1.475 0.851552 9.70967
31 1.525 0.827842 10.5619
32 1.575 0.798886 11.4392
33 1.625 0.796016 12.3696
34 1.675 0.818559 13.3862
35 1.725 0.859876 14.5188
36 1.775 0.901256 15.7758
37 1.825 0.929454 17.1461
38 1.875 0.989297 18.6856
39 1.925 1.01972 20.3583
40 1.975 1.061 22.1902
41 2.025 1.08414 24.1581
42 2.075 1.11763 26.2882
43 2.125 1.10064 28.4882
44 2.175 1.08658 30.7635
45 2.225 1.05665 33.079
46 2.275 1.03314 35.4459
47 2.325 1.01526 37.8752
48 2.375 0.994323 40.3578
49 2.425 0.978505 42.9049
50 2.475 0.966202 45.5247
28000 50
1 0.025 0 0
2 0.075 0 0
3 0.125 0 0
4 0.175 0 0
5 0.225 0 0
6 0.275 0 0
7 0.325 0 0
8 0.375 0 0
9 0.425 0 0
10 0.475 0 0
11 0.525 0 0
12 0.575 0 0
13 0.625 0 0
14 0.675 0 0
15 0.725 0 0
16 0.775 0 0
17 0.825 0.000324056 9.76563e-05
18 0.875 0.0556012 0.0189453
19 0.925 0.496768 0.207129
20 0.975 1.36438 0.781348
21 1.025 1.92298 1.67578
22 1.075 1.99663 2.69727
23 1.125 1.82225 3.71826
24 1.175 1.58565 4.6874
25 1.225 1.35655 5.58857
26 1.275 1.19838 6.45098
27 1.325 1.04444 7.2627
28 1.375 0.980605 8.0834
29 1.425 0.882042 8.87627
30 1.475 0.848916 9.69385
31 1.525 0.834388 10.5528
32 1.575 0.823076 11.4566
33 1.625 0.798606 12.3901
34 1.675 0.81966 13.4081
35 1.725 0.852017 14.5304
36 1.775 0.890472 15.7723
37 1.825 0.917995 17.1257
38 1.875 0.972793 18.6396
39 1.925 1.04747 20.3577
40 1.975 1.08334 22.2282
41 2.025 1.08748 24.2021
42 2.075 1.10785 26.3136
43 2.125 1.09224 28.4968
44 2.175 1.07646 30.7509
45 2.225 1.05612 33.0652
46 2.275 1.04444 35.458
47 2.325 1.01514 37.887
48 2.375 0.990138 40.3592
49 2.425 0.985408 42.9242
50 2.475 0.972685 45.5616
29000 50
1 0.025 0 0
2 0.075 0 0
3 0.125 0 0
4 0.175 0 0
5 0.225 0 0
6 0.275 0 0
7 0.325 0 0
8 0.375 0 0
9 0.425 0 0
10 0.475 0 0
11 0.525 0 0
12 0.575 0 0
13 0.625 0 0
14 0.675 0 0
15 0.725 0 0
16 0.775 0 0
17 0.825 0.000324056 9.76563e-05
18 0.875 0.058194 0.0198242
19 0.925 0.508369 0.212402
20 0.975 1.36252 0.78584
21 1.025 1.87259 1.65684
22 1.075 1.97964 2.66963
23 1.125 1.8165 3.6874
24 1.175 1.58533 4.65635
25 1.225 1.38992 5.57969
26 1.275 1.1882 6.43477
27 1.325 1.06819 7.26494
28 1.375 0.958902 8.06748
29 1.425 0.902466 8.87871
30 1.475 0.857231 9.7043
31 1.525 0.814372 10.5427
32 1.575 0.807335 11.4292
33 1.625 0.804371 12.3694
34 1.675 0.831219 13.4018
35 1.725 0.840673 14.5091
36 1.775 0.88382 15.7417
37 1.825 0.948994 17.1408
38 1.875 0.993565 18.687
39 1.925 1.02216 20.3637
40 1.975 1.06852 22.2086
41 2.025 1.09173 24.1902
42 2.075 1.10257 26.2916
43 2.125 1.10123 28.4928
44 2.175 1.07865 30.7515
45 2.225 1.05701 33.0678
46 2.275 1.03514 35.4393
47 2.325 1.01302 37.8632
48 2.375 0.996826 40.3521
49 2.425 0.983495 42.9121
50 2.475 0.967247 45.5348
30000 50
1 0.025 0 0
2 0.075 0 0
3 0.125 0 0
4 0.175 0 0
5 0.225 0 0
6 0.275 0 0
7 0.325 0 0
8 0.375 0 0
9 0.425 0 0
10 0.475 0 0
11 0.525 0 0
12 0.575 0 0
13 0.625 0 0
14 0.675 0 0
15 0.725 0 0
16 0.775 0 0
17 0.825 0.000324056 9.76563e-05
18 0.875 0.0504156 0.0171875
19 0.925 0.524352 0.21582
20 0.975 1.34651 0.78252
21 1.025 1.91123 1.67148
22 1.075 1.97201 2.68037
23 1.125 1.81232 3.6958
24 1.175 1.58597 4.66514
25 1.225 1.36728 5.57344
26 1.275 1.19702 6.43486
27 1.325 1.06253 7.26064
28 1.375 0.991806 8.09072
29 1.425 0.899533 8.89932
30 1.475 0.83685 9.70527
31 1.525 0.822151 10.5517
32 1.575 0.814005 11.4455
33 1.625 0.802867 12.384
34 1.675 0.823277 13.4064
35 1.725 0.842601 14.5163
36 1.775 0.891593 15.7598
37 1.825 0.930646 17.1318
38 1.875 0.982081 18.6602
39 1.925 1.04514 20.3745
40 1.975 1.07078 22.2233
41 2.025 1.09038 24.2025
42 2.075 1.09832 26.2958
43 2.125 1.09522 28.485
44 2.175 1.07874 30.7438
45 2.225 1.05594 33.0578
46 2.275 1.02845 35.414
47 2.325 1.01363 37.8394
48 2.375 0.996983 40.3286
49 2.425 0.980119 42.8799
50 2.475 0.965014 45.4965
31000 50
1 0.025 0 0
2 0.075 0 0
3 0.125 0 0
4 0.175 0 0
5 0.225 0 0
6 0.275 0 0
7 0.325 0 0
8 0.375 0 0
9 0.425 0 0
10 0.475 0 0
11 0.525 0 0
12 0.575 0 0
13 0.625 0 0
14 0.675 0 0
15 0.725 0 0
16 0.775 0 0
17 0.825 0.00194434 0.000585937
18 0.875 0.0527203 0.018457
19 0.925 0.511978 0.212402
20 0.975 1.35788 0.783887
21 1.025 1.91647 1.67529
22 1.075 1.96151 2.67881
23 1.125 1.81929 3.69814
24 1.175 1.59028 4.67012
25 1.225 1.37993 5.58682
26 1.275 1.19187 6.44453
27 1.325 1.07334 7.27871
28 1.375 0.975704 8.09531
29 1.425 0.876176 8.88291
30 1.475 0.853885 9.70527
31 1.525 0.816459 10.5458
32 1.575 0.802621 11.4271
33 1.625 0.823168 12.3894
34 1.675 0.819188 13.4067
35 1.725 0.853129 14.5305
36 1.775 0.888862 15.7701
37 1.825 0.916935 17.122
38 1.875 0.985156 18.6551
39 1.925 1.04729 20.3729
40 1.975 1.07734 22.2331
41 2.025 1.10082 24.2312
42 2.075 1.09796 26.3238
43 2.125 1.08857 28.4997
44 2.175 1.07548 30.7518
45 2.225 1.05995 33.0745
46 2.275 1.02112 35.4139
47 2.325 1.00849 37.827
48 2.375 0.997804 40.3183
49 2.425 0.986384 42.8858
50 2.475 0.977872 45.5373
32000 50
1 0.025 0 0
2 0.075 0 0
3 0.125 0 0
4 0.175 0 0
5 0.225 0 0
6 0.275 0 0
7 0.325 0 0
8 0.375 0 0
9 0.425 0 0
10 0.475 0 0
11 0.525 0 0
12 0.575 0 0
13 0.625 0 0
14 0.675 0 0
15 0.725 0 0
16 0.775 0 0
17 0.825 0.000324056 9.76563e-05
18 0.875 0.058194 0.0198242
19 0.925 0.504502 0.210938
20 0.975 1.34396 0.776563
21 1.025 1.88792 1.65469
22 1.075 2.00331 2.67959
23 1.125 1.8226 3.70078
24 1.175 1.57382 4.6627
25 1.225 1.35993 5.56611
26 1.275 1.20476 6.43311
27 1.325 1.05688 7.25449
28 1.375 0.990406 8.0834
29 1.425 0.89736 8.89004
30 1.475 0.846077 9.70488
31 1.525 0.807732 10.5364
32 1.575 0.814183 11.4305
33 1.625 0.800862 12.3666
34 1.675 0.827916 13.3948
35 1.725 0.860172 14.5278
36 1.775 0.886971 15.7648
37 1.825 0.938727 17.1488
38 1.875 0.990678 18.6905
39 1.925 1.02693 20.375
40 1.975 1.06558 22.2148
41 2.025 1.08032 24.1758
42 2.075 1.10708 26.2857
43 2.125 1.09761 28.4797
44 2.175 1.0758 30.7324
45 2.225 1.05104 33.0356
46 2.275 1.03438 35.4054
47 2.325 1.01171 37.8262
48 2.375 1.00363 40.332
49 2.425 0.984996 42.896
50 2.475 0.975783 45.5418
33000 50
1 0.025 0 0
2 0.075 0 0
3 0.125 0 0
4 0.175 0 0
5 0.225 0 0
6 0.275 0 0
7 0.325 0 0
8 0.375 0 0
9 0.425 0 0
10 0.475 0 0
11 0.525 0 0
12 0.575 0 0
13 0.625 0 0
14 0.675 0 0
15 0.725 0 0
16 0.775 0 0
17 0.825 0.000324056 9.76563e-05
18 0.875 0.0501275 0.0170898
19 0.925 0.519196 0.21377
20 0.975 1.35602 0.784473
21 1.025 1.91018 1.67295
22 1.075 1.96781 2.67969
23 1.125 1.80848 3.69297
24 1.175 1.58197 4.65986
25 1.225 1.37008 5.57002
26 1.275 1.20937 6.44033
27 1.325 1.04959 7.25605
28 1.375 0.956568 8.05664
29 1.425 0.901923 8.86738
30 1.475 0.855608 9.69141
31 1.525 0.838656 10.5548
32 1.575 0.803333 11.4369
33 1.625 0.797269 12.3688
34 1.675 0.833814 13.4044
35 1.725 0.852091 14.5268
36 1.775 0.893133 15.7724
37 1.825 0.92283 17.1329
38 1.875 0.9807 18.6591
39 1.925 1.03758 20.361
40 1.975 1.07649 22.2197
41 2.025 1.10286 24.2216
42 2.075 1.08858 26.2963
43 2.125 1.08936 28.4737
44 2.175 1.08345 30.7425
45 2.225 1.05483 33.054
46 2.275 1.04299 35.4435
47 2.325 1.00996 37.8601
48 2.375 0.997648 40.351
49 2.425 0.988222 42.9233
50 2.475 0.967571 45.5469
34000 50
1 0.025 0 0
2 0.075 0 0
3 0.125 0 0
4 0.175 0 0
5 0.225 0 0
6 0.275 0 0
7 0.325 0 0
8 0.375 0 0
9 0.425 0 0
10 0.475 0 0
11 0.525 0 0
12 0.575 0 0
13 0.625 0 0
14 0.675 0 0
15 0.725 0 0
16 0.775 0 0
17 0.825 0 0
18 0.875 0.051568 0.0174805
19 0.925 0.507595 0.209766
20 0.975 1.37018 0.786426
21 1.025 1.93012 1.68418
22 1.075 1.94566 2.67959
23 1.125 1.81737 3.69785
24 1.175 1.58229 4.66494
25 1.225 1.36493 5.57168
26 1.275 1.20272 6.43721
27 1.325 1.05587 7.25781
28 1.375 0.980488 8.07842
29 1.425 0.904205 8.89121
30 1.475 0.853479 9.71318
31 1.525 0.813803 10.551
32 1.575 0.820319 11.4518
33 1.625 0.811472 12.4003
34 1.675 0.809359 13.4055
35 1.725 0.847124 14.5213
36 1.775 0.888162 15.76
37 1.825 0.930182 17.1313
38 1.875 0.980889 18.6578
39 1.925 1.02901 20.3457
40 1.975 1.08006 22.2105
41 2.025 1.09646 24.2008
42 2.075 1.09816 26.2937
43 2.125 1.09258 28.4776
44 2.175 1.08131 30.7419
45 2.225 1.07377 33.0949
46 2.275 1.03293 35.4613
47 2.325 1.02224 37.9073
48 2.375 0.997609 40.3981
49 2.425 0.972353 42.9292
50 2.475 0.971713 45.564
35000 50
1 0.025 0 0
2 0.075 0 0
3 0.125 0 0
4 0.175 0 0
5 0.225 0 0
6 0.275 0 0
7 0.325 0 0
8 0.375 0 0
9 0.425 0 0
10 0.475 0 0
11 0.525 0 0
12 0.575 0 0
13 0.625 0 0
14 0.675 0 0
15 0.725 0 0
16 0.775 0 0
17 0.825 0.000648112 0.000195313
18 0.875 0.0504156 0.0172852
19 0.925 0.505275 0.208691
20 0.975 1.36113 0.781543
21 1.025 1.9064 1.66826
22 1.075 1.98728 2.68496
23 1.125 1.79768 3.69219
24 1.175 1.57175 4.65283
25 1.225 1.38801 5.5749
26 1.275 1.21005 6.4457
27 1.325 1.06304 7.27187
28 1.375 0.955868 8.07188
29 1.425 0.898773 8.87979
30 1.475 0.844759 9.69336
31 1.525 0.830309 10.5481
32 1.575 0.80858 11.436
33 1.625 0.811138 12.3842
34 1.675 0.82485 13.4086
35 1.725 0.863509 14.546
36 1.775 0.879129 15.7721
37 1.825 0.934355 17.1496
38 1.875 0.980449 18.6754
39 1.925 1.03484 20.3729
40 1.975 1.06428 22.2104
41 2.025 1.08893 24.187
42 2.075 1.09586 26.2756
43 2.125 1.1132 28.5007
44 2.175 1.08261 30.7677
45 2.225 1.05474 33.079
46 2.275 1.02837 35.435
47 2.325 1.00735 37.8453
48 2.375 0.992016 40.3222
49 2.425 0.985408 42.8872
50 2.475 0.963429 45.4995
36000 50
1 0.025 0 0
2 0.075 0 0
3 0.125 0 0
4 0.175 0 0
5 0.225 0 0
6 0.275 0 0
7 0.325 0 0
8 0.375 0 0
9 0.425 0 0
10 0.475 0 0
11 0.525 0 0
12 0.575 0 0
13 0.625 0 0
14 0.675 0 0
15 0.725 0 0
16 0.775 0 0
17 0.825 0.000324056 9.76563e-05
18 0.875 0.0579059 0.0197266
19 0.925 0.516876 0.215527
20 0.975 1.33955 0.779297
21 1.025 1.92403 1.67422
22 1.075 1.99052 2.69258
23 1.125 1.81737 3.71084
24 1.175 1.57462 4.67324
25 1.225 1.38169 5.59111
26 1.275 1.18223 6.44189
27 1.325 1.05412 7.26113
28 1.375 0.980605 8.08184
29 1.425 0.913439 8.90293
30 1.475 0.842731 9.71455
31 1.525 0.823858 10.5627
32 1.575 0.799598 11.4407
33 1.625 0.803368 12.3798
34 1.675 0.812662 13.3891
35 1.725 0.83882 14.4939
36 1.775 0.890822 15.7363
37 1.825 0.950054 17.137
38 1.875 0.987415 18.6736
39 1.925 1.03455 20.3706
40 1.975 1.08735 22.248
41 2.025 1.09307 24.2321
42 2.075 1.09447 26.3181
43 2.125 1.09009 28.497
44 2.175 1.08163 30.7619
45 2.225 1.0624 33.09
46 2.275 1.03323 35.4571
47 2.325 1.00604 37.8644
48 2.375 0.993228 40.3442
49 2.425 0.975129 42.8825
50 2.475 0.969516 45.5113
37000 50
1 0.025 0 0
2 0.075 0 0
3 0.125 0 0
4 0.175 0 0
5 0.225 0 0
6 0.275 0 0
7 0.325 0 0
8 0.375 0 0
9 0.425 0 0
10 0.475 0 0
11 0.525 0 0
12 0.575 0 0
13 0.625 0 0
14 0.675 0 0
15 0.725 0 0
16 0.775 0 0
17 0.825 0 0
18 0.875 0.0524322 0.0177734
19 0.925 0.523321 0.216016
20 0.975 1.35463 0.786133
21 1.025 1.91773 1.67813
22 1.075 1.98021 2.69121
23 1.125 1.81005 3.70537
24 1.175 1.58069 4.67148
25 1.225 1.36067 5.57539
26 1.275 1.18386 6.42734
27 1.325 1.07259 7.26094
28 1.375 0.968003 8.07109
29 1.425 0.903227 8.88301
30 1.475 0.838168 9.69023
31 1.525 0.824712 10.5393
32 1.575 0.808046 11.4266
33 1.625 0.799692 12.3613
34 1.675 0.820446 13.3803
35 1.725 0.860543 14.5138
36 1.775 0.899015 15.7676
37 1.825 0.9378 17.1502
38 1.875 0.987415 18.6868
39 1.925 1.03478 20.3842
40 1.975 1.07225 22.2355
41 2.025 1.09592 24.2248
42 2.075 1.0875 26.2975
43 2.125 1.0961 28.4884
44 2.175 1.07851 30.7468
45 2.225 1.05665 33.0623
46 2.275 1.03702 35.4381
47 2.325 1.01559 37.8682
48 2.375 0.991116 40.3428
49 2.425 0.980156 42.8941
50 2.475 0.974018 45.5352
38000 50
1 0.025 0 0
2 0.075 0 0
3 0.125 0 0
4 0.175 0 0
5 0.225 0 0
6 0.275 0 0
7 0.325 0 0
8 0.375 0 0
9 0.425 0 0
10 0.475 0 0
11 0.525 0 0
12 0.575 0 0
13 0.625 0 0
14 0.675 0 0
15 0.725 0 0
16 0.775 0 0
17 0.825 0 0
18 0.875 0.0486871 0.0165039
19 0.925 0.5094 0.209473
20 0.975 1.36832 0.785352
21 1.025 1.8959 1.66719
22 1.075 2.02297 2.70215
23 1.125 1.80465 3.71328
24 1.175 1.60386 4.69355
25 1.225 1.34391 5.58633
26 1.275 1.18644 6.44014
27 1.325 1.06027 7.26416
28 1.375 0.976404 8.08135
29 1.425 0.902249 8.89238
30 1.475 0.842122 9.70342
31 1.525 0.810957 10.5383
32 1.575 0.791238 11.4071
33 1.625 0.821247 12.3671
34 1.675 0.826422 13.3935
35 1.725 0.853129 14.5172
36 1.775 0.903356 15.7771
37 1.825 0.944291 17.1692
38 1.875 0.983963 18.7005
39 1.925 1.02181 20.3766
40 1.975 1.07955 22.2405
41 2.025 1.10378 24.244
42 2.075 1.09037 26.3222
43 2.125 1.08813 28.4972
44 2.175 1.07646 30.7513
45 2.225 1.05536 33.064
46 2.275 1.03634 35.4382
47 2.325 1.01918 37.8769
48 2.375 1.00183 40.3782
49 2.425 0.972878 42.9106
50 2.475 0.963393 45.5229
39000 50
1 0.025 0 0
2 0.075 0 0
3 0.125 0 0
4 0.175 0 0
5 0.225 0 0
6 0.275 0 0
7 0.325 0 0
8 0.375 0 0
9 0.425 0 0
10 0.475 0 0
11 0.525 0 0
12 0.575 0 0
13 0.625 0 0
14 0.675 0 0
15 0.725 0 0
16 0.775 0 0
17 0.825 0.000324056 9.76563e-05
18 0.875 0.0475347 0.0162109
19 0.925 0.50244 0.206543
20 0.975 1.35138 0.775293
21 1.025 1.88036 1.6499
22 1.075 1.99663 2.67139
23 1.125 1.82591 3.69443
24 1.175 1.62607 4.68828
25 1.225 1.36037 5.59199
26 1.275 1.19702 6.45342
27 1.325 1.06329 7.27979
28 1.375 0.960068 8.0833
29 1.425 0.888017 8.88154
30 1.475 0.839283 9.68984
31 1.525 0.820633 10.5347
32 1.575 0.815961 11.4307
33 1.625 0.812725 12.3807
34 1.675 0.82367 13.4036
35 1.725 0.844306 14.5157
36 1.775 0.876958 15.7388
37 1.825 0.936475 17.1194
38 1.875 0.984779 18.652
39 1.925 1.03467 20.3491
40 1.975 1.07061 22.1977
41 2.025 1.10426 24.2021
42 2.075 1.1038 26.3058
43 2.125 1.10646 28.5174
44 2.175 1.08019 30.7793
45 2.225 1.04845 33.0769
46 2.275 1.03715 35.4529
47 2.325 1.01588 37.8837
48 2.375 0.986501 40.3468
49 2.425 0.981131 42.9007
50 2.475 0.962024 45.5092
40000 50
1 0.025 0 0
2 0.075 0 0
3 0.125 0 0
4 0.175 0 0
5 0.225 0 0
6 0.275 0 0
7 0.325 0 0
8 0.375 0 0
9 0.425 0 0
10 0.475 0 0
11 0.525 0 0
12 0.575 0 0
13 0.625 0 0
14 0.675 0 0
15 0.725 0 0
16 0.775 0 0
17 0.825 0.000324056 9.76563e-05
18 0.875 0.0524322 0.0178711
19 0.925 0.517134 0.21377
20 0.975 1.36554 0.788477
21 1.025 1.85601 1.65176
22 1.075 1.97659 2.66299
23 1.125 1.805 3.67432
24 1.175 1.58772 4.64473
25 1.225 1.37875 5.56064
26 1.275 1.21589 6.43564
27 1.325 1.08465 7.27861
28 1.375 0.975821 8.09531
29 1.425 0.887583 8.89316
30 1.475 0.845468 9.70742
31 1.525 0.827842 10.5597
32 1.575 0.814627 11.4542
33 1.625 0.796685 12.3854
34 1.675 0.82367 13.4084
35 1.725 0.851869 14.5305
36 1.775 0.875137 15.751
37 1.825 0.924685 17.1143
38 1.875 0.990866 18.6562
39 1.925 1.01841 20.3268
40 1.975 1.06705 22.1691
41 2.025 1.08952 24.1468
42 2.075 1.11451 26.2709
43 2.125 1.12385 28.5173
44 2.175 1.06722 30.7521
45 2.225 1.06129 33.0777
46 2.275 1.04184 35.4646
47 2.325 1.00967 37.8805
48 2.375 1.00258 40.3837
49 2.425 0.979893 42.9344
50 2.475 0.976935 45.5833
41000 50
1 0.025 0 0
2 0.075 0 0
3 0.125 0 0
4 0.175 0 0
5 0.225 0 0
6 0.275 0 0
7 0.325 0 0
8 0.375 0 0
9 0.425 0 0
10 0.475 0 0
11 0.525 0 0
12 0.575 0 0
13 0.625 0 0
14 0.675 0 0
15 0.725 0 0
16 0.775 0 0
17 0.825 0.000324056 9.76563e-05
18 0.875 0.058194 0.0198242
19 0.925 0.521516 0.217383
20 0.975 1.35347 0.787012
21 1.025 1.89653 1.66914
22 1.075 1.99568 2.69014
23 1.125 1.80674 3.70244
24 1.175 1.57382 4.66436
25 1.225 1.37537 5.57803
26 1.275 1.17952 6.42686
27 1.325 1.07472 7.26211
28 1.375 0.959368 8.06504
29 1.425 0.902575 8.87637
30 1.475 0.853885 9.69873
31 1.525 0.820823 10.5437
32 1.575 0.809291 11.4324
33 1.625 0.81849 12.3892
34 1.675 0.822333 13.4104
35 1.725 0.845493 14.5241
36 1.775 0.879129 15.7502
37 1.825 0.927798 17.1181
38 1.875 0.989611 18.6581
39 1.925 1.0305 20.3484
40 1.975 1.06665 22.1901
41 2.025 1.09506 24.1778
42 2.075 1.10165 26.2774
43 2.125 1.11618 28.5085
44 2.175 1.07804 30.7659
45 2.225 1.05616 33.0804
46 2.275 1.03071 35.4417
47 2.325 1.01833 37.8783
48 2.375 0.998626 40.3717
49 2.425 0.972953 42.9043
50 2.475 0.962889 45.5151
42000 50
1 0.025 0 0
2 0.075 0 0
3 0.125 0 0
4 0.175 0 0
5 0.225 0 0
6 0.275 0 0
7 0.325 0 0
8 0.375 0 0
9 0.425 0 0
10 0.475 0 0
11 0.525 0 0
12 0.575 0 0
13 0.625 0 0
14 0.675 0 0
15 0.725 0 0
16 0.775 0 0
17 0.825 0.000972169 0.000292969
18 0.875 0.0478228 0.0165039
19 0.925 0.513525 0.211035
20 0.975 1.37528 0.789844
21 1.025 1.93894 1.6917
22 1.075 1.96914 2.69912
23 1.125 1.79471 3.70469
24 1.175 1.57239 4.66572
25 1.225 1.36831 5.57471
26 1.275 1.1977 6.43662
27 1.325 1.05625 7.25752
28 1.375 0.960302 8.06123
29 1.425 0.892798 8.86377
30 1.475 0.855507 9.6877
31 1.525 0.822151 10.5341
32 1.575 0.811693 11.4254
33 1.625 0.804705 12.366
34 1.675 0.834285 13.4021
35 1.725 0.855946 14.5296
36 1.775 0.899785 15.7845
37 1.825 0.937402 17.1665
38 1.875 0.986599 18.7019
39 1.925 1.03365 20.3974
40 1.975 1.08271 22.2668
41 2.025 1.0913 24.2477
42 2.075 1.09483 26.3343
43 2.125 1.0959 28.5248
44 2.175 1.0648 30.7545
45 2.225 1.05113 33.0579
46 2.275 1.03058 35.4189
47 2.325 1.02326 37.8674
48 2.375 0.986462 40.3304
49 2.425 0.983833 42.8913
50 2.475 0.96649 45.5119
43000 50
1 0.025 0 0
2 0.075 0 0
3 0.125 0 0
4 0.175 0 0
5 0.225 0 0
6 0.275 0 0
7 0.325 0 0
8 0.375 0 0
9 0.425 0 0
10 0.475 0 0
11 0.525 0 0
12 0.575 0 0
13 0.625 0 0
14 0.675 0 0
15 0.725 0 0
16 0.775 0 0
17 0.825 0.000324056 9.76563e-05
18 0.875 0.0564655 0.0192383
19 0.925 0.515587 0.214551
20 0.975 1.33143 0.774902
21 1.025 1.9276 1.67148
22 1.075 1.9869 2.68799
23 1.125 1.805 3.69932
24 1.175 1.58485 4.66797
25 1.225 1.37463 5.58115
26 1.275 1.19377 6.44023
27 1.325 1.05449 7.25977
28 1.375 0.971037 8.07246
29 1.425 0.906378 8.88721
30 1.475 0.850336 9.70615
31 1.525 0.810578 10.5406
32 1.575 0.817473 11.4383
33 1.625 0.816652 12.3929
34 1.675 0.804169 13.3916
35 1.725 0.856539 14.5198
36 1.775 0.899155 15.7738
37 1.825 0.929851 17.1447
38 1.875 0.984465 18.6768
39 1.925 1.03294 20.3711
40 1.975 1.08232 22.2398
41 2.025 1.09824 24.2333
42 2.075 1.09688 26.3238
43 2.125 1.09639 28.5153
44 2.175 1.08019 30.7772
45 2.225 1.05554 33.0903
46 2.275 1.02329 35.4347
47 2.325 1.00739 37.8451
48 2.375 1.00727 40.3601
49 2.425 0.981544 42.915
50 2.475 0.960728 45.52
44000 50
1 0.025 0 0
2 0.075 0 0
3 0.125 0 0
4 0.175 0 0
5 0.225 0 0
6 0.275 0 0
7 0.325 0 0
8 0.375 0 0
9 0.425 0 0
10 0.475 0 0
11 0.525 0 0
12 0.575 0 0
13 0.625 0 0
14 0.675 0 0
15 0.725 0 0
16 0.775 0 0
17 0.825 0.000972169 0.000292969
18 0.875 0.0489752 0.0168945
19 0.925 0.48723 0.201465
20 0.975 1.36206 0.774707
21 1.025 1.93642 1.67539
22 1.075 1.95998 2.67813
23 1.125 1.82382 3.7
24 1.175 1.60242 4.67939
25 1.225 1.35199 5.57754
26 1.275 1.18603 6.43105
27 1.325 1.08101 7.27119
28 1.375 0.94665 8.06348
29 1.425 0.914308 8.88535
30 1.475 0.85429 9.70811
31 1.525 0.809344 10.5413
32 1.575 0.800754 11.4206
33 1.625 0.817989 12.3768
34 1.675 0.834993 13.4138
35 1.725 0.855946 14.5412
36 1.775 0.888302 15.7801
37 1.825 0.935349 17.1591
38 1.875 0.966706 18.6635
39 1.925 1.02133 20.3388
40 1.975 1.06541 22.1783
41 2.025 1.1041 24.1824
42 2.075 1.10928 26.2966
43 2.125 1.08657 28.4685
44 2.175 1.07762 30.725
45 2.225 1.05567 33.0384
46 2.275 1.0429 35.4276
47 2.325 1.02624 37.8832
48 2.375 0.986423 40.3461
49 2.425 0.985033 42.9102
50 2.475 0.967715 45.5341
45000 50
1 0.025 0 0
2 0.075 0 0
3 0.125 0 0
4 0.175 0 0
5 0.225 0 0
6 0.275 0 0
7 0.325 0 0
8 0.375 0 0
9 0.425 0 0
10 0.475 0 0
11 0.525 0 0
12 0.575 0 0
13 0.625 0 0
14 0.675 0 0
15 0.725 0 0
16 0.775 0 0
17 0.825 0.000648112 0.000195313
18 0.875 0.0509918 0.0174805
19 0.925 0.523321 0.215723
20 0.975 1.33328 0.776855
21 1.025 1.91353 1.66689
22 1.075 2.00446 2.69238
23 1.125 1.81598 3.70986
24 1.175 1.56472 4.66621
25 1.225 1.35611 5.56709
26 1.275 1.1897 6.42324
27 1.325 1.05964 7.24678
28 1.375 0.965669 8.05498
29 1.425 0.921913 8.88369
30 1.475 0.865546 9.71729
31 1.525 0.824048 10.5656
32 1.575 0.805823 11.4505
33 1.625 0.81072 12.3981
34 1.675 0.821075 13.4179
35 1.725 0.849718 14.5371
36 1.775 0.884941 15.7713
37 1.825 0.922433 17.1313
38 1.875 0.971225 18.6427
39 1.925 1.0433 20.354
40 1.975 1.0619 22.1875
41 2.025 1.10975 24.2019
42 2.075 1.10119 26.3006
43 2.125 1.09918 28.4977
44 2.175 1.07287 30.7442
45 2.225 1.07016 33.0894
46 2.275 1.04192 35.4764
47 2.325 1.00771 37.8876
48 2.375 0.992289 40.3651
49 2.425 0.975391 42.9041
50 2.475 0.964402 45.519
46000 50
1 0.025 0 0
2 0.075 0 0
3 0.125 0 0
4 0.175 0 0
5 0.225 0 0
6 0.275 0 0
7 0.325 0 0
8 0.375 0 0
9 0.425 0 0
10 0.475 0 0
11 0.525 0 0
12 0.575 0 0
13 0.625 0 0
14 0.675 0 0
15 0.725 0 0
16 0.775 0 0
17 0.825 0 0
18 0.875 0.0524322 0.0177734
19 0.925 0.521516 0.215332
20 0.975 1.36461 0.789648
21 1.025 1.91962 1.68252
22 1.075 1.96189 2.68623
23 1.125 1.81912 3.70547
24 1.175 1.57942 4.6708
25 1.225 1.35405 5.57031
26 1.275 1.19675 6.43154
27 1.325 1.06907 7.2624
28 1.375 0.968703 8.07314
29 1.425 0.904965 8.88662
30 1.475 0.857434 9.7124
31 1.525 0.820348 10.5569
32 1.575 0.787236 11.4214
33 1.625 0.819827 12.3797
34 1.675 0.825007 13.4043
35 1.725 0.857429 14.5337
36 1.775 0.899225 15.7878
37 1.825 0.929586 17.1583
38 1.875 0.990992 18.7005
39 1.925 1.01305 20.3622
40 1.975 1.07106 22.2115
41 2.025 1.09334 24.1961
42 2.075 1.11225 26.3159
43 2.125 1.10069 28.516
44 2.175 1.07016 30.7569
45 2.225 1.0546 33.068
46 2.275 1.03088 35.4297
47 2.325 1.0213 37.8734
48 2.375 0.998587 40.3667
49 2.425 0.97858 42.914
50 2.475 0.970632 45.5458
47000 50
1 0.025 0 0
2 0.075 0 0
3 0.125 0 0
4 0.175 0 0
5 0.225 0 0
6 0.275 0 0
7 0.325 0 0
8 0.375 0 0
9 0.425 0 0
10 0.475 0 0
11 0.525 0 0
12 0.575 0 0
13 0.625 0 0
14 0.675 0 0
15 0.725 0 0
16 0.775 0 0
17 0.825 0.000324056 9.76563e-05
18 0.875 0.0504156 0.0171875
19 0.925 0.515845 0.212598
20 0.975 1.37389 0.79082
21 1.025 1.88078 1.66562
22 1.075 1.98212 2.67969
23 1.125 1.83219 3.70625
24 1.175 1.58373 4.67422
25 1.225 1.35993 5.57764
26 1.275 1.19132 6.43496
27 1.325 1.07372 7.26943
28 1.375 0.96847 8.07998
29 1.425 0.902575 8.89131
30 1.475 0.838573 9.69893
31 1.525 0.817502 10.5405
32 1.575 0.801821 11.421
33 1.625 0.812057 12.3702
34 1.675 0.830826 13.4021
35 1.725 0.86425 14.5404
36 1.775 0.895584 15.7895
37 1.825 0.934355 17.167
38 1.875 0.995447 18.7161
39 1.925 1.0202 20.3896
40 1.975 1.05805 22.2164
41 2.025 1.09087 24.1965
42 2.075 1.09949 26.292
43 2.125 1.09717 28.4851
44 2.175 1.07954 30.7456
45 2.225 1.07007 33.0905
46 2.275 1.0311 35.4527
47 2.325 1.01841 37.8896
48 2.375 0.99491 40.3736
49 2.425 0.972615 42.9054
50 2.475 0.971713 45.5401
48000 50
1 0.025 0 0
2 0.075 0 0
3 0.125 0 0
4 0.175 0 0
5 0.225 0 0
6 0.275 0 0
7 0.325 0 0
8 0.375 0 0
9 0.425 0 0
10 0.475 0 0
11 0.525 0 0
12 0.575 0 0
13 0.625 0 0
14 0.675 0 0
15 0.725 0 0
16 0.775 0 0
17 0.825 0.000648112 0.000195313
18 0.875 0.051568 0.0176758
19 0.925 0.520227 0.214746
20 0.975 1.35115 0.783398
21 1.025 1.92907 1.68066
22 1.075 1.96952 2.68828
23 1.125 1.79489 3.69395
24 1.175 1.58725 4.66406
25 1.225 1.35979 5.56738
26 1.275 1.2011 6.43174
27 1.325 1.0795 7.2707
28 1.375 0.971153 8.0835
29 1.425 0.901597 8.89395
30 1.475 0.853378 9.71582
31 1.525 0.814657 10.5545
32 1.575 0.796574 11.4292
33 1.625 0.8159 12.3829
34 1.675 0.820682 13.4021
35 1.725 0.848681 14.52
36 1.775 0.888652 15.7594
37 1.825 0.931044 17.132
38 1.875 0.965326 18.6343
39 1.925 1.038 20.3369
40 1.975 1.0787 22.1994
41 2.025 1.10259 24.2008
42 2.075 1.10718 26.3109
43 2.125 1.09292 28.4955
44 2.175 1.08667 30.771
45 2.225 1.05763 33.0887
46 2.275 1.02858 35.4451
47 2.325 1.03228 37.9151
48 2.375 0.997687 40.4062
49 2.425 0.972165 42.9367
50 2.475 0.972433 45.5734
49000 50
1 0.025 0 0
2 0.075 0 0
3 0.125 0 0
4 0.175 0 0
5 0.225 0 0
6 0.275 0 0
7 0.325 0 0
8 0.375 0 0
9 0.425 0 0
10 0.475 0 0
11 0.525 0 0
12 0.575 0 0
13 0.625 0 0
14 0.675 0 0
15 0.725 0 0
16 0.775 0 0
17 0.825 0.000648112 0.000195313
18 0.875 0.0509918 0.0174805
19 0.925 0.509658 0.210547
20 0.975 1.36275 0.784082
21 1.025 1.88897 1.6627
22 1.075 1.97449 2.67285
23 1.125 1.81999 3.69258
24 1.175 1.57926 4.65781
25 1.225 1.37757 5.57295
26 1.275 1.18793 6.42783
27 1.325 1.05826 7.25029
28 1.375 0.970687 8.0627
29 1.425 0.895731 8.86787
30 1.475 0.87599 9.71152
31 1.525 0.810767 10.5462
32 1.575 0.821386 11.4481
33 1.625 0.810219 12.3952
34 1.675 0.82139 13.4153
35 1.725 0.858986 14.5468
36 1.775 0.88242 15.7774
37 1.825 0.92899 17.1471
38 1.875 0.961937 18.644
39 1.925 1.03806 20.3468
40 1.975 1.07338 22.2001
41 2.025 1.09372 24.1854
42 2.075 1.10703 26.2952
43 2.125 1.1001 28.4941
44 2.175 1.07692 30.7492
45 2.225 1.05928 33.0705
46 2.275 1.03655 35.4452
47 2.325 1.01249 37.8679
48 2.375 0.997335 40.358
49 2.425 0.975279 42.8967
50 2.475 0.974018 45.5377
50000 50
1 0.025 0 0
2 0.075 0 0
3 0.125 0 0
4 0.175 0 0
5 0.225 0 0
6 0.275 0 0
7 0.325 0 0
8 0.375 0 0
9 0.425 0 0
10 0.475 0 0
11 0.525 0 0
12 0.575 0 0
13 0.625 0 0
14 0.675 0 0
15 0.725 0 0
16 0.775 0 0
17 0.825 0.000648112 0.000195313
18 0.875 0.0512799 0.0175781
19 0.925 0.500635 0.207227
20 0.975 1.36507 0.781738
21 1.025 1.88687 1.65938
22 1.075 1.99625 2.68066
23 1.125 1.79315 3.68535
24 1.175 1.6323 4.68301
25 1.225 1.37184 5.59434
26 1.275 1.19838 6.45674
27 1.325 1.06731 7.28623
28 1.375 0.950734 8.08193
29 1.425 0.873894 8.86748
30 1.475 0.85642 9.69229
31 1.525 0.830214 10.547
32 1.575 0.788659 11.413
33 1.625 0.8093 12.359
34 1.675 0.834364 13.3952
35 1.725 0.85565 14.5223
36 1.775 0.897615 15.7741
37 1.825 0.933693 17.1507
38 1.875 0.985407 18.6842
39 1.925 1.04044 20.3908
40 1.975 1.06767 22.2343
41 2.025 1.08721 24.2077
42 2.075 1.10365 26.3111
43 2.125 1.10318 28.5162
44 2.175 1.07226 30.7615
45 2.225 1.069 33.1041
46 2.275 1.03131 35.4668
47 2.325 1.00049 37.8607
48 2.375 1.00136 40.3609
49 2.425 0.977567 42.9056
50 2.475 0.974378 45.5476
51000 50
1 0.025 0 0
2 0.075 0 0
3 0.125 0 0
4 0.175 0 0
5 0.225 0 0
6 0.275 0 0
7 0.325 0 0
8 0.375 0 0
9 0.425 0 0
10 0.475 0 0
11 0.525 0 0
12 0.575 0 0
13 0.625 0 0
14 0.675 0 0
15 0.725 0 0
16 0.775 0 0
17 0.825 0.000972169 0.000292969
18 0.875 0.051568 0.0177734
19 0.925 0.521258 0.215234
20 0.975 1.38224 0.796973
21 1.025 1.91689 1.68857
22 1.075 1.9848 2.704
23 1.125 1.82644 3.72734
24 1.175 1.54938 4.67432
25 1.225 1.36023 5.57793
26 1.275 1.17952 6.42676
27 1.325 1.06643 7.25557
28 1.375 0.96812 8.06582
29 1.425 0.891385 8.86709
30 1.475 0.860374 9.6957
31 1.525 0.810198 10.5298
32 1.575 0.818363 11.4284
33 1.625 0.815399 12.3815
34 1.675 0.829253 13.4114
35 1.725 0.850905 14.5322
36 1.775 0.880949 15.7608
37 1.825 0.939058 17.1453
38 1.875 0.971664 18.6574
39 1.925 1.03109 20.3487
40 1.975 1.07208 22.1998
41 2.025 1.09764 24.1922
42 2.075 1.11061 26.3089
43 2.125 1.09932 28.5063
44 2.175 1.07842 30.7645
45 2.225 1.06369 33.0954
46 2.275 1.03979 35.4775
47 2.325 1.01494 37.9061
48 2.375 0.992485 40.3841
49 2.425 0.977792 42.9293
50 2.475 0.962241 45.5384
52000 50
1 0.025 0 0
2 0.075 0 0
3 0.125 0 0
4 0.175 0 0
5 0.225 0 0
6 0.275 0 0
7 0.325 0 0
8 0.375 0 0
9 0.425 0 0
10 0.475 0 0
11 0.525 0 0
12 0.575 0 0
13 0.625 0 0
14 0.675 0 0
15 0.725 0 0
16 0.775 0 0
17 0.825 0.00129622 0.000390625
18 0.875 0.0576178 0.0199219
19 0.925 0.516876 0.215723
20 0.975 1.34419 0.781445
21 1.025 1.92928 1.67881
22 1.075 1.98499 2.69434
23 1.125 1.82312 3.71582
24 1.175 1.59971 4.69355
25 1.225 1.34273 5.58555
26 1.275 1.1882 6.44062
27 1.325 1.05512 7.26064
28 1.375 0.955518 8.06035
29 1.425 0.899751 8.86914
30 1.475 0.848003 9.68584
31 1.525 0.817028 10.527
32 1.575 0.812938 11.4196
33 1.625 0.795598 12.3496
34 1.675 0.829096 13.3793
35 1.725 0.858096 14.5096
36 1.775 0.904057 15.7704
37 1.825 0.946278 17.1655
38 1.875 0.978818 18.6888
39 1.925 1.03467 20.3859
40 1.975 1.06688 22.228
41 2.025 1.10464 24.2331
42 2.075 1.09862 26.327
43 2.125 1.08476 28.4952
44 2.175 1.0703 30.7364
45 2.225 1.06156 33.0627
46 2.275 1.02905 35.4202
47 2.325 1.00433 37.8233
48 2.375 1.00351 40.3289
49 2.425 0.980681 42.8816
50 2.475 0.96894 45.5089
53000 50
1 0.025 0 0
2 0.075 0 0
3 0.125 0 0
4 0.175 0 0
5 0.225 0 0
6 0.275 0 0
7 0.325 0 0
8 0.375 0 0
9 0.425 0 0
10 0.475 0 0
11 0.525 0 0
12 0.575 0 0
13 0.625 0 0
14 0.675 0 0
15 0.725 0 0
16 0.775 0 0
17 0.825 0 0
18 0.875 0.0498394 0.0168945
19 0.925 0.520743 0.21416
20 0.975 1.39013 0.799219
21 1.025 1.88288 1.675
22 1.075 1.99243 2.69434
23 1.125 1.76909 3.68555
24 1.175 1.57175 4.64619
25 1.225 1.38331 5.56514
26 1.275 1.19227 6.42314
27 1.325 1.07598 7.25938
28 1.375 0.968003 8.06953
29 1.425 0.900294 8.87881
30 1.475 0.854899 9.70215
31 1.525 0.83287 10.5596
32 1.575 0.807869 11.4467
33 1.625 0.799191 12.3809
34 1.675 0.82713 13.4081
35 1.725 0.849718 14.5273
36 1.775 0.880599 15.7555
37 1.825 0.931242 17.1284
38 1.875 0.981328 18.6556
39 1.925 1.03967 20.3609
40 1.975 1.08543 22.2351
41 2.025 1.09382 24.2205
42 2.075 1.10539 26.3272
43 2.125 1.08002 28.486
44 2.175 1.08891 30.7662
45 2.225 1.05772 33.0841
46 2.275 1.02956 35.4428
47 2.325 1.01824 37.8792
48 2.375 1.00218 40.3814
49 2.425 0.975016 42.9194
50 2.475 0.970956 45.5521
54000 50
1 0.025 0 0
2 0.075 0 0
3 0.125 0 0
4 0.175 0 0
5 0.225 0 0
6 0.275 0 0
7 0.325 0 0
8 0.375 0 0
9 0.425 0 0
10 0.475 0 0
11 0.525 0 0
12 0.575 0 0
13 0.625 0 0
14 0.675 0 0
15 0.725 0 0
16 0.775 0 0
17 0.825 0 0
18 0.875 0.0530084 0.0179687
19 0.925 0.517907 0.21416
20 0.975 1.36159 0.787207
21 1.025 1.90367 1.67266
22 1.075 1.98785 2.68965
23 1.125 1.79506 3.69541
24 1.175 1.5882 4.66611
25 1.225 1.3836 5.58525
26 1.275 1.18834 6.44043
27 1.325 1.05927 7.26367
28 1.375 0.983405 8.08672
29 1.425 0.872156 8.8707
30 1.475 0.845874 9.68535
31 1.525 0.831731 10.5416
32 1.575 0.814183 11.4356
33 1.625 0.820662 12.3949
34 1.675 0.811325 13.4025
35 1.725 0.852536 14.5255
36 1.775 0.885851 15.7609
37 1.825 0.93462 17.1389
38 1.875 0.991556 18.6819
39 1.925 1.0246 20.3626
40 1.975 1.0787 22.2251
41 2.025 1.08409 24.1929
42 2.075 1.11097 26.3103
43 2.125 1.10431 28.5176
44 2.175 1.07249 30.7634
45 2.225 1.06102 33.0885
46 2.275 1.03625 35.4625
47 2.325 1.00955 37.8781
48 2.375 0.998587 40.3714
49 2.425 0.982257 42.9282
50 2.475 0.960476 45.5325
55000 50
1 0.025 0 0
2 0.075 0 0
3 0.125 0 0
4 0.175 0 0
5 0.225 0 0
6 0.275 0 0
7 0.325 0 0
8 0.375 0 0
9 0.425 0 0
10 0.475 0 0
11 0.525 0 0
12 0.575 0 0
13 0.625 0 0
14 0.675 0 0
15 0.725 0 0
16 0.775 0 0
17 0.825 0.000324056 9.76563e-05
18 0.875 0.0532965 0.0181641
19 0.925 0.486199 0.202344
20 0.975 1.38804 0.786523
21 1.025 1.89254 1.6668
22 1.075 1.98136 2.68047
23 1.125 1.79123 3.68408
24 1.175 1.60051 4.6623
25 1.225 1.36184 5.56699
26 1.275 1.19811 6.4292
27 1.325 1.06945 7.26035
28 1.375 0.978854 8.07959
29 1.425 0.892254 8.88164
30 1.475 0.847192 9.69756
31 1.525 0.824237 10.5461
32 1.575 0.820141 11.4467
33 1.625 0.815566 12.4
34 1.675 0.818087 13.416
35 1.725 0.849348 14.5348
36 1.775 0.904477 15.7962
37 1.825 0.928858 17.1656
38 1.875 0.964071 18.6659
39 1.925 1.0327 20.3599
40 1.975 1.07576 22.2173
41 2.025 1.09264 24.2006
42 2.075 1.10354 26.3038
43 2.125 1.08696 28.4765
44 2.175 1.078 30.7338
45 2.225 1.06802 33.0742
46 2.275 1.03924 35.4551
47 2.325 1.01012 37.8721
48 2.375 0.991585 40.3479
49 2.425 0.977567 42.8925
50 2.475 0.968147 45.5176
56000 50
1 0.025 0 0
2 0.075 0 0
3 0.125 0 0
4 0.175 0 0
5 0.225 0 0
6 0.275 0 0
7 0.325 0 0
8 0.375 0 0
9 0.425 0 0
10 0.475 0 0
11 0.525 0 0
12 0.575 0 0
13 0.625 0 0
14 0.675 0 0
15 0.725 0 0
16 0.775 0 0
17 0.825 0.000324056 9.76563e-05
18 0.875 0.0507037 0.0172852
19 0.925 0.50708 0.209375
20 0.975 1.34628 0.775977
21 1.025 1.89968 1.65957
22 1.075 1.98899 2.67715
23 1.125 1.83742 3.70664
24 1.175 1.59699 4.68271
25 1.225 1.36096 5.58682
26 1.275 1.20734 6.45566
27 1.325 1.07246 7.28916
28 1.375 0.961352 8.09375
29 1.425 0.891385 8.89502
30 1.475 0.853276 9.7168
31 1.525 0.800617 10.541
32 1.575 0.811426 11.432
33 1.625 0.803034 12.3707
34 1.675 0.83287 13.4051
35 1.725 0.844603 14.5176
36 1.775 0.894674 15.7653
37 1.825 0.93833 17.1487
38 1.875 0.970346 18.6588
39 1.925 1.0514 20.3834
40 1.975 1.07157 22.2336
41 2.025 1.09011 24.2123
42 2.075 1.11169 26.3311
43 2.125 1.09517 28.5201
44 2.175 1.0807 30.7831
45 2.225 1.0571 33.0996
46 2.275 1.03357 35.4675
47 2.325 1.01155 37.8879
48 2.375 0.987987 40.3547
49 2.425 0.978318 42.9013
50 2.475 0.969804 45.5309
57000 50
1 0.025 0 0
2 0.075 0 0
3 0.125 0 0
4 0.175 0 0
5 0.225 0 0
6 0.275 0 0
7 0.325 0 0
8 0.375 0 0
9 0.425 0 0
10 0.475 0 0
11 0.525 0 0
12 0.575 0 0
13 0.625 0 0
14 0.675 0 0
15 0.725 0 0
16 0.775 0 0
17 0.825 0.000324056 9.76563e-05
18 0.875 0.0481109 0.0164063
19 0.925 0.499862 0.205762
20 0.975 1.36136 0.778711
21 1.025 1.92676 1.6749
22 1.075 1.96494 2.68018
23 1.125 1.79541 3.68613
24 1.175 1.59156 4.65889
25 1.225 1.37948 5.57529
26 1.275 1.19092 6.43232
27 1.325 1.07058 7.26436
28 1.375 0.97197 8.07783
29 1.425 0.905291 8.8916
30 1.475 0.848206 9.7085
31 1.525 0.818356 10.551
32 1.575 0.806535 11.4366
33 1.625 0.800945 12.3729
34 1.675 0.837509 13.413
35 1.725 0.850163 14.5328
36 1.775 0.888162 15.7715
37 1.825 0.934157 17.1487
38 1.875 0.977625 18.6701
39 1.925 1.02568 20.3525
40 1.975 1.07129 22.2022
41 2.025 1.09447 24.1889
42 2.075 1.11236 26.3089
43 2.125 1.09175 28.4911
44 2.175 1.0849 30.7629
45 2.225 1.06405 33.0946
46 2.275 1.04184 35.4814
47 2.325 1.00343 37.8824
48 2.375 0.990021 40.3543
49 2.425 0.985821 42.9204
50 2.475 0.9599 45.5231
58000 50
1 0.025 0 0
2 0.075 0 0
3 0.125 0 0
4 0.175 0 0
5 0.225 0 0
6 0.275 0 0
7 0.325 0 0
8 0.375 0 0
9 0.425 0 0
10 0.475 0 0
11 0.525 0 0
12 0.575 0 0
13 0.625 0 0
14 0.675 0 0
15 0.725 0 0
16 0.775 0 0
17 0.825 0.000324056 9.76563e-05
18 0.875 0.0495513 0.0168945
19 0.925 0.52461 0.215625
20 0.975 1.34512 0.781738
21 1.025 1.88435 1.6582
22 1.075 2.00407 2.6835
23 1.125 1.8104 3.69785
24 1.175 1.60626 4.67959
25 1.225 1.36787 5.58828
26 1.275 1.18264 6.43936
27 1.325 1.06869 7.26992
28 1.375 0.960535 8.07383
29 1.425 0.91018 8.89199
30 1.475 0.850843 9.71143
31 1.525 0.817787 10.5533
32 1.575 0.805112 11.4374
33 1.625 0.81473 12.3897
34 1.675 0.82886 13.4191
35 1.725 0.83667 14.5212
36 1.775 0.896634 15.7717
37 1.825 0.929851 17.1426
38 1.875 0.978504 18.6653
39 1.925 1.02853 20.3524
40 1.975 1.0714 22.2023
41 2.025 1.0956 24.191
42 2.075 1.10257 26.2924
43 2.125 1.10035 28.4918
44 2.175 1.08294 30.7595
45 2.225 1.04836 33.0568
46 2.275 1.03169 35.4204
47 2.325 1.02065 37.8626
48 2.375 1.00457 40.3708
49 2.425 0.986234 42.938
50 2.475 0.96026 45.5417
59000 50
1 0.025 0 0
2 0.075 0 0
3 0.125 0 0
4 0.175 0 0
5 0.225 0 0
6 0.275 0 0
7 0.325 0 0
8 0.375 0 0
9 0.425 0 0
10 0.475 0 0
11 0.525 0 0
12 0.575 0 0
13 0.625 0 0
14 0.675 0 0
15 0.725 0 0
16 0.775 0 0
17 0.825 0.000648112 0.000195313
18 0.875 0.0556012 0.019043
19 0.925 0.514556 0.213965
20 0.975 1.35672 0.784961
21 1.025 1.89947 1.66846
22 1.075 1.98938 2.68623
23 1.125 1.81058 3.70068
24 1.175 1.56695 4.6584
25 1.225 1.37816 5.57393
26 1.275 1.19119 6.43115
27 1.325 1.05964 7.25469
28 1.375 0.97162 8.06787
29 1.425 0.906595 8.88281
30 1.475 0.848713 9.7002
31 1.525 0.82936 10.554
32 1.575 0.809025 11.4424
33 1.625 0.810887 12.3902
34 1.675 0.827444 13.4179
35 1.725 0.847494 14.5342
36 1.775 0.887181 15.7715
37 1.825 0.941509 17.1596
38 1.875 0.972291 18.6727
39 1.925 1.02466 20.3534
40 1.975 1.07027 22.2014
41 2.025 1.1041 24.2055
42 2.075 1.10318 26.308
43 2.125 1.09522 28.4972
44 2.175 1.08634 30.772
45 2.225 1.05928 33.0933
46 2.275 1.02645 35.4448
47 2.325 1.01188 37.866
48 2.375 0.997218 40.3559
49 2.425 0.981582 42.9109
50 2.475 0.970416 45.5422
60000 50
1 0.025 0 0
2 0.075 0 0
3 0.125 0 0
4 0.175 0 0
5 0.225 0 0
6 0.275 0 0
7 0.325 0 0
8 0.375 0 0
9 0.425 0 0
10 0.475 0 0
11 0.525 0 0
12 0.575 0 0
13 0.625 0 0
14 0.675 0 0
15 0.725 0 0
16 0.775 0 0
17 0.825 0.000648112 0.000195313
18 0.875 0.048399 0.0166016
19 0.925 0.514814 0.211621
20 0.975 1.337 0.774316
21 1.025 1.88519 1.65117
22 1.075 1.98441 2.66641
23 1.125 1.81877 3.68545
24 1.175 1.57175 4.64609
25 1.225 1.36552 5.55322
26 1.275 1.20829 6.42275
27 1.325 1.08653 7.26719
28 1.375 0.975821 8.08389
29 1.425 0.898121 8.89121
30 1.475 0.86078 9.72021
31 1.525 0.812095 10.5563
32 1.575 0.802888 11.4379
33 1.625 0.817404 12.3934
34 1.675 0.820761 13.4127
35 1.725 0.845789 14.5268
36 1.775 0.88424 15.76
37 1.825 0.94661 17.1556
38 1.875 0.982708 18.6849
39 1.925 1.02002 20.358
40 1.975 1.07615 22.2161
41 2.025 1.08914 24.1931
42 2.075 1.09365 26.2774
43 2.125 1.09463 28.4654
44 2.175 1.07874 30.7243
45 2.225 1.06369 33.0553
46 2.275 1.03514 35.4268
47 2.325 1.02224 37.8728
48 2.375 0.997804 40.3641
49 2.425 0.976029 42.9047
50 2.475 0.965302 45.5221
61000 50
1 0.025 0 0
2 0.075 0 0
3 0.125 0 0
4 0.175 0 0
5 0.225 0 0
6 0.275 0 0
7 0.325 0 0
8 0.375 0 0
9 0.425 0 0
10 0.475 0 0
11 0.525 0 0
12 0.575 0 0
13 0.625 0 0
14 0.675 0 0
15 0.725 0 0
16 0.775 0 0
17 0.825 0.000324056 9.76563e-05
18 0.875 0.0535846 0.0182617
19 0.925 0.511205 0.211914
20 0.975 1.37923 0.792383
21 1.025 1.91416 1.68271
22 1.075 1.95712 2.68398
23 1.125 1.84125 3.71563
24 1.175 1.54554 4.66025
25 1.225 1.37052 5.5707
26 1.275 1.20327 6.43662
27 1.325 1.06341 7.26309
28 1.375 0.955518 8.06279
29 1.425 0.908876 8.87979
30 1.475 0.850843 9.69922
31 1.525 0.807827 10.5309
32 1.575 0.800309 11.4097
33 1.625 0.817989 12.3658
34 1.675 0.834993 13.4028
35 1.725 0.851127 14.5239
36 1.775 0.894534 15.7715
37 1.825 0.940648 17.1583
38 1.875 0.983022 18.6881
39 1.925 1.04008 20.3941
40 1.975 1.07231 22.2456
41 2.025 1.09673 24.2363
42 2.075 1.11292 26.3574
43 2.125 1.08237 28.5209
44 2.175 1.06531 30.7517
45 2.225 1.04997 33.0525
46 2.275 1.02994 35.4121
47 2.325 1.02212 37.8578
48 2.375 0.990295 40.3304
49 2.425 0.973403 42.8642
50 2.475 0.975927 45.5104
62000 50
1 0.025 0 0
2 0.075 0 0
3 0.125 0 0
4 0.175 0 0
5 0.225 0 0
6 0.275 0 0
7 0.325 0 0
8 0.375 0 0
9 0.425 0 0
10 0.475 0 0
11 0.525 0 0
12 0.575 0 0
13 0.625 0 0
14 0.675 0 0
15 0.725 0 0
16 0.775 0 0
17 0.825 0.000324056 9.76563e-05
18 0.875 0.0498394 0.0169922
19 0.925 0.522805 0.215039
20 0.975 1.33955 0.778809
21 1.025 1.91269 1.66846
22 1.075 1.96246 2.67246
23 1.125 1.81406 3.68887
24 1.175 1.57031 4.64863
25 1.225 1.40859 5.58437
26 1.275 1.20693 6.45293
27 1.325 1.06316 7.2792
28 1.375 0.966369 8.08799
29 1.425 0.909637 8.90566
30 1.475 0.859157 9.73311
31 1.525 0.81238 10.5694
32 1.575 0.787058 11.4337
33 1.625 0.815816 12.3873
34 1.675 0.817301 13.4023
35 1.725 0.841489 14.5107
36 1.775 0.888652 15.7501
37 1.825 0.937469 17.1322
38 1.875 0.977061 18.6527
39 1.925 1.02847 20.3397
40 1.975 1.06948 22.1863
41 2.025 1.10405 24.1903
42 2.075 1.10882 26.3036
43 2.125 1.10128 28.5049
44 2.175 1.08098 30.7685
45 2.225 1.05585 33.0822
46 2.275 1.03382 35.4507
47 2.325 1.01318 37.875
48 2.375 0.99534 40.3602
49 2.425 0.984133 42.9219
50 2.475 0.965842 45.5407
63000 50
1 0.025 0 0
2 0.075 0 0
3 0.125 0 0
4 0.175 0 0
5 0.225 0 0
6 0.275 0 0
7 0.325 0 0
8 0.375 0 0
9 0.425 0 0
10 0.475 0 0
11 0.525 0 0
12 0.575 0 0
13 0.625 0 0
14 0.675 0 0
15 0.725 0 0
16 0.775 0 0
17 0.825 0.000324056 9.76563e-05
18 0.875 0.0504156 0.0171875
19 0.925 0.517392 0.213184
20 0.975 1.35393 0.783008
21 1.025 1.90493 1.66904
22 1.075 1.97773 2.68086
23 1.125 1.84282 3.71338
24 1.175 1.56488 4.66982
25 1.225 1.34964 5.56641
26 1.275 1.20937 6.43672
27 1.325 1.06052 7.26094
28 1.375 0.96812 8.07119
29 1.425 0.897143 8.87764
30 1.475 0.844759 9.69121
31 1.525 0.826799 10.5424
32 1.575 0.806712 11.4282
33 1.625 0.813059 12.3786
34 1.675 0.81738 13.3938
35 1.725 0.844158 14.5057
36 1.775 0.908468 15.7727
37 1.825 0.928725 17.1419
38 1.875 0.983963 18.6731
39 1.925 1.03699 20.3741
40 1.975 1.0615 22.2069
41 2.025 1.09818 24.2003
42 2.075 1.09857 26.294
43 2.125 1.08769 28.4682
44 2.175 1.07865 30.7269
45 2.225 1.07435 33.0812
46 2.275 1.04337 35.4715
47 2.325 1.01147 37.8917
48 2.375 0.986462 40.3547
49 2.425 0.982857 42.9131
50 2.475 0.971137 45.5463
64000 50
1 0.025 0 0
2 0.075 0 0
3 0.125 0 0
4 0.175 0 0
5 0.225 0 0
6 0.275 0 0
7 0.325 0 0
8 0.375 0 0
9 0.425 0 0
10 0.475 0 0
11 0.525 0 0
12 0.575 0 0
13 0.625 0 0
14 0.675 0 0
15 0.725 0 0
16 0.775 0 0
17 0.825 0.000648112 0.000195313
18 0.875 0.0602106 0.0206055
19 0.925 0.519196 0.217285
20 0.975 1.33746 0.780176
21 1.025 1.91207 1.66953
22 1.075 1.95674 2.67061
23 1.125 1.80988 3.68467
24 1.175 1.60578 4.66611
25 1.225 1.37522 5.57969
26 1.275 1.19268 6.43799
27 1.325 1.05889 7.26094
28 1.375 0.97302 8.07529
29 1.425 0.908659 8.89209
30 1.475 0.841615 9.70264
31 1.525 0.829739 10.5568
32 1.575 0.80938 11.4456
33 1.625 0.8093 12.3916
34 1.675 0.830039 13.4225
35 1.725 0.850312 14.5425
36 1.775 0.893623 15.7888
37 1.825 0.936541 17.1695
38 1.875 0.97637 18.689
39 1.925 1.02705 20.3736
40 1.975 1.05958 22.2031
41 2.025 1.08419 24.1711
42 2.075 1.10513 26.2773
43 2.125 1.09424 28.4646
44 2.175 1.08406 30.7346
45 2.225 1.05879 33.0548
46 2.275 1.04793 35.4556
47 2.325 1.01118 37.8751
48 2.375 1.00129 40.3751
49 2.425 0.976179 42.9161
50 2.475 0.972397 45.5527
65000 50
1 0.025 0 0
2 0.075 0 0
3 0.125 0 0
4 0.175 0 0
5 0.225 0 0
6 0.275 0 0
7 0.325 0 0
8 0.375 0 0
9 0.425 0 0
10 0.475 0 0
11 0.525 0 0
12 0.575 0 0
13 0.625 0 0
14 0.675 0 0
15 0.725 0 0
16 0.775 0 0
17 0.825 0.00129622 0.000390625
18 0.875 0.0607868 0.0209961
19 0.925 0.504244 0.212012
20 0.975 1.37598 0.791113
21 1.025 1.89212 1.67119
22 1.075 1.95139 2.66953
23 1.125 1.81633 3.68721
24 1.175 1.58341 4.65498
25 1.225 1.36743 5.56338
26 1.275 1.1996 6.42666
27 1.325 1.0697 7.25801
28 1.375 0.960535 8.06191
29 1.425 0.908224 8.87832
30 1.475 0.857738 9.70439
31 1.525 0.812285 10.5406
32 1.575 0.81445 11.435
33 1.625 0.809216 12.3809
34 1.675 0.827995 13.4092
35 1.725 0.843565 14.5203
36 1.775 0.896494 15.7706
37 1.825 0.929321 17.1407
38 1.875 0.989988 18.6813
39 1.925 1.03461 20.3784
40 1.975 1.08079 22.2445
41 2.025 1.07774 24.2008
42 2.075 1.08325 26.2653
43 2.125 1.10157 28.4672
44 2.175 1.08569 30.7406
45 2.225 1.06601 33.0767
46 2.275 1.03323 35.4438
47 2.325 1.01245 37.8663
48 2.375 0.991742 40.3425
49 2.425 0.977117 42.8859
50 2.475 0.968147 45.511
66000 50
1 0.025 0 0
2 0.075 0 0
3 0.125 0 0
4 0.175 0 0
5 0.225 0 0
6 0.275 0 0
7 0.325 0 0
8 0.375 0 0
9 0.425 0 0
10 0.475 0 0
11 0.525 0 0
12 0.575 0 0
13 0.625 0 0
14 0.675 0 0
15 0.725 0 0
16 0.775 0 0
17 0.825 0.000972169 0.000292969
18 0.875 0.0553131 0.019043
19 0.925 0.49883 0.208008
20 0.975 1.34512 0.774121
21 1.025 1.90325 1.65938
22 1.075 1.99358 2.6793
23 1.125 1.81946 3.69873
24 1.175 1.60834 4.68174
25 1.225 1.37228 5.59336
26 1.275 1.18929 6.44922
27 1.325 1.06392 7.27607
28 1.375 0.971503 8.08916
29 1.425 0.89258 8.8915
30 1.475 0.839486 9.7
31 1.525 0.816649 10.5407
32 1.575 0.803778 11.4233
33 1.625 0.822667 12.385
34 1.675 0.81848 13.4015
35 1.725 0.843417 14.5124
36 1.775 0.896914 15.7633
37 1.825 0.93833 17.1467
38 1.875 0.978253 18.669
39 1.925 1.02139 20.3444
40 1.975 1.07287 22.1969
41 2.025 1.09662 24.1874
42 2.075 1.10795 26.299
43 2.125 1.10323 28.5042
44 2.175 1.09521 30.7976
45 2.225 1.05902 33.1183
46 2.275 1.03429 35.4878
47 2.325 1.00351 37.889
48 2.375 0.992133 40.3661
49 2.425 0.97753 42.9106
50 2.475 0.962133 45.5194
67000 50
1 0.025 0 0
2 0.075 0 0
3 0.125 0 0
4 0.175 0 0
5 0.225 0 0
6 0.275 0 0
7 0.325 0 0
8 0.375 0 0
9 0.425 0 0
10 0.475 0 0
11 0.525 0 0
12 0.575 0 0
13 0.625 0 0
14 0.675 0 0
15 0.725 0 0
16 0.775 0 0
17 0.825 0.000324056 9.76563e-05
18 0.875 0.0619392 0.0210938
19 0.925 0.497284 0.209473
20 0.975 1.34813 0.776855
21 1.025 1.90892 1.66475
22 1.075 1.99186 2.68379
23 1.125 1.80116 3.69297
24 1.175 1.58788 4.66348
25 1.225 1.38742 5.58516
26 1.275 1.19417 6.44453
27 1.325 1.07799 7.28232
28 1.375 0.970803 8.09482
29 1.425 0.903444 8.90693
30 1.475 0.837762 9.71377
31 1.525 0.821107 10.5591
32 1.575 0.781366 11.4171
33 1.625 0.815064 12.3698
34 1.675 0.823906 13.3931
35 1.725 0.8535 14.5173
36 1.775 0.889282 15.7575
37 1.825 0.92336 17.1188
38 1.875 0.979194 18.6427
39 1.925 1.03675 20.3433
40 1.975 1.07661 22.2021
41 2.025 1.09786 24.1949
42 2.075 1.09514 26.2821
43 2.125 1.08848 28.4578
44 2.175 1.08984 30.7399
45 2.225 1.0698 33.0843
46 2.275 1.04175 35.4709
47 2.325 1.0071 37.8807
48 2.375 0.993854 40.3621
49 2.425 0.985746 42.928
50 2.475 0.969192 45.556
68000 50
1 0.025 0 0
2 0.075 0 0
3 0.125 0 0
4 0.175 0 0
5 0.225 0 0
6 0.275 0 0
7 0.325 0 0
8 0.375 0 0
9 0.425 0 0
10 0.475 0 0
11 0.525 0 0
12 0.575 0 0
13 0.625 0 0
14 0.675 0 0
15 0.725 0 0
16 0.775 0 0
17 0.825 0.000972169 0.000292969
18 0.875 0.051856 0.0178711
19 0.925 0.491354 0.204004
20 0.975 1.34721 0.770996
21 1.025 1.94377 1.6751
22 1.075 1.97582 2.68594
23 1.125 1.77415 3.67998
24 1.175 1.59364 4.654
25 1.225 1.38875 5.57656
26 1.275 1.19838 6.43896
27 1.325 1.07321 7.27305
28 1.375 0.97092 8.08564
29 1.425 0.888235 8.88408
30 1.475 0.848308 9.70107
31 1.525 0.822815 10.5481
32 1.575 0.810359 11.438
33 1.625 0.811472 12.3865
34 1.675 0.830747 13.4183
35 1.725 0.851201 14.5395
36 1.775 0.88214 15.7697
37 1.825 0.933428 17.1459
38 1.875 0.984716 18.6783
39 1.925 1.02734 20.3635
40 1.975 1.06501 22.2023
41 2.025 1.10012 24.1992
42 2.075 1.10216 26.2998
43 2.125 1.08721 28.4729
44 2.175 1.07217 30.7181
45 2.225 1.05937 33.0396
46 2.275 1.03847 35.4187
47 2.325 1.01988 37.859
48 2.375 0.995575 40.3447
49 2.425 0.985071 42.9089
50 2.475 0.96559 45.5271
69000 50
1 0.025 0 0
2 0.075 0 0
3 0.125 0 0
4 0.175 0 0
5 0.225 0 0
6 0.275 0 0
7 0.325 0 0
8 0.375 0 0
9 0.425 0 0
10 0.475 0 0
11 0.525 0 0
12 0.575 0 0
13 0.625 0 0
14 0.675 0 0
15 0.725 0 0
16 0.775 0 0
17 0.825 0.000648112 0.000195313
18 0.875 0.0541608 0.0185547
19 0.925 0.510689 0.212012
20 0.975 1.3609 0.784766
21 1.025 1.89401 1.66572
22 1.075 1.99835 2.68809
23 1.125 1.80186 3.69766
24 1.175 1.59252 4.671
25 1.225 1.36023 5.57461
26 1.275 1.21195 6.44678
27 1.325 1.04658 7.26016
28 1.375 0.954468 8.05898
29 1.425 0.908116 8.87529
30 1.475 0.852769 9.69658
31 1.525 0.823573 10.5444
32 1.575 0.802799 11.426
33 1.625 0.821163 12.3858
34 1.675 0.827759 13.4139
35 1.725 0.84957 14.5329
36 1.775 0.896284 15.7829
37 1.825 0.941112 17.1704
38 1.875 0.973484 18.6854
39 1.925 1.02579 20.368
40 1.975 1.06874 22.2133
41 2.025 1.09829 24.2068
42 2.075 1.09499 26.2937
43 2.125 1.08335 28.4592
44 2.175 1.08336 30.7277
45 2.225 1.05304 33.0354
46 2.275 1.04989 35.4406
47 2.325 1.01665 37.8732
48 2.375 0.994362 40.356
49 2.425 0.985859 42.9222
50 2.475 0.973622 45.5621
70000 50
1 0.025 0 0
2 0.075 0 0
3 0.125 0 0
4 0.175 0 0
5 0.225 0 0
6 0.275 0 0
7 0.325 0 0
8 0.375 0 0
9 0.425 0 0
10 0.475 0 0
11 0.525 0 0
12 0.575 0 0
13 0.625 0 0
14 0.675 0 0
15 0.725 0 0
16 0.775 0 0
17 0.825 0 0
18 0.875 0.0524322 0.0177734
19 0.925 0.491097 0.203809
20 0.975 1.37134 0.780957
21 1.025 1.90661 1.66777
22 1.075 1.98021 2.68086
23 1.125 1.82487 3.70332
24 1.175 1.58261 4.67061
25 1.225 1.35067 5.56787
26 1.275 1.18712 6.42217
27 1.325 1.07284 7.25596
28 1.375 0.987256 8.08223
29 1.425 0.89584 8.8875
30 1.475 0.854087 9.71006
31 1.525 0.818925 10.5531
32 1.575 0.801287 11.433
33 1.625 0.80554 12.3746
34 1.675 0.828545 13.4036
35 1.725 0.843491 14.5146
36 1.775 0.893063 15.7602
37 1.825 0.930447 17.1319
38 1.875 0.985971 18.6663
39 1.925 1.03038 20.3564
40 1.975 1.06925 22.2026
41 2.025 1.09399 24.1884
42 2.075 1.1078 26.2997
43 2.125 1.0876 28.4736
44 2.175 1.06881 30.7117
45 2.225 1.06842 33.053
46 2.275 1.03894 35.4332
47 2.325 1.01563 37.8634
48 2.375 1.012 40.3901
49 2.425 0.977755 42.9353
50 2.475 0.959575 45.5371
71000 50
1 0.025 0 0
2 0.075 0 0
3 0.125 0 0
4 0.175 0 0
5 0.225 0 0
6 0.275 0 0
7 0.325 0 0
8 0.375 0 0
9 0.425 0 0
10 0.475 0 0
11 0.525 0 0
12 0.575 0 0
13 0.625 0 0
14 0.675 0 0
15 0.725 0 0
16 0.775 0 0
17 0.825 0 0
18 0.875 0.0532965 0.0180664
19 0.925 0.503213 0.208691
20 0.975 1.39083 0.794043
21 1.025 1.91731 1.68584
22 1.075 1.98041 2.69902
23 1.125 1.79227 3.70322
24 1.175 1.55497 4.65361
25 1.225 1.37257 5.56543
26 1.275 1.19241 6.42354
27 1.325 1.06027 7.24756
28 1.375 0.979088 8.06699
29 1.425 0.900402 8.87637
30 1.475 0.856217 9.70098
31 1.525 0.837802 10.5635
32 1.575 0.797197 11.4389
33 1.625 0.820829 12.3983
34 1.675 0.821075 13.4181
35 1.725 0.845196 14.5313
36 1.775 0.901676 15.7889
37 1.825 0.934091 17.166
38 1.875 0.984528 18.6981
39 1.925 1.0143 20.3619
40 1.975 1.06733 22.2048
41 2.025 1.09216 24.1872
42 2.075 1.11394 26.3103
43 2.125 1.09771 28.5044
44 2.175 1.08336 30.7729
45 2.225 1.03673 33.0448
46 2.275 1.03954 35.4264
47 2.325 1.00486 37.8308
48 2.375 1.0075 40.3463
49 2.425 0.985408 42.9113
50 2.475 0.974666 45.5541
72000 50
1 0.025 0 0
2 0.075 0 0
3 0.125 0 0
4 0.175 0 0
5 0.225 0 0
6 0.275 0 0
7 0.325 0 0
8 0.375 0 0
9 0.425 0 0
10 0.475 0 0
11 0.525 0 0
12 0.575 0 0
13 0.625 0 0
14 0.675 0 0
15 0.725 0 0
16 0.775 0 0
17 0.825 0.000648112 0.000195313
18 0.875 0.0535846 0.0183594
19 0.925 0.505017 0.209668
20 0.975 1.36345 0.783496
21 1.025 1.90178 1.66807
22 1.075 1.99224 2.6873
23 1.125 1.79715 3.69424
24 1.175 1.60035 4.67236
25 1.225 1.34406 5.56523
26 1.275 1.20788 6.43447
27 1.325 1.0555 7.25479
28 1.375 0.979905 8.0749
29 1.425 0.884976 8.87041
30 1.475 0.835734 9.67529
31 1.525 0.830309 10.5301
32 1.575 0.816139 11.4263
33 1.625 0.820244 12.3851
34 1.675 0.835229 13.4224
35 1.725 0.856836 14.551
36 1.775 0.899715 15.8058
37 1.825 0.929785 17.1766
38 1.875 0.976621 18.6964
39 1.925 1.01776 20.3658
40 1.975 1.0606 22.1971
41 2.025 1.09544 24.1854
42 2.075 1.10631 26.2939
43 2.125 1.08838 28.4694
44 2.175 1.08233 30.7358
45 2.225 1.06093 33.0607
46 2.275 1.03041 35.4214
47 2.325 1.01057 37.8395
48 2.375 1.00277 40.3432
49 2.425 0.989648 42.9192
50 2.475 0.972217 45.5554
73000 50
1 0.025 0 0
2 0.075 0 0
3 0.125 0 0
4 0.175 0 0
5 0.225 0 0
6 0.275 0 0
7 0.325 0 0
8 0.375 0 0
9 0.425 0 0
10 0.475 0 0
11 0.525 0 0
12 0.575 0 0
13 0.625 0 0
14 0.675 0 0
15 0.725 0 0
16 0.775 0 0
17 0.825 0 0
18 0.875 0.0602106 0.0204102
19 0.925 0.511978 0.214355
20 0.975 1.31449 0.767578
21 1.025 1.9085 1.65527
22 1.075 2.01648 2.68691
23 1.125 1.78914 3.68936
24 1.175 1.57526 4.65215
25 1.225 1.38683 5.57344
26 1.275 1.21019 6.44434
27 1.325 1.05876 7.26719
28 1.375 0.957268 8.06836
29 1.425 0.913113 8.88916
30 1.475 0.847091 9.70498
31 1.525 0.817787 10.5469
32 1.575 0.806623 11.4326
33 1.625 0.81189 12.3816
34 1.675 0.817773 13.3973
35 1.725 0.854315 14.5226
36 1.775 0.887321 15.7601
37 1.825 0.936409 17.1406
38 1.875 0.980261 18.6661
39 1.925 1.02835 20.3529
40 1.975 1.0684 22.1977
41 2.025 1.0998 24.1939
42 2.075 1.10995 26.3094
43 2.125 1.09331 28.4947
44 2.175 1.0793 30.7548
45 2.225 1.0612 33.0803
46 2.275 1.0302 35.4404
47 2.325 1.02053 37.8823
48 2.375 0.986775 40.3461
49 2.425 0.979893 42.8968
50 2.475 0.973946 45.5376
74000 50
1 0.025 0 0
2 0.075 0 0
3 0.125 0 0
4 0.175 0 0
5 0.225 0 0
6 0.275 0 0
7 0.325 0 0
8 0.375 0 0
9 0.425 0 0
10 0.475 0 0
11 0.525 0 0
12 0.575 0 0
13 0.625 0 0
14 0.675 0 0
15 0.725 0 0
16 0.775 0 0
17 0.825 0.000324056 9.76563e-05
18 0.875 0.0521441 0.0177734
19 0.925 0.532344 0.219434
20 0.975 1.36345 0.793262
21 1.025 1.89506 1.67471
22 1.075 1.97773 2.68652
23 1.125 1.7921 3.69062
24 1.175 1.56775 4.64883
25 1.225 1.37919 5.56504
26 1.275 1.20232 6.43027
27 1.325 1.06643 7.25908
28 1.375 0.972203 8.07275
29 1.425 0.90616 8.8873
30 1.475 0.852769 9.70859
31 1.525 0.827083 10.5601
32 1.575 0.806179 11.4453
33 1.625 0.808464 12.3903
34 1.675 0.828309 13.419
35 1.725 0.840748 14.5265
36 1.775 0.890612 15.7686
37 1.825 0.926804 17.135
38 1.875 0.971664 18.6471
39 1.925 1.03181 20.3396
40 1.975 1.0675 22.1827
41 2.025 1.09307 24.1668
42 2.075 1.09867 26.2607
43 2.125 1.10103 28.4615
44 2.175 1.08849 30.7408
45 2.225 1.06361 33.0716
46 2.275 1.03954 35.4531
47 2.325 1.01951 37.8926
48 2.375 1.00332 40.3977
49 2.425 0.974153 42.9334
50 2.475 0.964149 45.5477
75000 50
1 0.025 0 0
2 0.075 0 0
3 0.125 0 0
4 0.175 0 0
5 0.225 0 0
6 0.275 0 0
7 0.325 0 0
8 0.375 0 0
9 0.425 0 0
10 0.475 0 0
11 0.525 0 0
12 0.575 0 0
13 0.625 0 0
14 0.675 0 0
15 0.725 0 0
16 0.775 0 0
17 0.825 0.000324056 9.76563e-05
18 0.875 0.0507037 0.0172852
19 0.925 0.496768 0.205469
20 0.975 1.36368 0.779395
21 1.025 1.94167 1.68252
22 1.075 1.98518 2.69814
23 1.125 1.79837 3.70576
24 1.175 1.58453 4.67422
25 1.225 1.3567 5.57549
26 1.275 1.20191 6.44043
27 1.325 1.06304 7.2666
28 1.375 0.959952 8.07002
29 1.425 0.880087 8.86113
30 1.475 0.854392 9.68398
31 1.525 0.826135 10.5345
32 1.575 0.806001 11.4195
33 1.625 0.818406 12.3762
34 1.675 0.825007 13.4008
35 1.725 0.863138 14.5377
36 1.775 0.878919 15.7635
37 1.825 0.939522 17.1486
38 1.875 0.978755 18.6718
39 1.925 1.02949 20.3604
40 1.975 1.06846 22.2053
41 2.025 1.09619 24.195
42 2.075 1.10862 26.3079
43 2.125 1.10079 28.5082
44 2.175 1.07231 30.7536
45 2.225 1.05719 33.0703
46 2.275 1.03898 35.4506
47 2.325 1.01718 37.8845
48 2.375 0.991898 40.361
49 2.425 0.979218 42.91
50 2.475 0.95248 45.4926
76000 50
1 0.025 0 0
2 0.075 0 0
3 0.125 0 0
4 0.175 0 0
5 0.225 0 0
6 0.275 0 0
7 0.325 0 0
8 0.375 0 0
9 0.425 0 0
10 0.475 0 0
11 0.525 0 0
12 0.575 0 0
13 0.625 0 0
14 0.675 0 0
15 0.725 0 0
16 0.775 0 0
17 0.825 0.000972169 0.000292969
18 0.875 0.0576178 0.0198242
19 0.925 0.518165 0.216113
20 0.975 1.34303 0.781348
21 1.025 1.92676 1.67754
22 1.075 1.97372 2.6873
23 1.125 1.80343 3.69775
24 1.175 1.58197 4.66465
25 1.225 1.37507 5.57812
26 1.275 1.1996 6.44141
27 1.325 1.04984 7.25732
28 1.375 0.962285 8.0627
29 1.425 0.907464 8.87842
30 1.475 0.858853 9.70557
31 1.525 0.819779 10.5495
32 1.575 0.791238 11.4184
33 1.625 0.812307 12.3679
34 1.675 0.820997 13.3875
35 1.725 0.860691 14.5212
36 1.775 0.895584 15.7702
37 1.825 0.936409 17.1508
38 1.875 0.987603 18.6877
39 1.925 1.01276 20.3489
40 1.975 1.06648 22.1903
41 2.025 1.09033 24.1694
42 2.075 1.10411 26.2737
43 2.125 1.09962 28.4717
44 2.175 1.08481 30.7433
45 2.225 1.06962 33.0872
46 2.275 1.03033 35.4477
47 2.325 1.01792 37.8833
48 2.375 0.998821 40.3771
49 2.425 0.971002 42.9047
50 2.475 0.961844 45.5127
77000 50
1 0.025 0 0
2 0.075 0 0
3 0.125 0 0
4 0.175 0 0
5 0.225 0 0
6 0.275 0 0
7 0.325 0 0
8 0.375 0 0
9 0.425 0 0
10 0.475 0 0
11 0.525 0 0
12 0.575 0 0
13 0.625 0 0
14 0.675 0 0
15 0.725 0 0
16 0.775 0 0
17 0.825 0.000324056 9.76563e-05
18 0.875 0.051568 0.0175781
19 0.925 0.515587 0.212891
20 0.975 1.36368 0.786816
21 1.025 1.90031 1.6707
22 1.075 1.99548 2.6916
23 1.125 1.80413 3.70244
24 1.175 1.59843 4.67939
25 1.225 1.34479 5.57275
26 1.275 1.21249 6.44531
27 1.325 1.0462 7.2584
28 1.375 0.987489 8.08486
29 1.425 0.900728 8.89453
30 1.475 0.85064 9.71377
31 1.525 0.817313 10.5552
32 1.575 0.810625 11.4453
33 1.625 0.8093 12.3913
34 1.675 0.815807 13.4045
35 1.725 0.843639 14.5157
36 1.775 0.886831 15.7525
37 1.825 0.942437 17.142
38 1.875 0.982708 18.6713
39 1.925 1.03336 20.3663
40 1.975 1.05726 22.1918
41 2.025 1.10071 24.1897
42 2.075 1.11246 26.31
43 2.125 1.09434 28.4974
44 2.175 1.0835 30.7662
45 2.225 1.05532 33.0788
46 2.275 1.04201 35.466
47 2.325 1.01849 37.903
48 2.375 1.00086 40.402
49 2.425 0.979068 42.9505
50 2.475 0.955938 45.5425
78000 50
1 0.025 0 0
2 0.075 0 0
3 0.125 0 0
4 0.175 0 0
5 0.225 0 0
6 0.275 0 0
7 0.325 0 0
8 0.375 0 0
9 0.425 0 0
10 0.475 0 0
11 0.525 0 0
12 0.575 0 0
13 0.625 0 0
14 0.675 0 0
15 0.725 0 0
16 0.775 0 0
17 0.825 0.000972169 0.000292969
18 0.875 0.0532965 0.0183594
19 0.925 0.490839 0.204297
20 0.975 1.33908 0.767871
21 1.025 1.92781 1.66455
22 1.075 1.98842 2.68184
23 1.125 1.81511 3.69883
24 1.175 1.57558 4.66182
25 1.225 1.34758 5.55703
26 1.275 1.22226 6.43662
27 1.325 1.06291 7.2627
28 1.375 0.965903 8.07109
29 1.425 0.904313 8.88398
30 1.475 0.846888 9.69961
31 1.525 0.810198 10.5337
32 1.575 0.804133 11.4167
33 1.625 0.813394 12.3675
34 1.675 0.8254 13.3926
35 1.725 0.854612 14.5183
36 1.775 0.895164 15.7667
37 1.825 0.928129 17.1351
38 1.875 0.99005 18.6758
39 1.925 1.03693 20.3767
40 1.975 1.07502 22.2328
41 2.025 1.09431 24.2191
42 2.075 1.10841 26.3316
43 2.125 1.08462 28.4996
44 2.175 1.07511 30.7509
45 2.225 1.05389 33.0604
46 2.275 1.02824 35.416
47 2.325 1.01498 37.8446
48 2.375 0.99448 40.3276
49 2.425 0.975166 42.866
50 2.475 0.978916 45.5203
79000 50
1 0.025 0 0
2 0.075 0 0
3 0.125 0 0
4 0.175 0 0
5 0.225 0 0
6 0.275 0 0
7 0.325 0 0
8 0.375 0 0
9 0.425 0 0
10 0.475 0 0
11 0.525 0 0
12 0.575 0 0
13 0.625 0 0
14 0.675 0 0
15 0.725 0 0
16 0.775 0 0
17 0.825 0.00129622 0.000390625
18 0.875 0.0570417 0.0197266
19 0.925 0.512236 0.21377
20 0.975 1.33119 0.774023
21 1.025 1.88792 1.65215
22 1.075 1.97449 2.6623
23 1.125 1.82365 3.68408
24 1.175 1.6168 4.67227
25 1.225 1.36934 5.58193
26 1.275 1.17816 6.42979
27 1.325 1.08427 7.27246
28 1.375 0.980138 8.09277
29 1.425 0.88541 8.88867
30 1.475 0.852465 9.70967
31 1.525 0.81238 10.546
32 1.575 0.814183 11.44
33 1.625 0.787411 12.3604
34 1.675 0.832791 13.3947
35 1.725 0.860988 14.5288
36 1.775 0.889072 15.7688
37 1.825 0.930712 17.1409
38 1.875 0.984214 18.6726
39 1.925 1.02377 20.3519
40 1.975 1.07949 22.2157
41 2.025 1.09834 24.2094
42 2.075 1.10252 26.3106
43 2.125 1.08994 28.4893
44 2.175 1.08788 30.7673
45 2.225 1.05273 33.0742
46 2.275 1.03557 35.4467
47 2.325 1.01673 37.8795
48 2.375 0.993306 40.3596
49 2.425 0.974078 42.8951
50 2.475 0.974126 45.5364
80000 50
1 0.025 0 0
2 0.075 0 0
3 0.125 0 0
4 0.175 0 0
5 0.225 0 0
6 0.275 0 0
7 0.325 0 0
8 0.375 0 0
9 0.425 0 0
10 0.475 0 0
11 0.525 0 0
12 0.575 0 0
13 0.625 0 0
14 0.675 0 0
15 0.725 0 0
16 0.775 0 0
17 0.825 0.000648112 0.000195313
18 0.875 0.051856 0.0177734
19 0.925 0.533117 0.219727
20 0.975 1.34396 0.785352
21 1.025 1.89821 1.66826
22 1.075 1.98136 2.68193
23 1.125 1.79297 3.68652
24 1.175 1.60003 4.66445
25 1.225 1.37169 5.57568
26 1.275 1.19607 6.43643
27 1.325 1.0702 7.26816
28 1.375 0.97442 8.08369
29 1.425 0.901271 8.89385
30 1.475 0.847801 9.71035
31 1.525 0.80868 10.5429
32 1.575 0.799331 11.4206
33 1.625 0.813059 12.371
34 1.675 0.828231 13.3996
35 1.725 0.852981 14.5231
36 1.775 0.888372 15.7621
37 1.825 0.941973 17.1509
38 1.875 0.992058 18.6947
39 1.925 1.03562 20.3935
40 1.975 1.05093 22.208
41 2.025 1.09651 24.1983
42 2.075 1.0892 26.2742
43 2.125 1.0958 28.4646
44 2.175 1.09465 30.7567
45 2.225 1.05683 33.0727
46 2.275 1.04486 35.4664
47 2.325 1.01367 37.8919
48 2.375 1.00046 40.3898
49 2.425 0.975917 42.9302
50 2.475 0.970344 45.5612
81000 50
1 0.025 0 0
2 0.075 0 0
3 0.125 0 0
4 0.175 0 0
5 0.225 0 0
6 0.275 0 0
7 0.325 0 0
8 0.375 0 0
9 0.425 0 0
10 0.475 0 0
11 0.525 0 0
12 0.575 0 0
13 0.625 0 0
14 0.675 0 0
15 0.725 0 0
16 0.775 0 0
17 0.825 0.000648112 0.000195313
18 0.875 0.0489752 0.0167969
19 0.925 0.511978 0.210742
20 0.975 1.35138 0.779492
21 1.025 1.90262 1.66445
22 1.075 1.9846 2.67979
23 1.125 1.80657 3.69199
24 1.175 1.56424 4.64805
25 1.225 1.38463 5.56787
26 1.275 1.20042 6.43174
27 1.325 1.0751 7.26729
28 1.375 0.967653 8.07715
29 1.425 0.900728 8.88682
30 1.475 0.845164 9.70078
31 1.525 0.825091 10.5502
32 1.575 0.803333 11.4323
33 1.625 0.815649 12.3857
34 1.675 0.824142 13.4093
35 1.725 0.846086 14.5237
36 1.775 0.88396 15.7565
37 1.825 0.944424 17.1489
38 1.875 0.993878 18.6956
39 1.925 1.03419 20.392
40 1.975 1.058 22.2188
41 2.025 1.08968 24.1967
42 2.075 1.0957 26.285
43 2.125 1.09375 28.4712
44 2.175 1.07809 30.7287
45 2.225 1.05661 33.0441
46 2.275 1.04452 35.4371
47 2.325 1.01012 37.8541
48 2.375 0.989708 40.3252
49 2.425 0.98387 42.8862
50 2.475 0.976791 45.5348
82000 50
1 0.025 0 0
2 0.075 0 0
3 0.125 0 0
4 0.175 0 0
5 0.225 0 0
6 0.275 0 0
7 0.325 0 0
8 0.375 0 0
9 0.425 0 0
10 0.475 0 0
11 0.525 0 0
12 0.575 0 0
13 0.625 0 0
14 0.675 0 0
15 0.725 0 0
16 0.775 0 0
17 0.825 0.000324056 9.76563e-05
18 0.875 0.0573297 0.0195312
19 0.925 0.505791 0.211133
20 0.975 1.3609 0.783887
21 1.025 1.93915 1.68584
22 1.075 1.98441 2.70107
23 1.125 1.8226 3.72227
24 1.175 1.5799 4.68789
25 1.225 1.34685 5.58262
26 1.275 1.18644 6.43643
27 1.325 1.04984 7.25234
28 1.375 0.973604 8.06719
29 1.425 0.884541 8.8623
30 1.475 0.855 9.68574
31 1.525 0.798815 10.5081
32 1.575 0.844509 11.4354
33 1.625 0.815148 12.3883
34 1.675 0.808651 13.3926
35 1.725 0.839858 14.4988
36 1.775 0.910359 15.7685
37 1.825 0.945219 17.162
38 1.875 0.983587 18.6927
39 1.925 1.01633 20.3598
40 1.975 1.0705 22.2081
41 2.025 1.09996 24.2047
42 2.075 1.10067 26.3024
43 2.125 1.10519 28.5115
44 2.175 1.06988 30.7519
45 2.225 1.05643 33.0669
46 2.275 1.03276 35.4329
47 2.325 1.00571 37.8394
48 2.375 1.00398 40.3461
49 2.425 0.985033 42.9102
50 2.475 0.962709 45.5205
83000 50
1 0.025 0 0
2 0.075 0 0
3 0.125 0 0
4 0.175 0 0
5 0.225 0 0
6 0.275 0 0
7 0.325 0 0
8 0.375 0 0
9 0.425 0 0
10 0.475 0 0
11 0.525 0 0
12 0.575 0 0
13 0.625 0 0
14 0.675 0 0
15 0.725 0 0
16 0.775 0 0
17 0.825 0 0
18 0.875 0.055025 0.0186523
19 0.925 0.502955 0.20918
20 0.975 1.36066 0.781836
21 1.025 1.88456 1.6584
22 1.075 2.0077 2.68555
23 1.125 1.81284 3.70127
24 1.175 1.58533 4.67021
25 1.225 1.37743 5.58525
26 1.275 1.20042 6.44912
27 1.325 1.06178 7.27432
28 1.375 0.968236 8.08467
29 1.425 0.894862 8.88906
30 1.475 0.840297 9.69834
31 1.525 0.81883 10.5413
32 1.575 0.80858 11.4292
33 1.625 0.814396 12.3812
34 1.675 0.829332 13.4111
35 1.725 0.852462 14.534
36 1.775 0.892293 15.7784
37 1.825 0.928659 17.1476
38 1.875 0.973358 18.6623
39 1.925 1.0427 20.3727
40 1.975 1.07491 22.2286
41 2.025 1.08554 24.199
42 2.075 1.10262 26.3005
43 2.125 1.09771 28.4946
44 2.175 1.08518 30.767
45 2.225 1.06138 33.0929
46 2.275 1.03681 35.4682
47 2.325 1.02355 37.9173
48 2.375 0.981533 40.368
49 2.425 0.974866 42.9056
50 2.475 0.962385 45.515
84000 50
1 0.025 0 0
2 0.075 0 0
3 0.125 0 0
4 0.175 0 0
5 0.225 0 0
6 0.275 0 0
7 0.325 0 0
8 0.375 0 0
9 0.425 0 0
10 0.475 0 0
11 0.525 0 0
12 0.575 0 0
13 0.625 0 0
14 0.675 0 0
15 0.725 0 0
16 0.775 0 0
17 0.825 0.000324056 9.76563e-05
18 0.875 0.0501275 0.0170898
19 0.925 0.496768 0.205273
20 0.975 1.38294 0.787305
21 1.025 1.91039 1.67588
22 1.075 1.97697 2.6873
23 1.125 1.80395 3.69805
24 1.175 1.5922 4.67119
25 1.225 1.38992 5.59453
26 1.275 1.19662 6.45566
27 1.325 1.0555 7.27598
28 1.375 0.960185 8.07959
29 1.425 0.889213 8.87891
30 1.475 0.862605 9.70967
31 1.525 0.82566 10.5597
32 1.575 0.796218 11.434
33 1.625 0.807128 12.3774
34 1.675 0.82021 13.3961
35 1.725 0.853722 14.5206
36 1.775 0.888162 15.7593
37 1.825 0.93515 17.138
38 1.875 0.985783 18.6721
39 1.925 1.02901 20.36
40 1.975 1.07728 22.22
41 2.025 1.10071 24.218
42 2.075 1.09376 26.3025
43 2.125 1.096 28.4933
44 2.175 1.09451 30.7852
45 2.225 1.06218 33.1128
46 2.275 1.04098 35.4977
47 2.325 1.01118 37.9172
48 2.375 0.986579 40.3805
49 2.425 0.964249 42.8904
50 2.475 0.975927 45.5366
85000 50
1 0.025 0 0
2 0.075 0 0
3 0.125 0 0
4 0.175 0 0
5 0.225 0 0
6 0.275 0 0
7 0.325 0 0
8 0.375 0 0
9 0.425 0 0
10 0.475 0 0
11 0.525 0 0
12 0.575 0 0
13 0.625 0 0
14 0.675 0 0
15 0.725 0 0
16 0.775 0 0
17 0.825 0.000972169 0.000292969
18 0.875 0.0558893 0.0192383
19 0.925 0.491612 0.205469
20 0.975 1.33932 0.769141
21 1.025 1.89611 1.65107
22 1.075 1.96743 2.65762
23 1.125 1.8423 3.68984
24 1.175 1.58709 4.65986
25 1.225 1.37434 5.57285
26 1.275 1.21222 6.44521
27 1.325 1.07761 7.28271
28 1.375 0.978388 8.10156
29 1.425 0.885627 8.89766
30 1.475 0.844556 9.71104
31 1.525 0.821581 10.5568
32 1.575 0.805023 11.4408
33 1.625 0.804705 12.3814
34 1.675 0.830511 13.4129
35 1.725 0.844603 14.5254
36 1.775 0.879899 15.7525
37 1.825 0.934819 17.1308
38 1.875 0.978567 18.6536
39 1.925 1.02085 20.3281
40 1.975 1.06445 22.166
41 2.025 1.10717 24.1757
42 2.075 1.10262 26.2771
43 2.125 1.10357 28.483
44 2.175 1.07856 30.7415
45 2.225 1.05982 33.064
46 2.275 1.04448 35.4568
47 2.325 1.01175 37.8777
48 2.375 0.994128 40.3599
49 2.425 0.981769 42.9154
50 2.475 0.97373 45.5557
86000 50
1 0.025 0 0
2 0.075 0 0
3 0.125 0 0
4 0.175 0 0
5 0.225 0 0
6 0.275 0 0
7 0.325 0 0
8 0.375 0 0
9 0.425 0 0
10 0.475 0 0
11 0.525 0 0
12 0.575 0 0
13 0.625 0 0
14 0.675 0 0
15 0.725 0 0
16 0.775 0 0
17 0.825 0.000324056 9.76563e-05
18 0.875 0.0573297 0.0195312
19 0.925 0.497799 0.208105
20 0.975 1.37018 0.784766
21 1.025 1.91731 1.67656
22 1.075 1.97525 2.68711
23 1.125 1.78565 3.6876
24 1.175 1.58772 4.65801
25 1.225 1.36816 5.56689
26 1.275 1.20856 6.43662
27 1.325 1.08025 7.27617
28 1.375 0.969636 8.0877
29 1.425 0.895296 8.89248
30 1.475 0.857332 9.71816
31 1.525 0.808301 10.5503
32 1.575 0.801021 11.4299
33 1.625 0.804956 12.3708
34 1.675 0.825793 13.3964
35 1.725 0.858689 14.5274
36 1.775 0.888021 15.7659
37 1.825 0.928195 17.1344
38 1.875 0.971476 18.6462
39 1.925 1.03288 20.3404
40 1.975 1.06914 22.1864
41 2.025 1.08559 24.1569
42 2.075 1.10938 26.2713
43 2.125 1.1069 28.4838
44 2.175 1.08858 30.7633
45 2.225 1.05808 33.0819
46 2.275 1.03668 35.4569
47 2.325 1.00857 37.8702
48 2.375 0.994714 40.3538
49 2.425 0.972953 42.8864
50 2.475 0.969192 45.5144
87000 50
1 0.025 0 0
2 0.075 0 0
3 0.125 0 0
4 0.175 0 0
5 0.225 0 0
6 0.275 0 0
7 0.325 0 0
8 0.375 0 0
9 0.425 0 0
10 0.475 0 0
11 0.525 0 0
12 0.575 0 0
13 0.625 0 0
14 0.675 0 0
15 0.725 0 0
16 0.775 0 0
17 0.825 0 0
18 0.875 0.0570417 0.0193359
19 0.925 0.498315 0.208105
20 0.975 1.34674 0.774902
21 1.025 1.93012 1.67266
22 1.075 1.99663 2.69414
23 1.125 1.78182 3.69248
24 1.175 1.59028 4.66445
25 1.225 1.38566 5.58496
26 1.275 1.21507 6.45937
27 1.325 1.05085 7.27607
28 1.375 0.972087 8.08965
29 1.425 0.896709 8.8957
30 1.475 0.837762 9.70254
31 1.525 0.824048 10.5509
32 1.575 0.817829 11.4489
33 1.625 0.807963 12.3934
34 1.675 0.818245 13.4096
35 1.725 0.851275 14.5309
36 1.775 0.875137 15.7514
37 1.825 0.935879 17.1312
38 1.875 0.988293 18.6691
39 1.925 1.02955 20.3579
40 1.975 1.083 22.2278
41 2.025 1.09054 24.2073
42 2.075 1.10313 26.3098
43 2.125 1.09517 28.4988
44 2.175 1.07926 30.7588
45 2.225 1.05224 33.0646
46 2.275 1.03451 35.4347
47 2.325 1.01543 37.8644
48 2.375 1.00297 40.3686
49 2.425 0.987022 42.9378
50 2.475 0.958135 45.5357
88000 50
1 0.025 0 0
2 0.075 0 0
3 0.125 0 0
4 0.175 0 0
5 0.225 0 0
6 0.275 0 0
7 0.325 0 0
8 0.375 0 0
9 0.425 0 0
10 0.475 0 0
11 0.525 0 0
12 0.575 0 0
13 0.625 0 0
14 0.675 0 0
15 0.725 0 0
16 0.775 0 0
17 0.825 0.000648112 0.000195313
18 0.875 0.0564655 0.0193359
19 0.925 0.508884 0.212109
20 0.975 1.35579 0.782715
21 1.025 1.88981 1.66172
22 1.075 2.00656 2.68828
23 1.125 1.80413 3.69912
24 1.175 1.57207 4.65996
25 1.225 1.37625 5.57422
26 1.275 1.18712 6.42852
27 1.325 1.07887 7.26699
28 1.375 0.966486 8.07588
29 1.425 0.890299 8.87617
30 1.475 0.861388 9.70576
31 1.525 0.827747 10.5579
32 1.575 0.811604 11.4491
33 1.625 0.803953 12.3889
34 1.675 0.815492 13.4017
35 1.725 0.855131 14.528
36 1.775 0.888092 15.7666
37 1.825 0.944225 17.1587
38 1.875 0.98183 18.6866
39 1.925 1.03211 20.3796
40 1.975 1.06207 22.2134
41 2.025 1.09635 24.2034
42 2.075 1.08945 26.2798
43 2.125 1.10352 28.4855
44 2.175 1.07431 30.7352
45 2.225 1.06107 33.0604
46 2.275 1.03374 35.4286
47 2.325 1.02167 37.8732
48 2.375 1.01059 40.3965
49 2.425 0.977943 42.9421
50 2.475 0.969012 45.5695
89000 50
1 0.025 0 0
2 0.075 0 0
3 0.125 0 0
4 0.175 0 0
5 0.225 0 0
6 0.275 0 0
7 0.325 0 0
8 0.375 0 0
9 0.425 0 0
10 0.475 0 0
11 0.525 0 0
12 0.575 0 0
13 0.625 0 0
14 0.675 0 0
15 0.725 0 0
16 0.775 0 0
17 0.825 0.000648112 0.000195313
18 0.875 0.0521441 0.0178711
19 0.925 0.520743 0.215137
20 0.975 1.3653 0.789746
21 1.025 1.91563 1.68076
22 1.075 1.96723 2.68721
23 1.125 1.80936 3.70098
24 1.175 1.58565 4.67012
25 1.225 1.37713 5.58496
26 1.275 1.1973 6.44658
27 1.325 1.0604 7.2707
28 1.375 0.968353 8.08115
29 1.425 0.893667 8.88447
30 1.475 0.84922 9.70234
31 1.525 0.825186 10.5519
32 1.575 0.804667 11.4354
33 1.625 0.805791 12.3773
34 1.675 0.836802 13.4166
35 1.725 0.850015 14.5362
36 1.775 0.879339 15.7626
37 1.825 0.943629 17.1538
38 1.875 0.977688 18.6753
39 1.925 1.03211 20.3683
40 1.975 1.06552 22.208
41 2.025 1.09883 24.2025
42 2.075 1.10247 26.3037
43 2.125 1.09576 28.4939
44 2.175 1.08149 30.7586
45 2.225 1.06632 33.0953
46 2.275 1.02939 35.4536
47 2.325 1.00833 37.8663
48 2.375 0.999369 40.3615
49 2.425 0.983533 42.9217
50 2.475 0.968579 45.5479
90000 50
1 0.025 0 0
2 0.075 0 0
3 0.125 0 0
4 0.175 0 0
5 0.225 0 0
6 0.275 0 0
7 0.325 0 0
8 0.375 0 0
9 0.425 0 0
10 0.475 0 0
11 0.525 0 0
12 0.575 0 0
13 0.625 0 0
14 0.675 0 0
15 0.725 0 0
16 0.775 0 0
17 0.825 0 0
18 0.875 0.0521441 0.0176758
19 0.925 0.519712 0.214551
20 0.975 1.35254 0.783789
21 1.025 1.89926 1.66719
22 1.075 1.99052 2.68555
23 1.125 1.81389 3.70186
24 1.175 1.56136 4.65615
25 1.225 1.36184 5.56084
26 1.275 1.20408 6.42734
27 1.325 1.06329 7.25371
28 1.375 0.977921 8.07217
29 1.425 0.900076 8.88125
30 1.475 0.853986 9.70371
31 1.525 0.837233 10.5656
32 1.575 0.792038 11.4354
33 1.625 0.806961 12.3786
34 1.675 0.829017 13.4082
35 1.725 0.857874 14.5382
36 1.775 0.88214 15.7685
37 1.825 0.920777 17.126
38 1.875 0.974864 18.6431
39 1.925 1.04199 20.3522
40 1.975 1.07383 22.2063
41 2.025 1.1034 24.2092
42 2.075 1.10103 26.3076
43 2.125 1.09483 28.496
44 2.175 1.07958 30.7566
45 2.225 1.055 33.0686
46 2.275 1.03382 35.437
47 2.325 1.00482 37.8413
48 2.375 0.994988 40.3256
49 2.425 0.989085 42.9002
50 2.475 0.97427 45.5419
91000 50
1 0.025 0 0
2 0.075 0 0
3 0.125 0 0
4 0.175 0 0
5 0.225 0 0
6 0.275 0 0
7 0.325 0 0
8 0.375 0 0
9 0.425 0 0
10 0.475 0 0
11 0.525 0 0
12 0.575 0 0
13 0.625 0 0
14 0.675 0 0
15 0.725 0 0
16 0.775 0 0
17 0.825 0.000648112 0.000195313
18 0.875 0.0501275 0.0171875
19 0.925 0.532859 0.219043
20 0.975 1.38526 0.802051
21 1.025 1.88939 1.68086
22 1.075 1.97659 2.69209
23 1.125 1.80064 3.70098
24 1.175 1.55513 4.65146
25 1.225 1.38331 5.57041
26 1.275 1.20395 6.43682
27 1.325 1.06731 7.26631
28 1.375 0.981888 8.08809
29 1.425 0.897795 8.89512
30 1.475 0.840804 9.70488
31 1.525 0.821012 10.5501
32 1.575 0.80858 11.438
33 1.625 0.811472 12.3865
34 1.675 0.827602 13.4144
35 1.725 0.854612 14.54
36 1.775 0.886831 15.7769
37 1.825 0.929056 17.1466
38 1.875 0.969279 18.655
39 1.925 1.03746 20.3567
40 1.975 1.0602 22.1873
41 2.025 1.1006 24.1851
42 2.075 1.09657 26.275
43 2.125 1.09312 28.46
44 2.175 1.08345 30.7287
45 2.225 1.06115 33.0541
46 2.275 1.03775 35.4315
47 2.325 1.01853 37.8687
48 2.375 1.0066 40.3819
49 2.425 0.970064 42.907
50 2.475 0.984066 45.5753
92000 50
1 0.025 0 0
2 0.075 0 0
3 0.125 0 0
4 0.175 0 0
5 0.225 0 0
6 0.275 0 0
7 0.325 0 0
8 0.375 0 0
9 0.425 0 0
10 0.475 0 0
11 0.525 0 0
12 0.575 0 0
13 0.625 0 0
14 0.675 0 0
15 0.725 0 0
16 0.775 0 0
17 0.825 0.000648112 0.000195313
18 0.875 0.0567536 0.0194336
19 0.925 0.509142 0.212305
20 0.975 1.34164 0.776953
21 1.025 1.88939 1.65576
22 1.075 1.99835 2.67813
23 1.125 1.81755 3.69648
24 1.175 1.57223 4.65742
25 1.225 1.40124 5.58828
26 1.275 1.19716 6.4498
27 1.325 1.05776 7.27187
28 1.375 0.96917 8.08301
29 1.425 0.904205 8.8958
30 1.475 0.840906 9.70566
31 1.525 0.810578 10.5401
32 1.575 0.803333 11.4223
33 1.625 0.811639 12.371
34 1.675 0.823198 13.3934
35 1.725 0.848532 14.511
36 1.775 0.886341 15.7472
37 1.825 0.933627 17.1236
38 1.875 0.994882 18.6719
39 1.925 1.02693 20.3563
40 1.975 1.06948 22.2029
41 2.025 1.08877 24.1792
42 2.075 1.10677 26.2886
43 2.125 1.09126 28.4698
44 2.175 1.08173 30.735
45 2.225 1.05906 33.0558
46 2.275 1.0357 35.4285
47 2.325 1.02265 37.8755
48 2.375 0.999212 40.3703
49 2.425 0.979631 42.9203
50 2.475 0.97038 45.5515
93000 50
1 0.025 0 0
2 0.075 0 0
3 0.125 0 0
4 0.175 0 0
5 0.225 0 0
6 0.275 0 0
7 0.325 0 0
8 0.375 0 0
9 0.425 0 0
10 0.475 0 0
11 0.525 0 0
12 0.575 0 0
13 0.625 0 0
14 0.675 0 0
15 0.725 0 0
16 0.775 0 0
17 0.825 0.000324056 9.76563e-05
18 0.875 0.0535846 0.0182617
19 0.925 0.512751 0.2125
20 0.975 1.36554 0.787207
21 1.025 1.9129 1.67695
22 1.075 1.97811 2.68896
23 1.125 1.79855 3.69668
24 1.175 1.56152 4.65107
25 1.225 1.37272 5.56299
26 1.275 1.19553 6.42334
27 1.325 1.07975 7.2625
28 1.375 0.97302 8.07686
29 1.425 0.883781 8.87129
30 1.475 0.868588 9.70781
31 1.525 0.816838 10.5487
32 1.575 0.804845 11.4325
33 1.625 0.820495 12.3916
34 1.675 0.832634 13.4257
35 1.725 0.834742 14.5252
36 1.775 0.889842 15.7662
37 1.825 0.920777 17.1237
38 1.875 0.990552 18.6652
39 1.925 1.0355 20.3638
40 1.975 1.07304 22.2165
41 2.025 1.09393 24.2021
42 2.075 1.09591 26.2908
43 2.125 1.10196 28.4935
44 2.175 1.078 30.7508
45 2.225 1.05688 33.0668
46 2.275 1.0406 35.4508
47 2.325 1.014 37.8771
48 2.375 0.994402 40.3599
49 2.425 0.977417 42.9041
50 2.475 0.968111 45.5291
94000 50
1 0.025 0 0
2 0.075 0 0
3 0.125 0 0
4 0.175 0 0
5 0.225 0 0
6 0.275 0 0
7 0.325 0 0
8 0.375 0 0
9 0.425 0 0
10 0.475 0 0
11 0.525 0 0
12 0.575 0 0
13 0.625 0 0
14 0.675 0 0
15 0.725 0 0
16 0.775 0 0
17 0.825 0.000324056 9.76563e-05
18 0.875 0.0576178 0.0196289
19 0.925 0.515329 0.214844
20 0.975 1.34883 0.78252
21 1.025 1.90325 1.66777
22 1.075 1.97983 2.68066
23 1.125 1.79907 3.68867
24 1.175 1.58996 4.66045
25 1.225 1.37522 5.57402
26 1.275 1.1821 6.42471
27 1.325 1.06253 7.25049
28 1.375 0.986556 8.07617
29 1.425 0.91572 8.89932
30 1.475 0.853479 9.72129
31 1.525 0.807827 10.5529
32 1.575 0.796752 11.4278
33 1.625 0.816401 12.3821
34 1.675 0.826973 13.4092
35 1.725 0.856688 14.5376
36 1.775 0.895094 15.7859
37 1.825 0.929851 17.1568
38 1.875 0.98114 18.6837
39 1.925 1.01681 20.3516
40 1.975 1.06507 22.1905
41 2.025 1.10103 24.1891
42 2.075 1.0997 26.285
43 2.125 1.10646 28.4966
44 2.175 1.07389 30.7453
45 2.225 1.05879 33.0655
46 2.275 1.04235 35.4535
47 2.325 1.00571 37.86
48 2.375 0.987791 40.3263
49 2.425 0.981244 42.8805
50 2.475 0.982626 45.5448
95000 50
1 0.025 0 0
2 0.075 0 0
3 0.125 0 0
4 0.175 0 0
5 0.225 0 0
6 0.275 0 0
7 0.325 0 0
8 0.375 0 0
9 0.425 0 0
10 0.475 0 0
11 0.525 0 0
12 0.575 0 0
13 0.625 0 0
14 0.675 0 0
15 0.725 0 0
16 0.775 0 0
17 0.825 0.000324056 9.76563e-05
18 0.875 0.0564655 0.0192383
19 0.925 0.485683 0.203223
20 0.975 1.35927 0.775293
21 1.025 1.88183 1.65059
22 1.075 1.99319 2.67031
23 1.125 1.824 3.69229
24 1.175 1.57143 4.65273
25 1.225 1.3739 5.56543
26 1.275 1.19553 6.42578
27 1.325 1.07937 7.26465
28 1.375 0.974304 8.08008
29 1.425 0.911375 8.89932
30 1.475 0.856521 9.72422
31 1.525 0.819874 10.5683
32 1.575 0.79942 11.4461
33 1.625 0.812809 12.3962
34 1.675 0.820761 13.4155
35 1.725 0.840822 14.523
36 1.775 0.876328 15.7452
37 1.825 0.931309 17.1183
38 1.875 0.97932 18.6423
39 1.925 1.03133 20.334
40 1.975 1.07672 22.1931
41 2.025 1.09899 24.1879
42 2.075 1.10313 26.2903
43 2.125 1.09717 28.4834
44 2.175 1.07949 30.7438
45 2.225 1.06017 33.0671
46 2.275 1.02722 35.4204
47 2.325 1.01975 37.8604
48 2.375 0.996514 40.3485
49 2.425 0.981694 42.9039
50 2.475 0.966022 45.5232
96000 50
1 0.025 0 0
2 0.075 0 0
3 0.125 0 0
4 0.175 0 0
5 0.225 0 0
6 0.275 0 0
7 0.325 0 0
8 0.375 0 0
9 0.425 0 0
10 0.475 0 0
11 0.525 0 0
12 0.575 0 0
13 0.625 0 0
14 0.675 0 0
15 0.725 0 0
16 0.775 0 0
17 0.825 0.000324056 9.76563e-05
18 0.875 0.0564655 0.0192383
19 0.925 0.507853 0.211621
20 0.975 1.35974 0.783887
21 1.025 1.91416 1.67422
22 1.075 2.00637 2.70068
23 1.125 1.82382 3.72256
24 1.175 1.57478 4.68506
25 1.225 1.34744 5.58018
26 1.275 1.21154 6.45205
27 1.325 1.04331 7.26289
28 1.375 0.942333 8.05156
29 1.425 0.91333 8.87256
30 1.475 0.840297 9.68184
31 1.525 0.832775 10.5392
32 1.575 0.812315 11.4312
33 1.625 0.799107 12.3652
34 1.675 0.837981 13.406
35 1.725 0.839784 14.5121
36 1.775 0.887881 15.7504
37 1.825 0.931573 17.1238
38 1.875 0.999087 18.6786
39 1.925 1.02722 20.3636
40 1.975 1.06173 22.1968
41 2.025 1.11561 24.2218
42 2.075 1.11225 26.3416
43 2.125 1.08892 28.5182
44 2.175 1.07725 30.7739
45 2.225 1.0473 33.0689
46 2.275 1.04337 35.4593
47 2.325 1.01616 37.8907
48 2.375 0.990334 40.3634
49 2.425 0.978018 42.9092
50 2.475 0.961268 45.5156
97000 50
1 0.025 0 0
2 0.075 0 0
3 0.125 0 0
4 0.175 0 0
5 0.225 0 0
6 0.275 0 0
7 0.325 0 0
8 0.375 0 0
9 0.425 0 0
10 0.475 0 0
11 0.525 0 0
12 0.575 0 0
13 0.625 0 0
14 0.675 0 0
15 0.725 0 0
16 0.775 0 0
17 0.825 0.000648112 0.000195313
18 0.875 0.0532965 0.0182617
19 0.925 0.508111 0.210742
20 0.975 1.37227 0.788281
21 1.025 1.91207 1.67764
22 1.075 2.00388 2.70283
23 1.125 1.7853 3.70312
24 1.175 1.57894 4.66816
25 1.225 1.34567 5.56211
26 1.275 1.211 6.43359
27 1.325 1.06454 7.26094
28 1.375 0.979788 8.08096
29 1.425 0.898121 8.88828
30 1.475 0.853073 9.70986
31 1.525 0.817692 10.5517
32 1.575 0.795062 11.4247
33 1.625 0.819576 12.3827
34 1.675 0.805034 13.3825
35 1.725 0.85046 14.5027
36 1.775 0.895864 15.7521
37 1.825 0.937667 17.1346
38 1.875 0.988356 18.6727
39 1.925 1.03734 20.3742
40 1.975 1.06739 22.2172
41 2.025 1.08683 24.1899
42 2.075 1.10585 26.2976
43 2.125 1.09111 28.4785
44 2.175 1.08397 30.7483
45 2.225 1.05371 33.0574
46 2.275 1.03962 35.4392
47 2.325 1.00898 37.8534
48 2.375 0.991898 40.33
49 2.425 0.979443 42.8795
50 2.475 0.972325 45.5159
98000 50
1 0.025 0 0
2 0.075 0 0
3 0.125 0 0
4 0.175 0 0
5 0.225 0 0
6 0.275 0 0
7 0.325 0 0
8 0.375 0 0
9 0.425 0 0
10 0.475 0 0
11 0.525 0 0
12 0.575 0 0
13 0.625 0 0
14 0.675 0 0
15 0.725 0 0
16 0.775 0 0
17 0.825 0.000972169 0.000292969
18 0.875 0.051568 0.0177734
19 0.925 0.51636 0.213379
20 0.975 1.37714 0.792969
21 1.025 1.87889 1.66689
22 1.075 1.99529 2.6877
23 1.125 1.78461 3.6876
24 1.175 1.58261 4.65488
25 1.225 1.37801 5.57031
26 1.275 1.20367 6.43652
27 1.325 1.06429 7.26367
28 1.375 0.981305 8.08496
29 1.425 0.890625 8.88555
30 1.475 0.861388 9.71514
31 1.525 0.812001 10.5511
32 1.575 0.80271 11.4325
33 1.625 0.802867 12.371
34 1.675 0.826344 13.3973
35 1.725 0.848532 14.5149
36 1.775 0.900275 15.7705
37 1.825 0.938992 17.1549
38 1.875 0.972731 18.6687
39 1.925 1.02002 20.3418
40 1.975 1.06959 22.1886
41 2.025 1.09964 24.1846
42 2.075 1.10969 26.2995
43 2.125 1.10826 28.5147
44 2.175 1.08266 30.7818
45 2.225 1.06267 33.1105
46 2.275 1.03144 35.4735
47 2.325 1.01114 37.893
48 2.375 0.991116 40.3676
49 2.425 0.979106 42.9162
50 2.475 0.97517 45.5604
99000 50
1 0.025 0 0
2 0.075 0 0
3 0.125 0 0
4 0.175 0 0
5 0.225 0 0
6 0.275 0 0
7 0.325 0 0
8 0.375 0 0
9 0.425 0 0
10 0.475 0 0
11 0.525 0 0
12 0.575 0 0
13 0.625 0 0
14 0.675 0 0
15 0.725 0 0
16 0.775 0 0
17 0.825 0.000324056 9.76563e-05
18 0.875 0.0576178 0.0196289
19 0.925 0.51636 0.215234
20 0.975 1.3247 0.772754
21 1.025 1.90976 1.66104
22 1.075 1.96323 2.66543
23 1.125 1.81563 3.68271
24 1.175 1.61808 4.67168
25 1.225 1.34347 5.56416
26 1.275 1.19404 6.42344
27 1.325 1.08892 7.26973
28 1.375 0.975004 8.08574
29 1.425 0.905943 8.9001
30 1.475 0.854493 9.72305
31 1.525 0.818166 10.5653
32 1.575 0.813293 11.4584
33 1.625 0.81214 12.4077
34 1.675 0.817851 13.4234
35 1.725 0.8492 14.542
36 1.775 0.876608 15.7646
37 1.825 0.929851 17.1354
38 1.875 0.971727 18.6477
39 1.925 1.02693 20.3321
40 1.975 1.06422 22.1696
41 2.025 1.08731 24.1433
42 2.075 1.10493 26.2491
43 2.125 1.11075 28.4693
44 2.175 1.08826 30.7481
45 2.225 1.05683 33.0641
46 2.275 1.04184 35.4509
47 2.325 1.01037 37.8685
48 2.375 0.986931 40.3326
49 2.425 0.987997 42.9044
50 2.475 0.975819 45.5503
100000 50
1 0.025 0 0
2 0.075 0 0
3 0.125 0 0
4 0.175 0 0
5 0.225 0 0
6 0.275 0 0
7 0.325 0 0
8 0.375 0 0
9 0.425 0 0
10 0.475 0 0
11 0.525 0 0
12 0.575 0 0
13 0.625 0 0
14 0.675 0 0
15 0.725 0 0
16 0.775 0 0
17 0.825 0.000324056 9.76563e-05
18 0.875 0.0625153 0.0212891
19 0.925 0.517907 0.21748
20 0.975 1.34419 0.783203
21 1.025 1.88498 1.65996
22 1.075 1.98556 2.67578
23 1.125 1.81859 3.69473
24 1.175 1.56583 4.65176
25 1.225 1.40345 5.58408
26 1.275 1.19974 6.44746
27 1.325 1.06505 7.2752
28 1.375 0.959718 8.07842
29 1.425 0.895405 8.8833
30 1.475 0.857839 9.70947
31 1.525 0.810673 10.544
32 1.575 0.804756 11.4277
33 1.625 0.807545 12.3717
34 1.675 0.812269 13.3805
35 1.725 0.854389 14.5059
36 1.775 0.88431 15.7392
37 1.825 0.935746 17.1187
38 1.875 0.997267 18.6707
39 1.925 1.0302 20.3605
40 1.975 1.06682 22.2025
41 2.025 1.09587 24.1917
42 2.075 1.10083 26.2897
43 2.125 1.09825 28.485
44 2.175 1.08527 30.7575
45 2.225 1.06303 33.087
46 2.275 1.03135 35.4498
47 2.325 1.014 37.8761
48 2.375 0.994949 40.3603
49 2.425 0.971377 42.8888
50 2.475 0.968327 45.5144
