# Time-averaged data for fix 1
# TimeStep Number-of-rows
# Row c_RDF[1] c_RDF[2] c_RDF[3]
21000 50
1 0.025 0 0
2 0.075 0 0
3 0.125 0 0
4 0.175 0 0
5 0.225 0 0
6 0.275 0 0
7 0.325 0 0
8 0.375 0 0
9 0.425 0 0
10 0.475 0 0
11 0.525 0 0
12 0.575 0 0
13 0.625 0 0
14 0.675 0 0
15 0.725 0 0
16 0.775 0 0
17 0.825 0 0
18 0.875 0.0257151 0.00947266
19 0.925 0.438156 0.189844
20 0.975 1.38236 0.82207
21 1.025 2.06671 1.8667
22 1.075 2.16862 3.07236
23 1.125 1.92467 4.24424
24 1.175 1.63323 5.329
25 1.225 1.37994 6.3252
26 1.275 1.18631 7.25293
27 1.325 1.03257 8.125
28 1.375 0.910959 8.95352
29 1.425 0.822367 9.75684
30 1.475 0.805168 10.5995
31 1.525 0.772008 11.4632
32 1.575 0.760928 12.3712
33 1.625 0.749575 13.3233
34 1.675 0.801298 14.4048
35 1.725 0.827977 15.5899
36 1.775 0.89108 16.9404
37 1.825 0.945206 18.4548
38 1.875 1.00045 20.1467
39 1.925 1.06832 22.051
40 1.975 1.11005 24.1338
41 2.025 1.13919 26.3809
42 2.075 1.15497 28.7729
43 2.125 1.13772 31.2442
44 2.175 1.08709 33.718
45 2.225 1.07106 36.2686
46 2.275 1.02803 38.8279
47 2.325 0.996195 41.4183
48 2.375 0.960919 44.0255
49 2.425 0.948805 46.7094
50 2.475 0.945989 49.4968
22000 50
1 0.025 0 0
2 0.075 0 0
3 0.125 0 0
4 0.175 0 0
5 0.225 0 0
6 0.275 0 0
7 0.325 0 0
8 0.375 0 0
9 0.425 0 0
10 0.475 0 0
11 0.525 0 0
12 0.575 0 0
13 0.625 0 0
14 0.675 0 0
15 0.725 0 0
16 0.775 0 0
17 0.825 0 0
18 0.875 0.0315474 0.0116211
19 0.925 0.434361 0.19043
20 0.975 1.36655 0.81543
21 1.025 2.09473 1.87422
22 1.075 2.14279 3.06553
23 1.125 1.92387 4.23691
24 1.175 1.6519 5.33408
25 1.225 1.38265 6.33223
26 1.275 1.14985 7.23145
27 1.325 1.03211 8.10313
28 1.375 0.92116 8.94092
29 1.425 0.859757 9.78076
30 1.475 0.798636 10.6166
31 1.525 0.758565 11.4652
32 1.575 0.766984 12.3805
33 1.625 0.758801 13.3443
34 1.675 0.787912 14.4077
35 1.725 0.827022 15.5915
36 1.775 0.884121 16.9314
37 1.825 0.945815 18.4468
38 1.875 1.009 20.1531
39 1.925 1.05731 22.0378
40 1.975 1.10277 24.1069
41 2.025 1.14409 26.3637
42 2.075 1.14898 28.7434
43 2.125 1.13377 31.2061
44 2.175 1.10301 33.716
45 2.225 1.06495 36.2521
46 2.275 1.02897 38.8138
47 2.325 1.00003 41.4141
48 2.375 0.971681 44.0505
49 2.425 0.958368 46.7614
50 2.475 0.948938 49.5575
23000 50
1 0.025 0 0
2 0.075 0 0
3 0.125 0 0
4 0.175 0 0
5 0.225 0 0
6 0.275 0 0
7 0.325 0 0
8 0.375 0 0
9 0.425 0 0
10 0.475 0 0
11 0.525 0 0
12 0.575 0 0
13 0.625 0 0
14 0.675 0 0
15 0.725 0 0
16 0.775 0 0
17 0.825 0 0
18 0.875 0.0320777 0.0118164
19 0.925 0.424872 0.186719
20 0.975 1.36164 0.809473
21 1.025 2.0669 1.8542
22 1.075 2.19145 3.07256
23 1.125 1.93991 4.25371
24 1.175 1.66028 5.35645
25 1.225 1.36547 6.34219
26 1.275 1.17258 7.25918
27 1.325 1.02852 8.12783
28 1.375 0.903658 8.94971
29 1.425 0.850959 9.78096
30 1.475 0.786599 10.6042
31 1.525 0.771397 11.4672
32 1.575 0.754217 12.3672
33 1.625 0.76203 13.3352
34 1.675 0.79674 14.4104
35 1.725 0.838143 15.6102
36 1.775 0.890823 16.9603
37 1.825 0.94228 18.4699
38 1.875 0.999124 20.1596
39 1.925 1.05966 22.0484
40 1.975 1.10886 24.129
41 2.025 1.14003 26.3777
42 2.075 1.13795 28.7346
43 2.125 1.12536 31.179
44 2.175 1.09851 33.6787
45 2.225 1.0761 36.2413
46 2.275 1.04042 38.8315
47 2.325 0.989134 41.4035
48 2.375 0.979959 44.0624
49 2.425 0.961026 46.7809
50 2.475 0.950165 49.5806
24000 50
1 0.025 0 0
2 0.075 0 0
3 0.125 0 0
4 0.175 0 0
5 0.225 0 0
6 0.275 0 0
7 0.325 0 0
8 0.375 0 0
9 0.425 0 0
10 0.475 0 0
11 0.525 0 0
12 0.575 0 0
13 0.625 0 0
14 0.675 0 0
15 0.725 0 0
16 0.775 0 0
17 0.825 0 0
18 0.875 0.0281011 0.0103516
19 0.925 0.440054 0.191504
20 0.975 1.37937 0.822363
21 1.025 2.06594 1.8666
22 1.075 2.1507 3.0623
23 1.125 1.95274 4.25127
24 1.175 1.63911 5.33994
25 1.225 1.36493 6.32529
26 1.275 1.18906 7.25518
27 1.325 1.02933 8.12451
28 1.375 0.93136 8.97158
29 1.425 0.842062 9.79414
30 1.475 0.788745 10.6196
31 1.525 0.772095 11.4834
32 1.575 0.74947 12.3777
33 1.625 0.758801 13.3416
34 1.675 0.784294 14.4001
35 1.725 0.829342 15.5872
36 1.775 0.880771 16.9221
37 1.825 0.932954 18.4168
38 1.875 1.01639 20.1356
39 1.925 1.06755 22.0386
40 1.975 1.12078 24.1415
41 2.025 1.15805 26.4258
42 2.075 1.13682 28.7803
43 2.125 1.11767 31.208
44 2.175 1.10022 33.7116
45 2.225 1.06441 36.2464
46 2.275 1.03407 38.8208
47 2.325 1.00382 41.431
48 2.375 0.972329 44.0691
49 2.425 0.953603 46.7666
50 2.475 0.935814 49.524
25000 50
1 0.025 0 0
2 0.075 0 0
3 0.125 0 0
4 0.175 0 0
5 0.225 0 0
6 0.275 0 0
7 0.325 0 0
8 0.375 0 0
9 0.425 0 0
10 0.475 0 0
11 0.525 0 0
12 0.575 0 0
13 0.625 0 0
14 0.675 0 0
15 0.725 0 0
16 0.775 0 0
17 0.825 0 0
18 0.875 0.0265105 0.00976562
19 0.925 0.434124 0.188477
20 0.975 1.3689 0.814551
21 1.025 2.09299 1.87246
22 1.075 2.14367 3.06426
23 1.125 1.92932 4.23896
24 1.175 1.64837 5.33379
25 1.225 1.37697 6.32783
26 1.275 1.17919 7.25
27 1.325 1.03604 8.125
28 1.375 0.919549 8.96133
29 1.425 0.85026 9.79189
30 1.475 0.802275 10.6315
31 1.525 0.751756 11.4726
32 1.575 0.756018 12.3747
33 1.625 0.76818 13.3505
34 1.675 0.781978 14.4059
35 1.725 0.818699 15.5777
36 1.775 0.875422 16.9045
37 1.825 0.950935 18.428
38 1.875 1.01021 20.1364
39 1.925 1.07391 22.0507
40 1.975 1.10964 24.1327
41 2.025 1.13439 26.3703
42 2.075 1.14597 28.7437
43 2.125 1.14352 31.2276
44 2.175 1.10233 33.736
45 2.225 1.06901 36.2817
46 2.275 1.03415 38.8563
47 2.325 0.994505 41.4423
48 2.375 0.966966 44.0659
49 2.425 0.957159 46.7734
50 2.475 0.933892 49.5252
26000 50
1 0.025 0 0
2 0.075 0 0
3 0.125 0 0
4 0.175 0 0
5 0.225 0 0
6 0.275 0 0
7 0.325 0 0
8 0.375 0 0
9 0.425 0 0
10 0.475 0 0
11 0.525 0 0
12 0.575 0 0
13 0.625 0 0
14 0.675 0 0
15 0.725 0 0
16 0.775 0 0
17 0.825 0.000298202 9.76563e-05
18 0.875 0.0307521 0.0114258
19 0.925 0.446459 0.195215
20 0.975 1.361 0.817676
21 1.025 2.06246 1.86016
22 1.075 2.13559 3.04746
23 1.125 1.94905 4.23418
24 1.175 1.6494 5.32969
25 1.225 1.37751 6.32412
26 1.275 1.16871 7.23809
27 1.325 1.02933 8.10742
28 1.375 0.925025 8.94873
29 1.425 0.857158 9.78604
30 1.475 0.814685 10.6387
31 1.525 0.757692 11.4863
32 1.575 0.754463 12.3866
33 1.625 0.763721 13.3567
34 1.675 0.798259 14.4341
35 1.725 0.828864 15.6205
36 1.775 0.881222 16.9561
37 1.825 0.94484 18.4698
38 1.875 0.998258 20.158
39 1.925 1.06848 22.0626
40 1.975 1.10558 24.137
41 2.025 1.12874 26.3635
42 2.075 1.13724 28.7188
43 2.125 1.13089 31.1753
44 2.175 1.11142 33.7044
45 2.225 1.0558 36.2187
46 2.275 1.04105 38.8104
47 2.325 1.00209 41.4161
48 2.375 0.970169 44.0484
49 2.425 0.952188 46.7419
50 2.475 0.950695 49.5432
27000 50
1 0.025 0 0
2 0.075 0 0
3 0.125 0 0
4 0.175 0 0
5 0.225 0 0
6 0.275 0 0
7 0.325 0 0
8 0.375 0 0
9 0.425 0 0
10 0.475 0 0
11 0.525 0 0
12 0.575 0 0
13 0.625 0 0
14 0.675 0 0
15 0.725 0 0
16 0.775 0 0
17 0.825 0 0
18 0.875 0.0318125 0.0117188
19 0.925 0.427956 0.187891
20 0.975 1.38684 0.822168
21 1.025 2.0387 1.85264
22 1.075 2.15263 3.04941
23 1.125 1.95851 4.24189
24 1.175 1.66748 5.34941
25 1.225 1.40565 6.36416
26 1.275 1.16846 7.27793
27 1.325 1.01846 8.13809
28 1.375 0.914502 8.96982
29 1.425 0.837963 9.78838
30 1.475 0.787439 10.6125
31 1.525 0.763104 11.4662
32 1.575 0.753972 12.3659
33 1.625 0.756725 13.3271
34 1.675 0.79153 14.3954
35 1.725 0.809079 15.5535
36 1.775 0.903903 16.9234
37 1.825 0.950814 18.4468
38 1.875 1.00363 20.144
39 1.925 1.05813 22.0302
40 1.975 1.11313 24.1187
41 2.025 1.14978 26.3867
42 2.075 1.1437 28.7555
43 2.125 1.11943 31.187
44 2.175 1.09924 33.6884
45 2.225 1.06761 36.2308
46 2.275 1.04446 38.8311
47 2.325 1.00239 41.4375
48 2.375 0.971681 44.0739
49 2.425 0.955813 46.7776
50 2.475 0.935118 49.533
28000 50
1 0.025 0 0
2 0.075 0 0
3 0.125 0 0
4 0.175 0 0
5 0.225 0 0
6 0.275 0 0
7 0.325 0 0
8 0.375 0 0
9 0.425 0 0
10 0.475 0 0
11 0.525 0 0
12 0.575 0 0
13 0.625 0 0
14 0.675 0 0
15 0.725 0 0
16 0.775 0 0
17 0.825 0 0
18 0.875 0.0288964 0.0106445
19 0.925 0.428905 0.187207
20 0.975 1.38428 0.820312
21 1.025 2.06652 1.86484
22 1.075 2.17547 3.07432
23 1.125 1.94023 4.25566
24 1.175 1.63852 5.34395
25 1.225 1.36439 6.32891
26 1.275 1.18244 7.25361
27 1.325 1.03165 8.1249
28 1.375 0.91461 8.95674
29 1.425 0.842962 9.78018
30 1.475 0.791265 10.6083
31 1.525 0.761795 11.4605
32 1.575 0.763383 12.3715
33 1.625 0.764413 13.3425
34 1.675 0.790517 14.4094
35 1.725 0.829615 15.5969
36 1.775 0.890629 16.9467
37 1.825 0.940878 18.4541
38 1.875 0.99693 20.14
39 1.925 1.06437 22.0373
40 1.975 1.10469 24.1101
41 2.025 1.14741 26.3733
42 2.075 1.13974 28.7339
43 2.125 1.14056 31.2113
44 2.175 1.10795 33.7325
45 2.225 1.06019 36.2572
46 2.275 1.04246 38.8525
47 2.325 1.00408 41.4634
48 2.375 0.971213 44.0985
49 2.425 0.948494 46.7815
50 2.475 0.931075 49.525
29000 50
1 0.025 0 0
2 0.075 0 0
3 0.125 0 0
4 0.175 0 0
5 0.225 0 0
6 0.275 0 0
7 0.325 0 0
8 0.375 0 0
9 0.425 0 0
10 0.475 0 0
11 0.525 0 0
12 0.575 0 0
13 0.625 0 0
14 0.675 0 0
15 0.725 0 0
16 0.775 0 0
17 0.825 0 0
18 0.875 0.0299568 0.0110352
19 0.925 0.43697 0.190918
20 0.975 1.38172 0.822852
21 1.025 2.05029 1.85918
22 1.075 2.17757 3.06982
23 1.125 1.91954 4.23857
24 1.175 1.65704 5.33916
25 1.225 1.36033 6.32119
26 1.275 1.16359 7.23115
27 1.325 1.04633 8.11484
28 1.375 0.933508 8.96387
29 1.425 0.838263 9.78271
30 1.475 0.797423 10.6173
31 1.525 0.759874 11.4674
32 1.575 0.762974 12.3778
33 1.625 0.763029 13.3471
34 1.675 0.793773 14.4184
35 1.725 0.833162 15.6109
36 1.775 0.882833 16.9489
37 1.825 0.930943 18.4404
38 1.875 1.00328 20.1371
39 1.925 1.06574 22.0368
40 1.975 1.11755 24.1337
41 2.025 1.12805 26.3588
42 2.075 1.14521 28.7307
43 2.125 1.13215 31.1898
44 2.175 1.10524 33.7049
45 2.225 1.06007 36.2293
46 2.275 1.03352 38.8023
47 2.325 1.00126 41.4059
48 2.375 0.970385 44.0388
49 2.425 0.956779 46.7452
50 2.475 0.9441 49.5271
30000 50
1 0.025 0 0
2 0.075 0 0
3 0.125 0 0
4 0.175 0 0
5 0.225 0 0
6 0.275 0 0
7 0.325 0 0
8 0.375 0 0
9 0.425 0 0
10 0.475 0 0
11 0.525 0 0
12 0.575 0 0
13 0.625 0 0
14 0.675 0 0
15 0.725 0 0
16 0.775 0 0
17 0.825 0 0
18 0.875 0.0302219 0.0111328
19 0.925 0.436496 0.19082
20 0.975 1.3973 0.829883
21 1.025 2.05995 1.87109
22 1.075 2.14051 3.06113
23 1.125 1.93798 4.24111
24 1.175 1.66175 5.34482
25 1.225 1.37386 6.33662
26 1.275 1.18219 7.26113
27 1.325 1.0446 8.14336
28 1.375 0.913429 8.97412
29 1.425 0.840262 9.79492
30 1.475 0.780907 10.6122
31 1.525 0.772444 11.4764
32 1.575 0.755526 12.3779
33 1.625 0.769794 13.3558
34 1.675 0.78878 14.4203
35 1.725 0.8202 15.5943
36 1.775 0.888825 16.9414
37 1.825 0.947034 18.4587
38 1.875 1.00842 20.1641
39 1.925 1.06837 22.0685
40 1.975 1.11162 24.1542
41 2.025 1.12493 26.3731
42 2.075 1.15233 28.7598
43 2.125 1.12356 31.2003
44 2.175 1.10709 33.7195
45 2.225 1.07081 36.2695
46 2.275 1.04286 38.8658
47 2.325 0.995218 41.4536
48 2.375 0.971753 44.0902
49 2.425 0.960335 46.8067
50 2.475 0.933461 49.5572
31000 50
1 0.025 0 0
2 0.075 0 0
3 0.125 0 0
4 0.175 0 0
5 0.225 0 0
6 0.275 0 0
7 0.325 0 0
8 0.375 0 0
9 0.425 0 0
10 0.475 0 0
11 0.525 0 0
12 0.575 0 0
13 0.625 0 0
14 0.675 0 0
15 0.725 0 0
16 0.775 0 0
17 0.825 0 0
18 0.875 0.0273058 0.0100586
19 0.925 0.431277 0.187598
20 0.975 1.40947 0.832227
21 1.025 2.0899 1.88857
22 1.075 2.12857 3.07197
23 1.125 1.93253 4.24863
24 1.175 1.65366 5.34697
25 1.225 1.37981 6.34307
26 1.275 1.15422 7.2457
27 1.325 1.01291 8.10117
28 1.375 0.922663 8.94033
29 1.425 0.859557 9.77998
30 1.475 0.804888 10.6224
31 1.525 0.761445 11.4742
32 1.575 0.75078 12.3701
33 1.625 0.771486 13.3501
34 1.675 0.781472 14.4048
35 1.725 0.830706 15.5938
36 1.775 0.896622 16.9527
37 1.825 0.945511 18.4676
38 1.875 1.00594 20.1687
39 1.925 1.05385 22.0473
40 1.975 1.11734 24.1438
41 2.025 1.13637 26.3853
42 2.075 1.13772 28.7416
43 2.125 1.12554 31.1864
44 2.175 1.09683 33.6823
45 2.225 1.05921 36.2047
46 2.275 1.03521 38.7819
47 2.325 1.01054 41.4096
48 2.375 0.97474 44.0543
49 2.425 0.958333 46.7651
50 2.475 0.944232 49.5474
32000 50
1 0.025 0 0
2 0.075 0 0
3 0.125 0 0
4 0.175 0 0
5 0.225 0 0
6 0.275 0 0
7 0.325 0 0
8 0.375 0 0
9 0.425 0 0
10 0.475 0 0
11 0.525 0 0
12 0.575 0 0
13 0.625 0 0
14 0.675 0 0
15 0.725 0 0
16 0.775 0 0
17 0.825 0 0
18 0.875 0.0336683 0.0124023
19 0.925 0.446459 0.196191
20 0.975 1.40307 0.837891
21 1.025 2.05821 1.87822
22 1.075 2.13278 3.06396
23 1.125 1.94841 4.25029
24 1.175 1.65381 5.34873
25 1.225 1.37264 6.33965
26 1.275 1.16321 7.24932
27 1.325 1.04124 8.12871
28 1.375 0.918368 8.96396
29 1.425 0.828166 9.77295
30 1.475 0.775868 10.585
31 1.525 0.756644 11.4314
32 1.575 0.774595 12.3558
33 1.625 0.765489 13.3281
34 1.675 0.793339 14.3988
35 1.725 0.839848 15.601
36 1.775 0.882317 16.9382
37 1.825 0.950692 18.4613
38 1.875 1.01934 20.1852
39 1.925 1.08453 22.1184
40 1.975 1.10365 24.1892
41 2.025 1.13013 26.4184
42 2.075 1.13993 28.7793
43 2.125 1.12307 31.2188
44 2.175 1.08752 33.6935
45 2.225 1.06663 36.2335
46 2.275 1.02826 38.7935
47 2.325 0.998373 41.3895
48 2.375 0.982515 44.0553
49 2.425 0.965514 46.7864
50 2.475 0.937206 49.5479
33000 50
1 0.025 0 0
2 0.075 0 0
3 0.125 0 0
4 0.175 0 0
5 0.225 0 0
6 0.275 0 0
7 0.325 0 0
8 0.375 0 0
9 0.425 0 0
10 0.475 0 0
11 0.525 0 0
12 0.575 0 0
13 0.625 0 0
14 0.675 0 0
15 0.725 0 0
16 0.775 0 0
17 0.825 0 0
18 0.875 0.0334032 0.0123047
19 0.925 0.435072 0.191406
20 0.975 1.3736 0.819629
21 1.025 2.06806 1.86494
22 1.075 2.1514 3.06104
23 1.125 1.93076 4.23662
24 1.175 1.62749 5.31758
25 1.225 1.41458 6.33877
26 1.275 1.17108 7.25459
27 1.325 1.04298 8.13545
28 1.375 0.89292 8.94756
29 1.425 0.833164 9.76143
30 1.475 0.808713 10.6078
31 1.525 0.761533 11.4598
32 1.575 0.773613 12.3829
33 1.625 0.76203 13.3509
34 1.675 0.789431 14.4163
35 1.725 0.836164 15.6132
36 1.775 0.889534 16.9613
37 1.825 0.938928 18.4656
38 1.875 1.00282 20.1615
39 1.925 1.05681 22.0453
40 1.975 1.11271 24.1331
41 2.025 1.13558 26.373
42 2.075 1.14054 28.7353
43 2.125 1.12675 31.1827
44 2.175 1.09722 33.6795
45 2.225 1.06524 36.2162
46 2.275 1.04415 38.8157
47 2.325 1.00243 41.4223
48 2.375 0.974776 44.0671
49 2.425 0.960784 46.7849
50 2.475 0.94168 49.5596
34000 50
1 0.025 0 0
2 0.075 0 0
3 0.125 0 0
4 0.175 0 0
5 0.225 0 0
6 0.275 0 0
7 0.325 0 0
8 0.375 0 0
9 0.425 0 0
10 0.475 0 0
11 0.525 0 0
12 0.575 0 0
13 0.625 0 0
14 0.675 0 0
15 0.725 0 0
16 0.775 0 0
17 0.825 0.000894606 0.000292969
18 0.875 0.0281011 0.0106445
19 0.925 0.445748 0.194141
20 0.975 1.40264 0.835645
21 1.025 2.05493 1.87432
22 1.075 2.15105 3.07021
23 1.125 1.91184 4.23428
24 1.175 1.65646 5.33447
25 1.225 1.38928 6.3374
26 1.275 1.16571 7.24902
27 1.325 1.0232 8.11318
28 1.375 0.913429 8.94395
29 1.425 0.845761 9.77012
30 1.475 0.790425 10.5974
31 1.525 0.771659 11.4606
32 1.575 0.760764 12.3685
33 1.625 0.756955 13.33
34 1.675 0.797825 14.4067
35 1.725 0.83057 15.5956
36 1.775 0.890694 16.9455
37 1.825 0.938806 18.4496
38 1.875 1.01997 20.1745
39 1.925 1.06914 22.0803
40 1.975 1.11037 24.1637
41 2.025 1.1479 26.4279
42 2.075 1.13069 28.7697
43 2.125 1.11997 31.2024
44 2.175 1.09044 33.6838
45 2.225 1.07381 36.2409
46 2.275 1.02207 38.7854
47 2.325 0.992664 41.3666
48 2.375 0.97456 44.0108
49 2.425 0.964098 46.738
50 2.475 0.940984 49.5106
35000 50
1 0.025 0 0
2 0.075 0 0
3 0.125 0 0
4 0.175 0 0
5 0.225 0 0
6 0.275 0 0
7 0.325 0 0
8 0.375 0 0
9 0.425 0 0
10 0.475 0 0
11 0.525 0 0
12 0.575 0 0
13 0.625 0 0
14 0.675 0 0
15 0.725 0 0
16 0.775 0 0
17 0.825 0 0
18 0.875 0.032873 0.0121094
19 0.925 0.421788 0.185742
20 0.975 1.41524 0.833008
21 1.025 2.04836 1.86836
22 1.075 2.15843 3.06836
23 1.125 1.94071 4.25
24 1.175 1.62779 5.33115
25 1.225 1.37832 6.32617
26 1.275 1.17133 7.24219
27 1.325 1.02922 8.11143
28 1.375 0.928998 8.95635
29 1.425 0.851559 9.78818
30 1.475 0.792011 10.6171
31 1.525 0.760922 11.4684
32 1.575 0.748816 12.3619
33 1.625 0.773561 13.3445
34 1.675 0.79124 14.4124
35 1.725 0.828591 15.5984
36 1.775 0.882317 16.9356
37 1.825 0.953922 18.464
38 1.875 0.997276 20.1505
39 1.925 1.06437 22.0478
40 1.975 1.10678 24.1244
41 2.025 1.14266 26.3783
42 2.075 1.15804 28.7768
43 2.125 1.12882 31.2287
44 2.175 1.09443 33.7191
45 2.225 1.0656 36.2567
46 2.275 1.02673 38.8129
47 2.325 0.999049 41.4106
48 2.375 0.972977 44.0506
49 2.425 0.958195 46.761
50 2.475 0.945757 49.5478
36000 50
1 0.025 0 0
2 0.075 0 0
3 0.125 0 0
4 0.175 0 0
5 0.225 0 0
6 0.275 0 0
7 0.325 0 0
8 0.375 0 0
9 0.425 0 0
10 0.475 0 0
11 0.525 0 0
12 0.575 0 0
13 0.625 0 0
14 0.675 0 0
15 0.725 0 0
16 0.775 0 0
17 0.825 0 0
18 0.875 0.0288964 0.0106445
19 0.925 0.427481 0.186621
20 0.975 1.38172 0.818555
21 1.025 2.03135 1.84531
22 1.075 2.21587 3.07725
23 1.125 1.93638 4.25625
24 1.175 1.63896 5.34482
25 1.225 1.39401 6.35117
26 1.275 1.16171 7.25967
27 1.325 1.0261 8.12627
28 1.375 0.919656 8.9627
29 1.425 0.837363 9.78066
30 1.475 0.797703 10.6155
31 1.525 0.76389 11.4701
32 1.575 0.762319 12.3798
33 1.625 0.771101 13.3593
34 1.675 0.795654 14.4331
35 1.725 0.837461 15.6318
36 1.775 0.868657 16.9483
37 1.825 0.935209 18.4467
38 1.875 0.997912 20.1343
39 1.925 1.06185 22.0271
40 1.975 1.10553 24.1014
41 2.025 1.14102 26.3521
42 2.075 1.15045 28.7348
43 2.125 1.12959 31.1884
44 2.175 1.11039 33.7151
45 2.225 1.07196 36.2679
46 2.275 1.04015 38.8574
47 2.325 1.00157 41.4617
48 2.375 0.963583 44.0762
49 2.425 0.947872 46.7574
50 2.475 0.952385 49.5637
37000 50
1 0.025 0 0
2 0.075 0 0
3 0.125 0 0
4 0.175 0 0
5 0.225 0 0
6 0.275 0 0
7 0.325 0 0
8 0.375 0 0
9 0.425 0 0
10 0.475 0 0
11 0.525 0 0
12 0.575 0 0
13 0.625 0 0
14 0.675 0 0
15 0.725 0 0
16 0.775 0 0
17 0.825 0.000298202 9.76563e-05
18 0.875 0.0294266 0.0109375
19 0.925 0.436496 0.190625
20 0.975 1.39688 0.829492
21 1.025 2.04159 1.86143
22 1.075 2.20252 3.08594
23 1.125 1.90462 4.24561
24 1.175 1.63087 5.32881
25 1.225 1.3817 6.32627
26 1.275 1.18132 7.2501
27 1.325 1.03107 8.1209
28 1.375 0.905483 8.94443
29 1.425 0.843461 9.76836
30 1.475 0.805821 10.6117
31 1.525 0.761096 11.4632
32 1.575 0.773613 12.3863
33 1.625 0.757878 13.349
34 1.675 0.788201 14.4128
35 1.725 0.829956 15.6008
36 1.775 0.885603 16.943
37 1.825 0.949229 18.4638
38 1.875 0.999124 20.1534
39 1.925 1.07489 22.0694
40 1.975 1.10808 24.1485
41 2.025 1.12879 26.3751
42 2.075 1.15266 28.7624
43 2.125 1.13206 31.2214
44 2.175 1.08671 33.6942
45 2.225 1.05597 36.2089
46 2.275 1.0234 38.7567
47 2.325 1.00851 41.3791
48 2.375 0.979995 44.0381
49 2.425 0.961716 46.7585
50 2.475 0.950894 49.5604
38000 50
1 0.025 0 0
2 0.075 0 0
3 0.125 0 0
4 0.175 0 0
5 0.225 0 0
6 0.275 0 0
7 0.325 0 0
8 0.375 0 0
9 0.425 0 0
10 0.475 0 0
11 0.525 0 0
12 0.575 0 0
13 0.625 0 0
14 0.675 0 0
15 0.725 0 0
16 0.775 0 0
17 0.825 0 0
18 0.875 0.0296917 0.0109375
19 0.925 0.439105 0.191699
20 0.975 1.37083 0.818652
21 1.025 2.05976 1.85977
22 1.075 2.1456 3.05264
23 1.125 1.96204 4.24727
24 1.175 1.65307 5.34521
25 1.225 1.38887 6.34785
26 1.275 1.17333 7.26543
27 1.325 1.0313 8.13643
28 1.375 0.916006 8.96953
29 1.425 0.842162 9.79219
30 1.475 0.789212 10.6182
31 1.525 0.771833 11.4816
32 1.575 0.759946 12.3885
33 1.625 0.759877 13.3537
34 1.675 0.780459 14.407
35 1.725 0.831934 15.5979
36 1.775 0.87974 16.9312
37 1.825 0.934722 18.4287
38 1.875 1.00426 20.1271
39 1.925 1.06684 22.0287
40 1.975 1.11489 24.1206
41 2.025 1.14266 26.3745
42 2.075 1.14748 28.7511
43 2.125 1.12756 31.2003
44 2.175 1.10258 33.7093
45 2.225 1.06466 36.2446
46 2.275 1.03599 38.8238
47 2.325 1.00044 41.4252
48 2.375 0.971897 44.0622
49 2.425 0.949633 46.7484
50 2.475 0.95212 49.5539
39000 50
1 0.025 0 0
2 0.075 0 0
3 0.125 0 0
4 0.175 0 0
5 0.225 0 0
6 0.275 0 0
7 0.325 0 0
8 0.375 0 0
9 0.425 0 0
10 0.475 0 0
11 0.525 0 0
12 0.575 0 0
13 0.625 0 0
14 0.675 0 0
15 0.725 0 0
16 0.775 0 0
17 0.825 0.000298202 9.76563e-05
18 0.875 0.0312823 0.0116211
19 0.925 0.435547 0.190918
20 0.975 1.40093 0.831641
21 1.025 2.07792 1.88193
22 1.075 2.15772 3.08154
23 1.125 1.92772 4.25527
24 1.175 1.61602 5.32861
25 1.225 1.38847 6.33096
26 1.275 1.17732 7.25166
27 1.325 1.02378 8.11631
28 1.375 0.918905 8.95205
29 1.425 0.84766 9.78008
30 1.475 0.79649 10.6137
31 1.525 0.759001 11.4628
32 1.575 0.746442 12.3535
33 1.625 0.770717 13.3325
34 1.675 0.802384 14.4154
35 1.725 0.84019 15.6181
36 1.775 0.881673 16.9543
37 1.825 0.94167 18.463
38 1.875 1.00906 20.1694
39 1.925 1.04931 22.0398
40 1.975 1.10927 24.1212
41 2.025 1.13736 26.3646
42 2.075 1.1338 28.7129
43 2.125 1.13754 31.1838
44 2.175 1.10361 33.6951
45 2.225 1.06966 36.2424
46 2.275 1.0414 38.8351
47 2.325 1.00618 41.4514
48 2.375 0.977296 44.103
49 2.425 0.95495 46.8043
50 2.475 0.937338 49.5662
40000 50
1 0.025 0 0
2 0.075 0 0
3 0.125 0 0
4 0.175 0 0
5 0.225 0 0
6 0.275 0 0
7 0.325 0 0
8 0.375 0 0
9 0.425 0 0
10 0.475 0 0
11 0.525 0 0
12 0.575 0 0
13 0.625 0 0
14 0.675 0 0
15 0.725 0 0
16 0.775 0 0
17 0.825 0.000298202 9.76563e-05
18 0.875 0.0318125 0.0118164
19 0.925 0.419178 0.184375
20 0.975 1.40606 0.827441
21 1.025 2.07115 1.87432
22 1.075 2.1565 3.07324
23 1.125 1.9274 4.24678
24 1.175 1.63484 5.33262
25 1.225 1.39455 6.33936
26 1.275 1.18893 7.26914
27 1.325 1.01858 8.12939
28 1.375 0.930823 8.97598
29 1.425 0.830765 9.7875
30 1.475 0.776615 10.6003
31 1.525 0.77515 11.4675
32 1.575 0.74456 12.356
33 1.625 0.772254 13.3369
34 1.675 0.7903 14.4035
35 1.725 0.839166 15.6047
36 1.775 0.886054 16.9476
37 1.825 0.944596 18.4609
38 1.875 1.0049 20.1604
39 1.925 1.06591 22.0604
40 1.975 1.10266 24.1293
41 2.025 1.14345 26.3848
42 2.075 1.13555 28.7366
43 2.125 1.13345 31.1986
44 2.175 1.09576 33.6921
45 2.225 1.06388 36.2256
46 2.275 1.03732 38.8081
47 2.325 1.01043 41.4354
48 2.375 0.966282 44.0572
49 2.425 0.947631 46.7378
50 2.475 0.949336 49.5351
41000 50
1 0.025 0 0
2 0.075 0 0
3 0.125 0 0
4 0.175 0 0
5 0.225 0 0
6 0.275 0 0
7 0.325 0 0
8 0.375 0 0
9 0.425 0 0
10 0.475 0 0
11 0.525 0 0
12 0.575 0 0
13 0.625 0 0
14 0.675 0 0
15 0.725 0 0
16 0.775 0 0
17 0.825 0.000298202 9.76563e-05
18 0.875 0.032873 0.012207
19 0.925 0.427481 0.188184
20 0.975 1.37339 0.816309
21 1.025 2.04584 1.85039
22 1.075 2.1716 3.05771
23 1.125 1.94023 4.23906
24 1.175 1.62852 5.3207
25 1.225 1.40037 6.33164
26 1.275 1.1787 7.25342
27 1.325 1.03962 8.13145
28 1.375 0.922019 8.97002
29 1.425 0.841562 9.79209
30 1.475 0.780534 10.609
31 1.525 0.768254 11.4685
32 1.575 0.752335 12.3662
33 1.625 0.76203 13.3342
34 1.675 0.785596 14.3944
35 1.725 0.833299 15.5872
36 1.775 0.881544 16.9232
37 1.825 0.944231 18.436
38 1.875 1.0079 20.1405
39 1.925 1.07259 22.0524
40 1.975 1.10719 24.1299
41 2.025 1.15181 26.4019
42 2.075 1.13578 28.7542
43 2.125 1.1326 31.2144
44 2.175 1.09078 33.6965
45 2.225 1.07372 36.2534
46 2.275 1.03336 38.8261
47 2.325 1.0093 41.4505
48 2.375 0.967902 44.0767
49 2.425 0.953534 46.7739
50 2.475 0.937239 49.5355
42000 50
1 0.025 0 0
2 0.075 0 0
3 0.125 0 0
4 0.175 0 0
5 0.225 0 0
6 0.275 0 0
7 0.325 0 0
8 0.375 0 0
9 0.425 0 0
10 0.475 0 0
11 0.525 0 0
12 0.575 0 0
13 0.625 0 0
14 0.675 0 0
15 0.725 0 0
16 0.775 0 0
17 0.825 0 0
18 0.875 0.0323428 0.0119141
19 0.925 0.421313 0.185352
20 0.975 1.38684 0.819629
21 1.025 2.07405 1.86797
22 1.075 2.15298 3.06494
23 1.125 1.92403 4.23643
24 1.175 1.65322 5.33447
25 1.225 1.37508 6.32715
26 1.275 1.18269 7.25205
27 1.325 1.04113 8.13135
28 1.375 0.908919 8.95801
29 1.425 0.844461 9.78291
30 1.475 0.804421 10.6248
31 1.525 0.763017 11.4784
32 1.575 0.753972 12.3781
33 1.625 0.770025 13.3562
34 1.675 0.789431 14.4217
35 1.725 0.836778 15.6194
36 1.775 0.881608 16.9556
37 1.825 0.932832 18.4501
38 1.875 1.00871 20.156
39 1.925 1.06481 22.054
40 1.975 1.11286 24.1421
41 2.025 1.13072 26.3725
42 2.075 1.13937 28.7322
43 2.125 1.12316 31.1719
44 2.175 1.11151 33.7012
45 2.225 1.06601 36.2397
46 2.275 1.03654 38.8203
47 2.325 1.00044 41.4217
48 2.375 0.973733 44.0637
49 2.425 0.957746 46.7729
50 2.475 0.949038 49.5692
43000 50
1 0.025 0 0
2 0.075 0 0
3 0.125 0 0
4 0.175 0 0
5 0.225 0 0
6 0.275 0 0
7 0.325 0 0
8 0.375 0 0
9 0.425 0 0
10 0.475 0 0
11 0.525 0 0
12 0.575 0 0
13 0.625 0 0
14 0.675 0 0
15 0.725 0 0
16 0.775 0 0
17 0.825 0 0
18 0.875 0.0318125 0.0117188
19 0.925 0.451916 0.197754
20 0.975 1.36805 0.823438
21 1.025 2.04063 1.85488
22 1.075 2.17652 3.06494
23 1.125 1.95129 4.25303
24 1.175 1.63558 5.33936
25 1.225 1.38022 6.33574
26 1.275 1.18731 7.26426
27 1.325 1.02517 8.13008
28 1.375 0.901725 8.9502
29 1.425 0.842262 9.77295
30 1.475 0.800316 10.6105
31 1.525 0.751145 11.4509
32 1.575 0.760109 12.3579
33 1.625 0.767872 13.3333
34 1.675 0.793845 14.4047
35 1.725 0.837802 15.6039
36 1.775 0.889534 16.9521
37 1.825 0.946425 18.4684
38 1.875 1.00634 20.1702
39 1.925 1.06262 22.0644
40 1.975 1.11297 24.1526
41 2.025 1.12656 26.3748
42 2.075 1.13649 28.7286
43 2.125 1.13022 31.1836
44 2.175 1.0925 33.6696
45 2.225 1.07381 36.2268
46 2.275 1.02924 38.7892
47 2.325 1.00656 41.4064
48 2.375 0.973121 44.0468
49 2.425 0.958782 46.7589
50 2.475 0.942409 49.5357
44000 50
1 0.025 0 0
2 0.075 0 0
3 0.125 0 0
4 0.175 0 0
5 0.225 0 0
6 0.275 0 0
7 0.325 0 0
8 0.375 0 0
9 0.425 0 0
10 0.475 0 0
11 0.525 0 0
12 0.575 0 0
13 0.625 0 0
14 0.675 0 0
15 0.725 0 0
16 0.775 0 0
17 0.825 0 0
18 0.875 0.0275709 0.0101563
19 0.925 0.419653 0.18291
20 0.975 1.3751 0.811816
21 1.025 2.07598 1.86113
22 1.075 2.16212 3.06318
23 1.125 1.95081 4.25098
24 1.175 1.62499 5.33027
25 1.225 1.38441 6.32969
26 1.275 1.17283 7.24688
27 1.325 1.03905 8.12441
28 1.375 0.90355 8.94619
29 1.425 0.845461 9.77207
30 1.475 0.80946 10.6192
31 1.525 0.765635 11.4758
32 1.575 0.767229 12.3913
33 1.625 0.768795 13.3679
34 1.675 0.799923 14.4475
35 1.725 0.825044 15.6284
36 1.775 0.875938 16.956
37 1.825 0.940086 18.4621
38 1.875 1.00028 20.1537
39 1.925 1.05194 22.0288
40 1.975 1.11401 24.119
41 2.025 1.14157 26.3708
42 2.075 1.143 28.7381
43 2.125 1.12581 31.1835
44 2.175 1.09984 33.6862
45 2.225 1.0645 36.2212
46 2.275 1.0243 38.7713
47 2.325 1.00592 41.3869
48 2.375 0.985358 44.0604
49 2.425 0.958368 46.7714
50 2.475 0.933527 49.5221
45000 50
1 0.025 0 0
2 0.075 0 0
3 0.125 0 0
4 0.175 0 0
5 0.225 0 0
6 0.275 0 0
7 0.325 0 0
8 0.375 0 0
9 0.425 0 0
10 0.475 0 0
11 0.525 0 0
12 0.575 0 0
13 0.625 0 0
14 0.675 0 0
15 0.725 0 0
16 0.775 0 0
17 0.825 0 0
18 0.875 0.030487 0.0112305
19 0.925 0.440529 0.192578
20 0.975 1.38833 0.827539
21 1.025 2.06826 1.87295
22 1.075 2.14982 3.06816
23 1.125 1.90911 4.23057
24 1.175 1.65205 5.32783
25 1.225 1.38184 6.32539
26 1.275 1.17957 7.24785
27 1.325 1.0402 8.12637
28 1.375 0.916865 8.96025
29 1.425 0.843162 9.78389
30 1.475 0.784826 10.6053
31 1.525 0.772095 11.469
32 1.575 0.772467 12.3908
33 1.625 0.760492 13.3568
34 1.675 0.793411 14.4276
35 1.725 0.831525 15.6179
36 1.775 0.883412 16.9567
37 1.825 0.929175 18.4454
38 1.875 0.99872 20.1344
39 1.925 1.0653 22.0333
40 1.975 1.1125 24.1207
41 2.025 1.1434 26.3761
42 2.075 1.1421 28.7415
43 2.125 1.12882 31.1935
44 2.175 1.10486 33.7076
45 2.225 1.07106 36.2582
46 2.275 1.03121 38.8255
47 2.325 0.998486 41.4218
48 2.375 0.98381 44.0911
49 2.425 0.943937 46.7612
50 2.475 0.943801 49.5422
46000 50
1 0.025 0 0
2 0.075 0 0
3 0.125 0 0
4 0.175 0 0
5 0.225 0 0
6 0.275 0 0
7 0.325 0 0
8 0.375 0 0
9 0.425 0 0
10 0.475 0 0
11 0.525 0 0
12 0.575 0 0
13 0.625 0 0
14 0.675 0 0
15 0.725 0 0
16 0.775 0 0
17 0.825 0.000298202 9.76563e-05
18 0.875 0.0302219 0.0112305
19 0.925 0.459507 0.200391
20 0.975 1.37574 0.82959
21 1.025 2.05222 1.86689
22 1.075 2.17371 3.07539
23 1.125 1.91408 4.24082
24 1.175 1.62749 5.32178
25 1.225 1.3974 6.33057
26 1.275 1.17882 7.25244
27 1.325 1.02216 8.11572
28 1.375 0.9232 8.95537
29 1.425 0.851759 9.7874
30 1.475 0.800129 10.6248
31 1.525 0.764413 11.48
32 1.575 0.749307 12.3741
33 1.625 0.758954 13.3382
34 1.675 0.799055 14.4166
35 1.725 0.839439 15.6182
36 1.775 0.883155 16.9566
37 1.825 0.94545 18.4714
38 1.875 1.01229 20.1833
39 1.925 1.05922 22.0714
40 1.975 1.09808 24.1317
41 2.025 1.14587 26.392
42 2.075 1.1314 28.7353
43 2.125 1.1255 31.18
44 2.175 1.11018 33.7062
45 2.225 1.0615 36.2341
46 2.275 1.02313 38.7812
47 2.325 1.01253 41.4141
48 2.375 0.975028 44.0596
49 2.425 0.954708 46.7602
50 2.475 0.955037 49.5742
47000 50
1 0.025 0 0
2 0.075 0 0
3 0.125 0 0
4 0.175 0 0
5 0.225 0 0
6 0.275 0 0
7 0.325 0 0
8 0.375 0 0
9 0.425 0 0
10 0.475 0 0
11 0.525 0 0
12 0.575 0 0
13 0.625 0 0
14 0.675 0 0
15 0.725 0 0
16 0.775 0 0
17 0.825 0 0
18 0.875 0.0315474 0.0116211
19 0.925 0.460218 0.201074
20 0.975 1.37253 0.828809
21 1.025 2.0669 1.87354
22 1.075 2.16545 3.07744
23 1.125 1.92659 4.25049
24 1.175 1.64293 5.3417
25 1.225 1.39171 6.34639
26 1.275 1.17033 7.26162
27 1.325 1.0143 8.11826
28 1.375 0.908919 8.94492
29 1.425 0.841162 9.7666
30 1.475 0.794064 10.5977
31 1.525 0.76066 11.4486
32 1.575 0.771239 12.3689
33 1.625 0.77656 13.3554
34 1.675 0.785235 14.4151
35 1.725 0.831525 15.6054
36 1.775 0.88992 16.9541
37 1.825 0.948436 18.4736
38 1.875 1.00374 20.1711
39 1.925 1.06476 22.069
40 1.975 1.1151 24.1613
41 2.025 1.13756 26.4052
42 2.075 1.12319 28.7314
43 2.125 1.12635 31.178
44 2.175 1.09589 33.6718
45 2.225 1.07135 36.223
46 2.275 1.0334 38.7958
47 2.325 1.00055 41.3975
48 2.375 0.979599 44.0554
49 2.425 0.953051 46.7513
50 2.475 0.952219 49.557
48000 50
1 0.025 0 0
2 0.075 0 0
3 0.125 0 0
4 0.175 0 0
5 0.225 0 0
6 0.275 0 0
7 0.325 0 0
8 0.375 0 0
9 0.425 0 0
10 0.475 0 0
11 0.525 0 0
12 0.575 0 0
13 0.625 0 0
14 0.675 0 0
15 0.725 0 0
16 0.775 0 0
17 0.825 0 0
18 0.875 0.0251849 0.00927734
19 0.925 0.43531 0.188477
20 0.975 1.3909 0.824609
21 1.025 2.0584 1.86504
22 1.075 2.14209 3.05596
23 1.125 1.93461 4.23389
24 1.175 1.63661 5.3209
25 1.225 1.40051 6.33193
26 1.275 1.20155 7.27158
27 1.325 1.03037 8.1418
28 1.375 0.926206 8.98418
29 1.425 0.842762 9.80742
30 1.475 0.793784 10.6382
31 1.525 0.761271 11.4898
32 1.575 0.753972 12.3896
33 1.625 0.754342 13.3478
34 1.675 0.790155 14.4142
35 1.725 0.832958 15.6064
36 1.775 0.880899 16.9415
37 1.825 0.94356 18.4532
38 1.875 1.01333 20.1669
39 1.925 1.06246 22.0607
40 1.975 1.10011 24.1249
41 2.025 1.13107 26.356
42 2.075 1.13625 28.7093
43 2.125 1.14105 31.1878
44 2.175 1.10164 33.6946
45 2.225 1.06146 36.2224
46 2.275 1.03913 38.8094
47 2.325 1.00209 41.415
48 2.375 0.982623 44.0812
49 2.425 0.956365 46.7864
50 2.475 0.946618 49.5757
49000 50
1 0.025 0 0
2 0.075 0 0
3 0.125 0 0
4 0.175 0 0
5 0.225 0 0
6 0.275 0 0
7 0.325 0 0
8 0.375 0 0
9 0.425 0 0
10 0.475 0 0
11 0.525 0 0
12 0.575 0 0
13 0.625 0 0
14 0.675 0 0
15 0.725 0 0
16 0.775 0 0
17 0.825 0.000298202 9.76563e-05
18 0.875 0.0265105 0.00986328
19 0.925 0.431989 0.187695
20 0.975 1.39132 0.824023
21 1.025 2.05879 1.86465
22 1.075 2.16967 3.0709
23 1.125 1.94504 4.25518
24 1.175 1.6566 5.35547
25 1.225 1.37426 6.34756
26 1.275 1.18444 7.27383
27 1.325 1.01245 8.12891
28 1.375 0.910208 8.95674
29 1.425 0.840562 9.77783
30 1.475 0.790705 10.6054
31 1.525 0.778991 11.4769
32 1.575 0.743169 12.3637
33 1.625 0.759108 13.3279
34 1.675 0.784149 14.3862
35 1.725 0.841213 15.5903
36 1.775 0.881093 16.9257
37 1.825 0.949899 18.4476
38 1.875 1.00767 20.1517
39 1.925 1.07451 22.067
40 1.975 1.10631 24.1428
41 2.025 1.1477 26.4066
42 2.075 1.13932 28.7663
43 2.125 1.13332 31.228
44 2.175 1.09997 33.7311
45 2.225 1.05552 36.2446
46 2.275 1.0327 38.8156
47 2.325 0.997772 41.4101
48 2.375 0.96513 44.0287
49 2.425 0.965134 46.7588
50 2.475 0.954871 49.5724
50000 50
1 0.025 0 0
2 0.075 0 0
3 0.125 0 0
4 0.175 0 0
5 0.225 0 0
6 0.275 0 0
7 0.325 0 0
8 0.375 0 0
9 0.425 0 0
10 0.475 0 0
11 0.525 0 0
12 0.575 0 0
13 0.625 0 0
14 0.675 0 0
15 0.725 0 0
16 0.775 0 0
17 0.825 0.000596404 0.000195313
18 0.875 0.0334032 0.0125
19 0.925 0.429616 0.189355
20 0.975 1.37317 0.817383
21 1.025 2.06999 1.86367
22 1.075 2.15386 3.06113
23 1.125 1.92531 4.2334
24 1.175 1.6519 5.33057
25 1.225 1.39388 6.33682
26 1.275 1.16908 7.25107
27 1.325 1.04205 8.13115
28 1.375 0.923307 8.9709
29 1.425 0.841562 9.79297
30 1.475 0.778761 10.608
31 1.525 0.763628 11.4623
32 1.575 0.765593 12.3759
33 1.625 0.765258 13.3479
34 1.675 0.77865 14.3988
35 1.725 0.841895 15.6039
36 1.775 0.89282 16.957
37 1.825 0.937465 18.459
38 1.875 1.00161 20.1528
39 1.925 1.06306 22.0478
40 1.975 1.10058 24.1128
41 2.025 1.13523 26.3521
42 2.075 1.13899 28.711
43 2.125 1.1295 31.1645
44 2.175 1.10825 33.6863
45 2.225 1.06191 36.2151
46 2.275 1.04235 38.8102
47 2.325 0.997096 41.4028
48 2.375 0.976648 44.0527
49 2.425 0.962752 46.7761
50 2.475 0.952219 49.5818
51000 50
1 0.025 0 0
2 0.075 0 0
3 0.125 0 0
4 0.175 0 0
5 0.225 0 0
6 0.275 0 0
7 0.325 0 0
8 0.375 0 0
9 0.425 0 0
10 0.475 0 0
11 0.525 0 0
12 0.575 0 0
13 0.625 0 0
14 0.675 0 0
15 0.725 0 0
16 0.775 0 0
17 0.825 0 0
18 0.875 0.0302219 0.0111328
19 0.925 0.430565 0.188379
20 0.975 1.37787 0.818555
21 1.025 2.06072 1.86016
22 1.075 2.15737 3.05957
23 1.125 1.96605 4.25664
24 1.175 1.64381 5.34844
25 1.225 1.39388 6.35469
26 1.275 1.18381 7.28047
27 1.325 1.01569 8.13828
28 1.375 0.908382 8.96445
29 1.425 0.850859 9.79561
30 1.475 0.770177 10.6017
31 1.525 0.76389 11.4563
32 1.575 0.756672 12.3592
33 1.625 0.753803 13.3167
34 1.675 0.79645 14.3916
35 1.725 0.835619 15.5877
36 1.775 0.889856 16.9363
37 1.825 0.95441 18.4654
38 1.875 1.00773 20.1696
39 1.925 1.05188 22.0446
40 1.975 1.12546 24.1563
41 2.025 1.14855 26.4219
42 2.075 1.13663 28.776
43 2.125 1.129 31.2283
44 2.175 1.10108 33.7339
45 2.225 1.062 36.2629
46 2.275 1.03446 38.8383
47 2.325 1.00168 41.4429
48 2.375 0.965526 44.0626
49 2.425 0.952084 46.7558
50 2.475 0.944829 49.5397
52000 50
1 0.025 0 0
2 0.075 0 0
3 0.125 0 0
4 0.175 0 0
5 0.225 0 0
6 0.275 0 0
7 0.325 0 0
8 0.375 0 0
9 0.425 0 0
10 0.475 0 0
11 0.525 0 0
12 0.575 0 0
13 0.625 0 0
14 0.675 0 0
15 0.725 0 0
16 0.775 0 0
17 0.825 0.000298202 9.76563e-05
18 0.875 0.0320777 0.0119141
19 0.925 0.446459 0.195703
20 0.975 1.41097 0.841016
21 1.025 2.06381 1.88418
22 1.075 2.15105 3.08008
23 1.125 1.88489 4.22773
24 1.175 1.65513 5.32705
25 1.225 1.40457 6.34102
26 1.275 1.16696 7.25361
27 1.325 1.03986 8.13184
28 1.375 0.915147 8.96416
29 1.425 0.842862 9.7875
30 1.475 0.783427 10.6074
31 1.525 0.767119 11.4656
32 1.575 0.761992 12.3749
33 1.625 0.757878 13.3376
34 1.675 0.798838 14.4157
35 1.725 0.828182 15.6012
36 1.775 0.882253 16.9383
37 1.825 0.935027 18.4363
38 1.875 1.01293 20.1493
39 1.925 1.07286 22.0617
40 1.975 1.11245 24.149
41 2.025 1.1433 26.4042
42 2.075 1.14832 28.7825
43 2.125 1.12172 31.219
44 2.175 1.09696 33.7152
45 2.225 1.07278 36.2699
46 2.275 1.02258 38.8157
47 2.325 0.993566 41.3992
48 2.375 0.971609 44.0354
49 2.425 0.951152 46.726
50 2.475 0.942244 49.5023
53000 50
1 0.025 0 0
2 0.075 0 0
3 0.125 0 0
4 0.175 0 0
5 0.225 0 0
6 0.275 0 0
7 0.325 0 0
8 0.375 0 0
9 0.425 0 0
10 0.475 0 0
11 0.525 0 0
12 0.575 0 0
13 0.625 0 0
14 0.675 0 0
15 0.725 0 0
16 0.775 0 0
17 0.825 0 0
18 0.875 0.0273058 0.0100586
19 0.925 0.431751 0.187793
20 0.975 1.38684 0.82207
21 1.025 2.07772 1.87227
22 1.075 2.1644 3.07559
23 1.125 1.91665 4.24258
24 1.175 1.63396 5.32783
25 1.225 1.3882 6.32998
26 1.275 1.17308 7.24736
27 1.325 1.0483 8.13271
28 1.375 0.907416 8.95801
29 1.425 0.851159 9.78945
30 1.475 0.786506 10.6126
31 1.525 0.757692 11.4603
32 1.575 0.758391 12.3652
33 1.625 0.769871 13.3432
34 1.675 0.806291 14.4313
35 1.725 0.827295 15.6155
36 1.775 0.882897 16.9536
37 1.825 0.930943 18.4451
38 1.875 1.00975 20.1527
39 1.925 1.06952 22.0592
40 1.975 1.12322 24.1667
41 2.025 1.14503 26.4253
42 2.075 1.13225 28.7703
43 2.125 1.11821 31.1992
44 2.175 1.09898 33.7
45 2.225 1.07118 36.2509
46 2.275 1.03156 38.819
47 2.325 0.998223 41.4146
48 2.375 0.970637 44.0482
49 2.425 0.96106 46.7668
50 2.475 0.94516 49.5518
54000 50
1 0.025 0 0
2 0.075 0 0
3 0.125 0 0
4 0.175 0 0
5 0.225 0 0
6 0.275 0 0
7 0.325 0 0
8 0.375 0 0
9 0.425 0 0
10 0.475 0 0
11 0.525 0 0
12 0.575 0 0
13 0.625 0 0
14 0.675 0 0
15 0.725 0 0
16 0.775 0 0
17 0.825 0 0
18 0.875 0.0349938 0.0128906
19 0.925 0.431514 0.190527
20 0.975 1.38278 0.822949
21 1.025 2.03502 1.85156
22 1.075 2.1983 3.07373
23 1.125 1.94921 4.26055
24 1.175 1.64896 5.35576
25 1.225 1.38252 6.35381
26 1.275 1.16034 7.26123
27 1.325 1.02355 8.12568
28 1.375 0.907201 8.95078
29 1.425 0.837563 9.76895
30 1.475 0.79425 10.6002
31 1.525 0.766072 11.4572
32 1.575 0.762319 12.3669
33 1.625 0.762952 13.336
34 1.675 0.788852 14.4007
35 1.725 0.832548 15.5924
36 1.775 0.882253 16.9295
37 1.825 0.94161 18.4381
38 1.875 1.00686 20.1408
39 1.925 1.07478 22.0566
40 1.975 1.12572 24.1688
41 2.025 1.13181 26.4014
42 2.075 1.13955 28.7615
43 2.125 1.12846 31.2127
44 2.175 1.10529 33.7278
45 2.225 1.06212 36.2571
46 2.275 1.02163 38.8006
47 2.325 1.00757 41.4205
48 2.375 0.971573 44.0566
49 2.425 0.954777 46.7574
50 2.475 0.942608 49.5349
55000 50
1 0.025 0 0
2 0.075 0 0
3 0.125 0 0
4 0.175 0 0
5 0.225 0 0
6 0.275 0 0
7 0.325 0 0
8 0.375 0 0
9 0.425 0 0
10 0.475 0 0
11 0.525 0 0
12 0.575 0 0
13 0.625 0 0
14 0.675 0 0
15 0.725 0 0
16 0.775 0 0
17 0.825 0 0
18 0.875 0.0273058 0.0100586
19 0.925 0.432463 0.188086
20 0.975 1.39325 0.825293
21 1.025 2.09299 1.8832
22 1.075 2.15825 3.08311
23 1.125 1.91601 4.24971
24 1.175 1.64513 5.34238
25 1.225 1.3748 6.33486
26 1.275 1.18719 7.26328
27 1.325 1.01499 8.12051
28 1.375 0.922448 8.95947
29 1.425 0.831065 9.77129
30 1.475 0.791265 10.5994
31 1.525 0.762493 11.4524
32 1.575 0.778277 12.3812
33 1.625 0.771793 13.3615
34 1.675 0.792543 14.4312
35 1.725 0.822383 15.6083
36 1.775 0.881351 16.944
37 1.825 0.943743 18.4561
38 1.875 1.01217 20.1678
39 1.925 1.06563 22.0673
40 1.975 1.11245 24.1546
41 2.025 1.12409 26.3719
42 2.075 1.12748 28.707
43 2.125 1.14195 31.1875
44 2.175 1.0964 33.6824
45 2.225 1.07594 36.2446
46 2.275 1.03458 38.8203
47 2.325 1.00555 41.435
48 2.375 0.965994 44.056
49 2.425 0.956607 46.7619
50 2.475 0.948342 49.5562
56000 50
1 0.025 0 0
2 0.075 0 0
3 0.125 0 0
4 0.175 0 0
5 0.225 0 0
6 0.275 0 0
7 0.325 0 0
8 0.375 0 0
9 0.425 0 0
10 0.475 0 0
11 0.525 0 0
12 0.575 0 0
13 0.625 0 0
14 0.675 0 0
15 0.725 0 0
16 0.775 0 0
17 0.825 0.000298202 9.76563e-05
18 0.875 0.0323428 0.0120117
19 0.925 0.434124 0.190723
20 0.975 1.3926 0.827637
21 1.025 2.09144 1.88477
22 1.075 2.1298 3.06885
23 1.125 1.9444 4.25273
24 1.175 1.61264 5.32383
25 1.225 1.3767 6.31768
26 1.275 1.16871 7.23164
27 1.325 1.04864 8.11729
28 1.375 0.92524 8.95879
29 1.425 0.842262 9.78154
30 1.475 0.791638 10.6101
31 1.525 0.76258 11.4632
32 1.575 0.763956 12.3748
33 1.625 0.77679 13.3615
34 1.675 0.785162 14.4212
35 1.725 0.833504 15.6143
36 1.775 0.890565 16.964
37 1.825 0.933381 18.4594
38 1.875 0.998951 20.1487
39 1.925 1.06651 22.0498
40 1.975 1.11344 24.139
41 2.025 1.14889 26.4052
42 2.075 1.13163 28.7489
43 2.125 1.12523 31.1931
44 2.175 1.09104 33.6758
45 2.225 1.07561 36.2372
46 2.275 1.03281 38.8085
47 2.325 0.997622 41.4025
48 2.375 0.970637 44.0361
49 2.425 0.958402 46.7472
50 2.475 0.941349 49.5209
57000 50
1 0.025 0 0
2 0.075 0 0
3 0.125 0 0
4 0.175 0 0
5 0.225 0 0
6 0.275 0 0
7 0.325 0 0
8 0.375 0 0
9 0.425 0 0
10 0.475 0 0
11 0.525 0 0
12 0.575 0 0
13 0.625 0 0
14 0.675 0 0
15 0.725 0 0
16 0.775 0 0
17 0.825 0 0
18 0.875 0.0352589 0.0129883
19 0.925 0.441952 0.194922
20 0.975 1.41588 0.84248
21 1.025 2.0642 1.88584
22 1.075 2.14842 3.08027
23 1.125 1.90061 4.2375
24 1.175 1.64411 5.32949
25 1.225 1.3905 6.3333
26 1.275 1.16533 7.24463
27 1.325 1.01141 8.09883
28 1.375 0.917831 8.93359
29 1.425 0.862156 9.77578
30 1.475 0.787439 10.5999
31 1.525 0.766945 11.4579
32 1.575 0.763219 12.3687
33 1.625 0.767795 13.3439
34 1.675 0.78234 14.3998
35 1.725 0.84708 15.6123
36 1.775 0.888052 16.9582
37 1.825 0.939354 18.4632
38 1.875 1.00086 20.1558
39 1.925 1.05747 22.0407
40 1.975 1.10688 24.1176
41 2.025 1.15597 26.3978
42 2.075 1.14578 28.7708
43 2.125 1.12019 31.204
44 2.175 1.10181 33.7112
45 2.225 1.06142 36.2389
46 2.275 1.0287 38.7999
47 2.325 1.00735 41.4192
48 2.375 0.966642 44.042
49 2.425 0.955295 46.7442
50 2.475 0.953147 49.5527
58000 50
1 0.025 0 0
2 0.075 0 0
3 0.125 0 0
4 0.175 0 0
5 0.225 0 0
6 0.275 0 0
7 0.325 0 0
8 0.375 0 0
9 0.425 0 0
10 0.475 0 0
11 0.525 0 0
12 0.575 0 0
13 0.625 0 0
14 0.675 0 0
15 0.725 0 0
16 0.775 0 0
17 0.825 0 0
18 0.875 0.0339334 0.0125
19 0.925 0.422737 0.186523
20 0.975 1.38577 0.820312
21 1.025 2.07888 1.87109
22 1.075 2.16721 3.07598
23 1.125 1.92659 4.24902
24 1.175 1.63367 5.33408
25 1.225 1.39212 6.33906
26 1.275 1.19306 7.27207
27 1.325 1.01869 8.13242
28 1.375 0.898396 8.94951
29 1.425 0.830565 9.76084
30 1.475 0.790518 10.5882
31 1.525 0.769564 11.4491
32 1.575 0.767311 12.3647
33 1.625 0.77533 13.3496
34 1.675 0.798621 14.4274
35 1.725 0.846603 15.6393
36 1.775 0.873232 16.9627
37 1.825 0.93332 18.458
38 1.875 0.999702 20.1486
39 1.925 1.05752 22.0337
40 1.975 1.10495 24.1069
41 2.025 1.1484 26.3722
42 2.075 1.13918 28.7315
43 2.125 1.12756 31.1808
44 2.175 1.10997 33.7065
45 2.225 1.06232 36.2363
46 2.275 1.02991 38.8004
47 2.325 0.997735 41.3947
48 2.375 0.979419 44.0521
49 2.425 0.96182 46.7729
50 2.475 0.938797 49.5391
59000 50
1 0.025 0 0
2 0.075 0 0
3 0.125 0 0
4 0.175 0 0
5 0.225 0 0
6 0.275 0 0
7 0.325 0 0
8 0.375 0 0
9 0.425 0 0
10 0.475 0 0
11 0.525 0 0
12 0.575 0 0
13 0.625 0 0
14 0.675 0 0
15 0.725 0 0
16 0.775 0 0
17 0.825 0 0
18 0.875 0.0312823 0.0115234
19 0.925 0.430328 0.188672
20 0.975 1.40136 0.82959
21 1.025 2.0586 1.87012
22 1.075 2.17371 3.07861
23 1.125 1.91056 4.24189
24 1.175 1.66557 5.34814
25 1.225 1.36561 6.33398
26 1.275 1.17645 7.254
27 1.325 1.02482 8.11953
28 1.375 0.916328 8.95293
29 1.425 0.835964 9.76953
30 1.475 0.792478 10.5989
31 1.525 0.772793 11.4635
32 1.575 0.749143 12.3574
33 1.625 0.774407 13.3411
34 1.675 0.79001 14.4073
35 1.725 0.838211 15.6071
36 1.775 0.88715 16.9517
37 1.825 0.943621 18.4635
38 1.875 0.998836 20.1526
39 1.925 1.07128 22.0622
40 1.975 1.11037 24.1456
41 2.025 1.14053 26.3953
42 2.075 1.13097 28.7377
43 2.125 1.12145 31.1736
44 2.175 1.10529 33.6888
45 2.225 1.072 36.2416
46 2.275 1.03317 38.8138
47 2.325 1.0025 41.4205
48 2.375 0.981867 44.0846
49 2.425 0.942245 46.7499
50 2.475 0.941183 49.5231
60000 50
1 0.025 0 0
2 0.075 0 0
3 0.125 0 0
4 0.175 0 0
5 0.225 0 0
6 0.275 0 0
7 0.325 0 0
8 0.375 0 0
9 0.425 0 0
10 0.475 0 0
11 0.525 0 0
12 0.575 0 0
13 0.625 0 0
14 0.675 0 0
15 0.725 0 0
16 0.775 0 0
17 0.825 0 0
18 0.875 0.0315474 0.0116211
19 0.925 0.425346 0.186719
20 0.975 1.37317 0.814746
21 1.025 2.06826 1.86016
22 1.075 2.19725 3.08174
23 1.125 1.91761 4.24932
24 1.175 1.61088 5.31924
25 1.225 1.40429 6.33301
26 1.275 1.18207 7.25742
27 1.325 1.00424 8.10557
28 1.375 0.917616 8.94014
29 1.425 0.84976 9.77021
30 1.475 0.794717 10.602
31 1.525 0.768952 11.4622
32 1.575 0.775495 12.3876
33 1.625 0.768718 13.3641
34 1.675 0.788201 14.4278
35 1.725 0.836505 15.6252
36 1.775 0.881415 16.961
37 1.825 0.93143 18.4533
38 1.875 1.00074 20.1457
39 1.925 1.06344 22.0413
40 1.975 1.11427 24.132
41 2.025 1.13572 26.3723
42 2.075 1.14427 28.7422
43 2.125 1.129 31.1945
44 2.175 1.09645 33.6896
45 2.225 1.07253 36.2437
46 2.275 1.02371 38.7923
47 2.325 1.00164 41.3968
48 2.375 0.980751 44.0578
49 2.425 0.954501 46.7578
50 2.475 0.948143 49.5516
61000 50
1 0.025 0 0
2 0.075 0 0
3 0.125 0 0
4 0.175 0 0
5 0.225 0 0
6 0.275 0 0
7 0.325 0 0
8 0.375 0 0
9 0.425 0 0
10 0.475 0 0
11 0.525 0 0
12 0.575 0 0
13 0.625 0 0
14 0.675 0 0
15 0.725 0 0
16 0.775 0 0
17 0.825 0 0
18 0.875 0.0283662 0.0104492
19 0.925 0.426058 0.18584
20 0.975 1.40691 0.829297
21 1.025 2.08391 1.88262
22 1.075 2.15825 3.08252
23 1.125 1.92756 4.25615
24 1.175 1.6147 5.32861
25 1.225 1.38941 6.33164
26 1.275 1.16471 7.24248
27 1.325 1.02436 8.10762
28 1.375 0.921804 8.946
29 1.425 0.826866 9.75371
30 1.475 0.806101 10.5974
31 1.525 0.759787 11.4474
32 1.575 0.770666 12.367
33 1.625 0.760108 13.3325
34 1.675 0.791747 14.4011
35 1.725 0.832344 15.5925
36 1.775 0.899264 16.9554
37 1.825 0.940878 18.4628
38 1.875 1.01362 20.177
39 1.925 1.06043 22.0672
40 1.975 1.11219 24.154
41 2.025 1.13058 26.3841
42 2.075 1.14422 28.7539
43 2.125 1.11659 31.1793
44 2.175 1.10181 33.6865
45 2.225 1.06893 36.232
46 2.275 1.03332 38.8046
47 2.325 1.00138 41.4084
48 2.375 0.975208 44.0544
49 2.425 0.957712 46.7635
50 2.475 0.940885 49.5358
62000 50
1 0.025 0 0
2 0.075 0 0
3 0.125 0 0
4 0.175 0 0
5 0.225 0 0
6 0.275 0 0
7 0.325 0 0
8 0.375 0 0
9 0.425 0 0
10 0.475 0 0
11 0.525 0 0
12 0.575 0 0
13 0.625 0 0
14 0.675 0 0
15 0.725 0 0
16 0.775 0 0
17 0.825 0.000298202 9.76563e-05
18 0.875 0.0318125 0.0118164
19 0.925 0.437208 0.191797
20 0.975 1.36762 0.817285
21 1.025 2.09357 1.87549
22 1.075 2.16493 3.0791
23 1.125 1.90286 4.2377
24 1.175 1.64763 5.33203
25 1.225 1.38157 6.32939
26 1.275 1.18656 7.25732
27 1.325 1.03858 8.13447
28 1.375 0.911926 8.96387
29 1.425 0.832765 9.77734
30 1.475 0.777735 10.5913
31 1.525 0.774452 11.4577
32 1.575 0.767802 12.3739
33 1.625 0.752343 13.3296
34 1.675 0.795003 14.4025
35 1.725 0.830638 15.5915
36 1.775 0.895977 16.9494
37 1.825 0.933625 18.4452
38 1.875 1.01212 20.1568
39 1.925 1.07171 22.0672
40 1.975 1.10001 24.1312
41 2.025 1.13062 26.3613
42 2.075 1.13941 28.7212
43 2.125 1.14119 31.2
44 2.175 1.09692 33.6961
45 2.225 1.0713 36.2473
46 2.275 1.02866 38.8082
47 2.325 1.00352 41.4176
48 2.375 0.974452 44.0615
49 2.425 0.955744 46.765
50 2.475 0.938565 49.5306
63000 50
1 0.025 0 0
2 0.075 0 0
3 0.125 0 0
4 0.175 0 0
5 0.225 0 0
6 0.275 0 0
7 0.325 0 0
8 0.375 0 0
9 0.425 0 0
10 0.475 0 0
11 0.525 0 0
12 0.575 0 0
13 0.625 0 0
14 0.675 0 0
15 0.725 0 0
16 0.775 0 0
17 0.825 0 0
18 0.875 0.035524 0.0130859
19 0.925 0.431514 0.190723
20 0.975 1.39346 0.828027
21 1.025 2.05589 1.86719
22 1.075 2.14034 3.05713
23 1.125 1.91745 4.22461
24 1.175 1.65263 5.32227
25 1.225 1.38671 6.32334
26 1.275 1.17358 7.24111
27 1.325 1.02748 8.10889
28 1.375 0.927924 8.95283
29 1.425 0.843861 9.77715
30 1.475 0.793317 10.6074
31 1.525 0.768516 11.4672
32 1.575 0.767311 12.3828
33 1.625 0.772101 13.3636
34 1.675 0.774091 14.4083
35 1.725 0.835005 15.6035
36 1.775 0.878838 16.9354
37 1.825 0.942402 18.4453
38 1.875 1.00773 20.1495
39 1.925 1.05374 22.0278
40 1.975 1.12322 24.1354
41 2.025 1.12879 26.3619
42 2.075 1.14366 28.7306
43 2.125 1.12783 31.1804
44 2.175 1.09731 33.6773
45 2.225 1.06606 36.216
46 2.275 1.03101 38.7828
47 2.325 1.00791 41.4036
48 2.375 0.971033 44.0383
49 2.425 0.970899 46.7847
50 2.475 0.953744 49.5949
64000 50
1 0.025 0 0
2 0.075 0 0
3 0.125 0 0
4 0.175 0 0
5 0.225 0 0
6 0.275 0 0
7 0.325 0 0
8 0.375 0 0
9 0.425 0 0
10 0.475 0 0
11 0.525 0 0
12 0.575 0 0
13 0.625 0 0
14 0.675 0 0
15 0.725 0 0
16 0.775 0 0
17 0.825 0 0
18 0.875 0.0323428 0.0119141
19 0.925 0.446459 0.195703
20 0.975 1.39196 0.832324
21 1.025 2.05164 1.86934
22 1.075 2.14789 3.06348
23 1.125 1.93317 4.24053
24 1.175 1.62014 5.3166
25 1.225 1.39685 6.325
26 1.275 1.19218 7.25732
27 1.325 1.03407 8.13066
28 1.375 0.913858 8.96182
29 1.425 0.832265 9.7748
30 1.475 0.803395 10.6156
31 1.525 0.759001 11.4647
32 1.575 0.760437 12.3722
33 1.625 0.776637 13.3587
34 1.675 0.792832 14.4287
35 1.725 0.826067 15.6111
36 1.775 0.873038 16.9343
37 1.825 0.945084 18.4484
38 1.875 1.00553 20.1489
39 1.925 1.06459 22.0466
40 1.975 1.10594 24.1217
41 2.025 1.14107 26.3725
42 2.075 1.14634 28.7467
43 2.125 1.12959 31.2003
44 2.175 1.09374 33.6892
45 2.225 1.07417 36.2472
46 2.275 1.02654 38.8028
47 2.325 1.00787 41.4235
48 2.375 0.981867 44.0876
49 2.425 0.953224 46.784
50 2.475 0.949568 49.5819
65000 50
1 0.025 0 0
2 0.075 0 0
3 0.125 0 0
4 0.175 0 0
5 0.225 0 0
6 0.275 0 0
7 0.325 0 0
8 0.375 0 0
9 0.425 0 0
10 0.475 0 0
11 0.525 0 0
12 0.575 0 0
13 0.625 0 0
14 0.675 0 0
15 0.725 0 0
16 0.775 0 0
17 0.825 0 0
18 0.875 0.035524 0.0130859
19 0.925 0.440291 0.194336
20 0.975 1.38855 0.829395
21 1.025 2.09994 1.89082
22 1.075 2.13559 3.07812
23 1.125 1.93622 4.25703
24 1.175 1.6297 5.33945
25 1.225 1.35424 6.31709
26 1.275 1.1973 7.25342
27 1.325 1.01222 8.1083
28 1.375 0.915791 8.94121
29 1.425 0.84826 9.76982
30 1.475 0.793784 10.6006
31 1.525 0.767469 11.4592
32 1.575 0.760437 12.3666
33 1.625 0.771563 13.3467
34 1.675 0.798983 14.425
35 1.725 0.826818 15.6085
36 1.775 0.883284 16.9472
37 1.825 0.941792 18.4561
38 1.875 1.00588 20.1571
39 1.925 1.0618 22.0498
40 1.975 1.10724 24.1273
41 2.025 1.14444 26.3848
42 2.075 1.15488 28.7767
43 2.125 1.11803 31.2052
44 2.175 1.09868 33.7053
45 2.225 1.07623 36.2682
46 2.275 1.02701 38.825
47 2.325 0.999237 41.4232
48 2.375 0.982263 44.0884
49 2.425 0.952533 46.7828
50 2.475 0.94801 49.5762
66000 50
1 0.025 0 0
2 0.075 0 0
3 0.125 0 0
4 0.175 0 0
5 0.225 0 0
6 0.275 0 0
7 0.325 0 0
8 0.375 0 0
9 0.425 0 0
10 0.475 0 0
11 0.525 0 0
12 0.575 0 0
13 0.625 0 0
14 0.675 0 0
15 0.725 0 0
16 0.775 0 0
17 0.825 0.000596404 0.000195313
18 0.875 0.03791 0.0141602
19 0.925 0.456423 0.202051
20 0.975 1.37317 0.830078
21 1.025 2.03889 1.86064
22 1.075 2.17775 3.07139
23 1.125 1.93686 4.25068
24 1.175 1.62264 5.32842
25 1.225 1.39902 6.33838
26 1.275 1.16596 7.2502
27 1.325 1.02783 8.11826
28 1.375 0.91418 8.94971
29 1.425 0.84926 9.7793
30 1.475 0.796956 10.6134
31 1.525 0.766683 11.4711
32 1.575 0.759291 12.3771
33 1.625 0.76941 13.3545
34 1.675 0.785162 14.4142
35 1.725 0.82825 15.5997
36 1.775 0.894495 16.9554
37 1.825 0.944657 18.4688
38 1.875 1.00634 20.1707
39 1.925 1.05752 22.0558
40 1.975 1.11609 24.1499
41 2.025 1.13186 26.3825
42 2.075 1.14625 28.7565
43 2.125 1.11668 31.1821
44 2.175 1.10387 33.694
45 2.225 1.07532 36.2548
46 2.275 1.02893 38.8164
47 2.325 1.00772 41.4367
48 2.375 0.973121 44.0771
49 2.425 0.947665 46.7577
50 2.475 0.942343 49.5344
67000 50
1 0.025 0 0
2 0.075 0 0
3 0.125 0 0
4 0.175 0 0
5 0.225 0 0
6 0.275 0 0
7 0.325 0 0
8 0.375 0 0
9 0.425 0 0
10 0.475 0 0
11 0.525 0 0
12 0.575 0 0
13 0.625 0 0
14 0.675 0 0
15 0.725 0 0
16 0.775 0 0
17 0.825 0 0
18 0.875 0.0312823 0.0115234
19 0.925 0.44812 0.195996
20 0.975 1.3862 0.82998
21 1.025 2.04082 1.86152
22 1.075 2.16668 3.06611
23 1.125 1.94761 4.25195
24 1.175 1.63705 5.33926
25 1.225 1.38481 6.33896
26 1.275 1.17545 7.2582
27 1.325 1.03962 8.13623
28 1.375 0.895283 8.95049
29 1.425 0.842162 9.77314
30 1.475 0.78408 10.5938
31 1.525 0.76677 11.4516
32 1.575 0.758554 12.3567
33 1.625 0.769256 13.3339
34 1.675 0.795292 14.4072
35 1.725 0.834595 15.6019
36 1.775 0.881608 16.938
37 1.825 0.937709 18.4403
38 1.875 1.01345 20.1542
39 1.925 1.05961 22.043
40 1.975 1.11255 24.1305
41 2.025 1.14464 26.3883
42 2.075 1.14616 28.7621
43 2.125 1.12024 31.1954
44 2.175 1.10507 33.7101
45 2.225 1.06733 36.2518
46 2.275 1.0363 38.8317
47 2.325 1.00352 41.4411
48 2.375 0.968946 44.0701
49 2.425 0.950151 46.7578
50 2.475 0.937935 49.5215
68000 50
1 0.025 0 0
2 0.075 0 0
3 0.125 0 0
4 0.175 0 0
5 0.225 0 0
6 0.275 0 0
7 0.325 0 0
8 0.375 0 0
9 0.425 0 0
10 0.475 0 0
11 0.525 0 0
12 0.575 0 0
13 0.625 0 0
14 0.675 0 0
15 0.725 0 0
16 0.775 0 0
17 0.825 0 0
18 0.875 0.0320777 0.0118164
19 0.925 0.430565 0.189062
20 0.975 1.383 0.821582
21 1.025 2.0642 1.86494
22 1.075 2.14156 3.05557
23 1.125 1.95787 4.24766
24 1.175 1.63528 5.33379
25 1.225 1.39009 6.3373
26 1.275 1.17932 7.25957
27 1.325 1.02274 8.12334
28 1.375 0.917724 8.95801
29 1.425 0.850759 9.78906
30 1.475 0.782773 10.6083
31 1.525 0.7542 11.4521
32 1.575 0.775413 12.3773
33 1.625 0.760569 13.3435
34 1.675 0.791457 14.4116
35 1.725 0.840735 15.615
36 1.775 0.884508 16.9556
37 1.825 0.928992 18.4439
38 1.875 1.01587 20.1619
39 1.925 1.06832 22.0662
40 1.975 1.10854 24.1462
41 2.025 1.12874 26.3727
42 2.075 1.13927 28.7322
43 2.125 1.13089 31.1887
44 2.175 1.0904 33.6699
45 2.225 1.06991 36.2178
46 2.275 1.0434 38.8154
47 2.325 0.996307 41.4061
48 2.375 0.974812 44.051
49 2.425 0.952706 46.7459
50 2.475 0.952418 49.5522
69000 50
1 0.025 0 0
2 0.075 0 0
3 0.125 0 0
4 0.175 0 0
5 0.225 0 0
6 0.275 0 0
7 0.325 0 0
8 0.375 0 0
9 0.425 0 0
10 0.475 0 0
11 0.525 0 0
12 0.575 0 0
13 0.625 0 0
14 0.675 0 0
15 0.725 0 0
16 0.775 0 0
17 0.825 0 0
18 0.875 0.0344636 0.0126953
19 0.925 0.439105 0.193457
20 0.975 1.40392 0.835547
21 1.025 2.05647 1.875
22 1.075 2.16299 3.07754
23 1.125 1.94712 4.26309
24 1.175 1.64984 5.35889
25 1.225 1.36885 6.34707
26 1.275 1.14922 7.2458
27 1.325 1.04147 8.12539
28 1.375 0.92524 8.96689
29 1.425 0.836264 9.78379
30 1.475 0.792664 10.6134
31 1.525 0.759263 11.4628
32 1.575 0.7588 12.3683
33 1.625 0.760953 13.3349
34 1.675 0.797463 14.4111
35 1.725 0.830706 15.6002
36 1.775 0.88367 16.9395
37 1.825 0.946791 18.4563
38 1.875 1.00299 20.1525
39 1.925 1.06706 22.0546
40 1.975 1.12718 24.1695
41 2.025 1.13553 26.4094
42 2.075 1.13753 28.7653
43 2.125 1.12379 31.2063
44 2.175 1.10786 33.7273
45 2.225 1.06626 36.2665
46 2.275 1.02913 38.8286
47 2.325 1.00202 41.4341
48 2.375 0.973445 44.0753
49 2.425 0.948666 46.7588
50 2.475 0.939062 49.5258
70000 50
1 0.025 0 0
2 0.075 0 0
3 0.125 0 0
4 0.175 0 0
5 0.225 0 0
6 0.275 0 0
7 0.325 0 0
8 0.375 0 0
9 0.425 0 0
10 0.475 0 0
11 0.525 0 0
12 0.575 0 0
13 0.625 0 0
14 0.675 0 0
15 0.725 0 0
16 0.775 0 0
17 0.825 0.000298202 9.76563e-05
18 0.875 0.0267756 0.00996094
19 0.925 0.434835 0.188965
20 0.975 1.38065 0.82041
21 1.025 2.10323 1.8835
22 1.075 2.1651 3.08721
23 1.125 1.91136 4.25098
24 1.175 1.6491 5.34629
25 1.225 1.36669 6.33291
26 1.275 1.18756 7.26162
27 1.325 1.0261 8.12822
28 1.375 0.905913 8.95215
29 1.425 0.846661 9.7792
30 1.475 0.794717 10.6109
31 1.525 0.76677 11.4688
32 1.575 0.744069 12.3566
33 1.625 0.778943 13.3461
34 1.675 0.792398 14.4155
35 1.725 0.81904 15.5879
36 1.775 0.894109 16.943
37 1.825 0.944535 18.4563
38 1.875 1.00328 20.1529
39 1.925 1.0607 22.0437
40 1.975 1.11276 24.1315
41 2.025 1.1329 26.3662
42 2.075 1.14795 28.7437
43 2.125 1.13647 31.2123
44 2.175 1.10829 33.7343
45 2.225 1.05338 36.2428
46 2.275 1.03783 38.8266
47 2.325 0.993791 41.4106
48 2.375 0.977476 44.0628
49 2.425 0.946906 46.7413
50 2.475 0.952518 49.5479
71000 50
1 0.025 0 0
2 0.075 0 0
3 0.125 0 0
4 0.175 0 0
5 0.225 0 0
6 0.275 0 0
7 0.325 0 0
8 0.375 0 0
9 0.425 0 0
10 0.475 0 0
11 0.525 0 0
12 0.575 0 0
13 0.625 0 0
14 0.675 0 0
15 0.725 0 0
16 0.775 0 0
17 0.825 0 0
18 0.875 0.0307521 0.0113281
19 0.925 0.442664 0.193555
20 0.975 1.39068 0.82959
21 1.025 2.03696 1.85918
22 1.075 2.16106 3.06064
23 1.125 1.94632 4.2457
24 1.175 1.67248 5.35654
25 1.225 1.35505 6.33477
26 1.275 1.17233 7.25156
27 1.325 1.03893 8.129
28 1.375 0.923951 8.96934
29 1.425 0.828566 9.77871
30 1.475 0.7824 10.5976
31 1.525 0.767294 11.456
32 1.575 0.761582 12.3647
33 1.625 0.764182 13.3354
34 1.675 0.785813 14.396
35 1.725 0.839098 15.5971
36 1.775 0.894689 16.953
37 1.825 0.942158 18.4625
38 1.875 1.02205 20.1909
39 1.925 1.05643 22.074
40 1.975 1.1137 24.1637
41 2.025 1.12612 26.385
42 2.075 1.14012 28.7463
43 2.125 1.12797 31.1964
44 2.175 1.09525 33.6887
45 2.225 1.06704 36.2297
46 2.275 1.0365 38.8102
47 2.325 0.998448 41.4063
48 2.375 0.97708 44.0574
49 2.425 0.950772 46.7469
50 2.475 0.943868 49.528
72000 50
1 0.025 0 0
2 0.075 0 0
3 0.125 0 0
4 0.175 0 0
5 0.225 0 0
6 0.275 0 0
7 0.325 0 0
8 0.375 0 0
9 0.425 0 0
10 0.475 0 0
11 0.525 0 0
12 0.575 0 0
13 0.625 0 0
14 0.675 0 0
15 0.725 0 0
16 0.775 0 0
17 0.825 0.000298202 9.76563e-05
18 0.875 0.0283662 0.0105469
19 0.925 0.425346 0.185645
20 0.975 1.39773 0.824902
21 1.025 2.09279 1.88271
22 1.075 2.12839 3.06602
23 1.125 1.9298 4.24102
24 1.175 1.65396 5.33955
25 1.225 1.39158 6.34414
26 1.275 1.17582 7.26367
27 1.325 1.03789 8.14023
28 1.375 0.913751 8.97129
29 1.425 0.835264 9.78721
30 1.475 0.787532 10.6114
31 1.525 0.762406 11.4644
32 1.575 0.766984 12.3796
33 1.625 0.7598 13.3447
34 1.675 0.791602 14.4131
35 1.725 0.835277 15.6087
36 1.775 0.882768 16.9466
37 1.825 0.954044 18.4751
38 1.875 1.00143 20.1687
39 1.925 1.05506 22.0493
40 1.975 1.1087 24.1296
41 2.025 1.12567 26.35
42 2.075 1.15309 28.7382
43 2.125 1.13053 31.1938
44 2.175 1.10314 33.7041
45 2.225 1.07286 36.259
46 2.275 1.03936 38.8466
47 2.325 0.992176 41.4265
48 2.375 0.966066 44.0477
49 2.425 0.963028 46.7718
50 2.475 0.944663 49.5553
73000 50
1 0.025 0 0
2 0.075 0 0
3 0.125 0 0
4 0.175 0 0
5 0.225 0 0
6 0.275 0 0
7 0.325 0 0
8 0.375 0 0
9 0.425 0 0
10 0.475 0 0
11 0.525 0 0
12 0.575 0 0
13 0.625 0 0
14 0.675 0 0
15 0.725 0 0
16 0.775 0 0
17 0.825 0 0
18 0.875 0.0315474 0.0116211
19 0.925 0.434835 0.190625
20 0.975 1.38257 0.822949
21 1.025 2.06188 1.86514
22 1.075 2.15913 3.06553
23 1.125 1.97599 4.26865
24 1.175 1.6347 5.35439
25 1.225 1.3744 6.34658
26 1.275 1.16371 7.25664
27 1.325 1.02344 8.121
28 1.375 0.921052 8.95869
29 1.425 0.831765 9.77119
30 1.475 0.785666 10.5935
31 1.525 0.766945 11.4515
32 1.575 0.755117 12.3525
33 1.625 0.767027 13.3269
34 1.675 0.813382 14.4246
35 1.725 0.84019 15.6272
36 1.775 0.869365 16.9448
37 1.825 0.950874 18.4683
38 1.875 1.00351 20.1653
39 1.925 1.06147 22.0574
40 1.975 1.12629 24.1707
41 2.025 1.12587 26.3915
42 2.075 1.14465 28.7622
43 2.125 1.12909 31.2147
44 2.175 1.09619 33.7092
45 2.225 1.07553 36.2704
46 2.275 1.03313 38.8425
47 2.325 0.986543 41.4077
48 2.375 0.980571 44.0683
49 2.425 0.944317 46.7395
50 2.475 0.948408 49.534
74000 50
1 0.025 0 0
2 0.075 0 0
3 0.125 0 0
4 0.175 0 0
5 0.225 0 0
6 0.275 0 0
7 0.325 0 0
8 0.375 0 0
9 0.425 0 0
10 0.475 0 0
11 0.525 0 0
12 0.575 0 0
13 0.625 0 0
14 0.675 0 0
15 0.725 0 0
16 0.775 0 0
17 0.825 0 0
18 0.875 0.0246547 0.00908203
19 0.925 0.435547 0.188379
20 0.975 1.37766 0.818457
21 1.025 2.08352 1.87158
22 1.075 2.15966 3.07227
23 1.125 1.92146 4.24219
24 1.175 1.64969 5.33789
25 1.225 1.38224 6.33574
26 1.275 1.17607 7.25547
27 1.325 1.03188 8.12695
28 1.375 0.93136 8.97402
29 1.425 0.828166 9.78301
30 1.475 0.794624 10.6146
31 1.525 0.75516 11.4595
32 1.575 0.747015 12.3509
33 1.625 0.775022 13.3354
34 1.675 0.789431 14.4008
35 1.725 0.830911 15.5901
36 1.775 0.886376 16.9335
37 1.825 0.947888 18.4521
38 1.875 1.01425 20.1674
39 1.925 1.05878 22.0547
40 1.975 1.1125 24.1421
41 2.025 1.13221 26.3754
42 2.075 1.14535 28.7476
43 2.125 1.12109 31.1827
44 2.175 1.10833 33.7048
45 2.225 1.06154 36.2327
46 2.275 1.03587 38.8116
47 2.325 1.00378 41.4217
48 2.375 0.970349 44.0545
49 2.425 0.956434 46.76
50 2.475 0.953678 49.57
75000 50
1 0.025 0 0
2 0.075 0 0
3 0.125 0 0
4 0.175 0 0
5 0.225 0 0
6 0.275 0 0
7 0.325 0 0
8 0.375 0 0
9 0.425 0 0
10 0.475 0 0
11 0.525 0 0
12 0.575 0 0
13 0.625 0 0
14 0.675 0 0
15 0.725 0 0
16 0.775 0 0
17 0.825 0 0
18 0.875 0.0320777 0.0118164
19 0.925 0.429854 0.18877
20 0.975 1.39004 0.824512
21 1.025 2.10033 1.88613
22 1.075 2.15825 3.08604
23 1.125 1.90991 4.24893
24 1.175 1.65219 5.34629
25 1.225 1.38089 6.34316
26 1.275 1.15534 7.24668
27 1.325 1.01673 8.10537
28 1.375 0.920086 8.94219
29 1.425 0.845561 9.76816
30 1.475 0.79481 10.6
31 1.525 0.768865 11.4602
32 1.575 0.758145 12.3648
33 1.625 0.781711 13.3578
34 1.675 0.78509 14.4174
35 1.725 0.83439 15.6117
36 1.775 0.88831 16.958
37 1.825 0.949473 18.4792
38 1.875 0.994216 20.1605
39 1.925 1.05073 22.0335
40 1.975 1.10802 24.1125
41 2.025 1.13533 26.352
42 2.075 1.14837 28.7304
43 2.125 1.13395 31.1935
44 2.175 1.11168 33.7231
45 2.225 1.06651 36.2629
46 2.275 1.03356 38.836
47 2.325 0.992214 41.416
48 2.375 0.96639 44.0381
49 2.425 0.962407 46.7604
50 2.475 0.944928 49.5447
76000 50
1 0.025 0 0
2 0.075 0 0
3 0.125 0 0
4 0.175 0 0
5 0.225 0 0
6 0.275 0 0
7 0.325 0 0
8 0.375 0 0
9 0.425 0 0
10 0.475 0 0
11 0.525 0 0
12 0.575 0 0
13 0.625 0 0
14 0.675 0 0
15 0.725 0 0
16 0.775 0 0
17 0.825 0 0
18 0.875 0.0281011 0.0103516
19 0.925 0.43697 0.190234
20 0.975 1.39816 0.829688
21 1.025 2.08371 1.88291
22 1.075 2.16668 3.0875
23 1.125 1.91104 4.25107
24 1.175 1.62617 5.33115
25 1.225 1.38211 6.32891
26 1.275 1.18332 7.2543
27 1.325 1.04517 8.13701
28 1.375 0.907308 8.96221
29 1.425 0.835064 9.77793
30 1.475 0.791451 10.6062
31 1.525 0.748439 11.4436
32 1.575 0.775495 12.3689
33 1.625 0.768564 13.3452
34 1.675 0.808534 14.4364
35 1.725 0.831389 15.6265
36 1.775 0.878258 16.9575
37 1.825 0.939781 18.4632
38 1.875 1.01119 20.1732
39 1.925 1.06339 22.0688
40 1.975 1.11057 24.1525
41 2.025 1.14964 26.4202
42 2.075 1.13281 28.7664
43 2.125 1.1255 31.2111
44 2.175 1.10258 33.7201
45 2.225 1.05802 36.2396
46 2.275 1.03352 38.8127
47 2.325 1.00581 41.428
48 2.375 0.971717 44.0646
49 2.425 0.949391 46.7501
50 2.475 0.951557 49.5539
77000 50
1 0.025 0 0
2 0.075 0 0
3 0.125 0 0
4 0.175 0 0
5 0.225 0 0
6 0.275 0 0
7 0.325 0 0
8 0.375 0 0
9 0.425 0 0
10 0.475 0 0
11 0.525 0 0
12 0.575 0 0
13 0.625 0 0
14 0.675 0 0
15 0.725 0 0
16 0.775 0 0
17 0.825 0 0
18 0.875 0.0265105 0.00976562
19 0.925 0.425821 0.185059
20 0.975 1.36378 0.808789
21 1.025 2.08506 1.8627
22 1.075 2.11768 3.04004
23 1.125 1.9792 4.24512
24 1.175 1.64014 5.33447
25 1.225 1.39063 6.33838
26 1.275 1.17545 7.25762
27 1.325 1.03141 8.12871
28 1.375 0.916113 8.96191
29 1.425 0.822367 9.76523
30 1.475 0.792104 10.5942
31 1.525 0.774452 11.4606
32 1.575 0.764447 12.3729
33 1.625 0.763029 13.3421
34 1.675 0.787839 14.4054
35 1.725 0.842782 15.6117
36 1.775 0.876776 16.9405
37 1.825 0.945023 18.4546
38 1.875 1.02806 20.1932
39 1.925 1.05763 22.0784
40 1.975 1.1074 24.1562
41 2.025 1.13414 26.3934
42 2.075 1.13338 28.7407
43 2.125 1.12514 31.1847
44 2.175 1.09563 33.6778
45 2.225 1.07192 36.2305
46 2.275 1.03411 38.805
47 2.325 0.992965 41.3869
48 2.375 0.970889 44.0212
49 2.425 0.950703 46.7104
50 2.475 0.951325 49.5136
78000 50
1 0.025 0 0
2 0.075 0 0
3 0.125 0 0
4 0.175 0 0
5 0.225 0 0
6 0.275 0 0
7 0.325 0 0
8 0.375 0 0
9 0.425 0 0
10 0.475 0 0
11 0.525 0 0
12 0.575 0 0
13 0.625 0 0
14 0.675 0 0
15 0.725 0 0
16 0.775 0 0
17 0.825 0 0
18 0.875 0.0299568 0.0110352
19 0.925 0.427481 0.187012
20 0.975 1.37168 0.814355
21 1.025 2.06516 1.8582
22 1.075 2.15404 3.05576
23 1.125 1.93606 4.23457
24 1.175 1.64366 5.32627
25 1.225 1.38184 6.32383
26 1.275 1.20804 7.26855
27 1.325 1.03188 8.14004
28 1.375 0.913536 8.9709
29 1.425 0.838763 9.79023
30 1.475 0.793597 10.6208
31 1.525 0.767207 11.4791
32 1.575 0.762155 12.3886
33 1.625 0.765797 13.3613
34 1.675 0.790083 14.4276
35 1.725 0.816038 15.5957
36 1.775 0.882704 16.9335
37 1.825 0.943743 18.4455
38 1.875 0.993292 20.1253
39 1.925 1.06887 22.0306
40 1.975 1.11906 24.1303
41 2.025 1.15137 26.4014
42 2.075 1.13441 28.7509
43 2.125 1.12127 31.1864
44 2.175 1.09653 33.6816
45 2.225 1.06659 36.2216
46 2.275 1.0434 38.8192
47 2.325 1.01032 41.4463
48 2.375 0.97708 44.0974
49 2.425 0.949081 46.782
50 2.475 0.940056 49.552
79000 50
1 0.025 0 0
2 0.075 0 0
3 0.125 0 0
4 0.175 0 0
5 0.225 0 0
6 0.275 0 0
7 0.325 0 0
8 0.375 0 0
9 0.425 0 0
10 0.475 0 0
11 0.525 0 0
12 0.575 0 0
13 0.625 0 0
14 0.675 0 0
15 0.725 0 0
16 0.775 0 0
17 0.825 0 0
18 0.875 0.032873 0.0121094
19 0.925 0.437208 0.19209
20 0.975 1.37915 0.822852
21 1.025 2.03638 1.85215
22 1.075 2.1925 3.07109
23 1.125 1.94344 4.25439
24 1.175 1.62808 5.33574
25 1.225 1.36682 6.32246
26 1.275 1.18019 7.24541
27 1.325 1.04598 8.12881
28 1.375 0.919979 8.96553
29 1.425 0.836164 9.78232
30 1.475 0.791358 10.6105
31 1.525 0.759787 11.4605
32 1.575 0.762155 12.37
33 1.625 0.757417 13.3321
34 1.675 0.796088 14.4065
35 1.725 0.838893 15.6073
36 1.775 0.892562 16.9601
37 1.825 0.933929 18.4563
38 1.875 0.996641 20.1418
39 1.925 1.06804 22.0456
40 1.975 1.12843 24.1629
41 2.025 1.13775 26.4071
42 2.075 1.12984 28.7472
43 2.125 1.12212 31.1846
44 2.175 1.08945 33.6637
45 2.225 1.07725 36.229
46 2.275 1.03885 38.8153
47 2.325 1.00885 41.4386
48 2.375 0.972077 44.0761
49 2.425 0.954259 46.7754
50 2.475 0.939228 49.5429
80000 50
1 0.025 0 0
2 0.075 0 0
3 0.125 0 0
4 0.175 0 0
5 0.225 0 0
6 0.275 0 0
7 0.325 0 0
8 0.375 0 0
9 0.425 0 0
10 0.475 0 0
11 0.525 0 0
12 0.575 0 0
13 0.625 0 0
14 0.675 0 0
15 0.725 0 0
16 0.775 0 0
17 0.825 0.000298202 9.76563e-05
18 0.875 0.030487 0.0113281
19 0.925 0.43531 0.190527
20 0.975 1.39773 0.829785
21 1.025 2.05299 1.86748
22 1.075 2.15509 3.06562
23 1.125 1.91617 4.23232
24 1.175 1.65278 5.33008
25 1.225 1.40281 6.34277
26 1.275 1.18394 7.26865
27 1.325 1.01615 8.12686
28 1.375 0.89947 8.94492
29 1.425 0.842162 9.76758
30 1.475 0.794904 10.5995
31 1.525 0.763104 11.4532
32 1.575 0.757818 12.3575
33 1.625 0.767411 13.3323
34 1.675 0.79674 14.4076
35 1.725 0.834459 15.6021
36 1.775 0.893464 16.9562
37 1.825 0.936124 18.456
38 1.875 1.012 20.1674
39 1.925 1.06448 22.0648
40 1.975 1.10516 24.1385
41 2.025 1.14067 26.3885
42 2.075 1.14927 28.7688
43 2.125 1.12131 31.2044
44 2.175 1.10469 33.7182
45 2.225 1.0604 36.2434
46 2.275 1.04203 38.8376
47 2.325 0.993829 41.4218
48 2.375 0.978484 44.0767
49 2.425 0.95785 46.7861
50 2.475 0.937338 49.548
81000 50
1 0.025 0 0
2 0.075 0 0
3 0.125 0 0
4 0.175 0 0
5 0.225 0 0
6 0.275 0 0
7 0.325 0 0
8 0.375 0 0
9 0.425 0 0
10 0.475 0 0
11 0.525 0 0
12 0.575 0 0
13 0.625 0 0
14 0.675 0 0
15 0.725 0 0
16 0.775 0 0
17 0.825 0 0
18 0.875 0.032873 0.0121094
19 0.925 0.432463 0.190137
20 0.975 1.40008 0.830469
21 1.025 2.05995 1.87168
22 1.075 2.17266 3.07959
23 1.125 1.9027 4.23809
24 1.175 1.64102 5.32803
25 1.225 1.36669 6.31465
26 1.275 1.19181 7.24668
27 1.325 1.02679 8.11387
28 1.375 0.926528 8.95654
29 1.425 0.826866 9.76426
30 1.475 0.804888 10.6066
31 1.525 0.765199 11.4627
32 1.575 0.761091 12.3709
33 1.625 0.781403 13.3635
34 1.675 0.788274 14.4273
35 1.725 0.833708 15.6207
36 1.775 0.873103 16.9439
37 1.825 0.947583 18.4621
38 1.875 1.00392 20.1599
39 1.925 1.06733 22.0624
40 1.975 1.10776 24.1409
41 2.025 1.13543 26.3806
42 2.075 1.13833 28.7382
43 2.125 1.12203 31.1754
44 2.175 1.09782 33.6735
45 2.225 1.07438 36.232
46 2.275 1.0378 38.8157
47 2.325 0.989848 41.3896
48 2.375 0.976324 44.0386
49 2.425 0.956193 46.7434
50 2.475 0.945889 49.5305
82000 50
1 0.025 0 0
2 0.075 0 0
3 0.125 0 0
4 0.175 0 0
5 0.225 0 0
6 0.275 0 0
7 0.325 0 0
8 0.375 0 0
9 0.425 0 0
10 0.475 0 0
11 0.525 0 0
12 0.575 0 0
13 0.625 0 0
14 0.675 0 0
15 0.725 0 0
16 0.775 0 0
17 0.825 0 0
18 0.875 0.0283662 0.0104492
19 0.925 0.433412 0.188867
20 0.975 1.38876 0.824023
21 1.025 2.07521 1.87295
22 1.075 2.13928 3.0623
23 1.125 1.93493 4.24043
24 1.175 1.67204 5.35098
25 1.225 1.37805 6.3458
26 1.275 1.18319 7.27109
27 1.325 1.01939 8.13203
28 1.375 0.91912 8.96797
29 1.425 0.817969 9.76699
30 1.475 0.803675 10.6081
31 1.525 0.757954 11.4561
32 1.575 0.759209 12.362
33 1.625 0.764105 13.3326
34 1.675 0.798331 14.4101
35 1.725 0.832617 15.6019
36 1.775 0.893078 16.9554
37 1.825 0.946486 18.4718
38 1.875 1.00253 20.1672
39 1.925 1.05977 22.0562
40 1.975 1.11463 24.1477
41 2.025 1.1328 26.3821
42 2.075 1.13743 28.7379
43 2.125 1.13125 31.1951
44 2.175 1.10366 33.7065
45 2.225 1.0506 36.2084
46 2.275 1.03356 38.7815
47 2.325 0.99612 41.3717
48 2.375 0.98417 44.042
49 2.425 0.965341 46.7727
50 2.475 0.934057 49.5249
83000 50
1 0.025 0 0
2 0.075 0 0
3 0.125 0 0
4 0.175 0 0
5 0.225 0 0
6 0.275 0 0
7 0.325 0 0
8 0.375 0 0
9 0.425 0 0
10 0.475 0 0
11 0.525 0 0
12 0.575 0 0
13 0.625 0 0
14 0.675 0 0
15 0.725 0 0
16 0.775 0 0
17 0.825 0 0
18 0.875 0.0302219 0.0111328
19 0.925 0.449543 0.196191
20 0.975 1.36399 0.82002
21 1.025 2.06014 1.86133
22 1.075 2.14578 3.0543
23 1.125 1.93622 4.2332
24 1.175 1.64793 5.32773
25 1.225 1.38657 6.32871
26 1.275 1.18381 7.25449
27 1.325 1.03222 8.12627
28 1.375 0.917831 8.96104
29 1.425 0.837663 9.7793
30 1.475 0.789025 10.6051
31 1.525 0.777594 11.475
32 1.575 0.758309 12.3799
33 1.625 0.769179 13.3569
34 1.675 0.79124 14.4248
35 1.725 0.825862 15.6069
36 1.775 0.886892 16.9511
37 1.825 0.960627 18.4901
38 1.875 1.00761 20.1941
39 1.925 1.06574 22.0938
40 1.975 1.09777 24.1536
41 2.025 1.12439 26.3715
42 2.075 1.13908 28.7307
43 2.125 1.12815 31.1812
44 2.175 1.09726 33.678
45 2.225 1.06589 36.2163
46 2.275 1.04301 38.813
47 2.325 1.01122 41.4424
48 2.375 0.971897 44.0794
49 2.425 0.955606 46.7825
50 2.475 0.941945 49.558
84000 50
1 0.025 0 0
2 0.075 0 0
3 0.125 0 0
4 0.175 0 0
5 0.225 0 0
6 0.275 0 0
7 0.325 0 0
8 0.375 0 0
9 0.425 0 0
10 0.475 0 0
11 0.525 0 0
12 0.575 0 0
13 0.625 0 0
14 0.675 0 0
15 0.725 0 0
16 0.775 0 0
17 0.825 0.000298202 9.76563e-05
18 0.875 0.0360542 0.0133789
19 0.925 0.426058 0.18877
20 0.975 1.39965 0.828906
21 1.025 2.06845 1.87441
22 1.075 2.15895 3.07471
23 1.125 1.93862 4.25508
24 1.175 1.62293 5.33301
25 1.225 1.39753 6.34189
26 1.275 1.18069 7.26523
27 1.325 1.018 8.125
28 1.375 0.913643 8.95596
29 1.425 0.827866 9.76465
30 1.475 0.804048 10.6062
31 1.525 0.76162 11.4582
32 1.575 0.748488 12.3514
33 1.625 0.779097 13.341
34 1.675 0.794352 14.4131
35 1.725 0.834868 15.6081
36 1.775 0.874843 16.934
37 1.825 0.954044 18.4625
38 1.875 1.00461 20.1614
39 1.925 1.0842 22.094
40 1.975 1.10386 24.1652
41 2.025 1.13058 26.3953
42 2.075 1.1496 28.7763
43 2.125 1.12464 31.2191
44 2.175 1.10383 33.731
45 2.225 1.05953 36.2541
46 2.275 1.0345 38.8296
47 2.325 0.991463 41.4076
48 2.375 0.971249 44.0429
49 2.425 0.950427 46.7313
50 2.475 0.948375 49.5258
85000 50
1 0.025 0 0
2 0.075 0 0
3 0.125 0 0
4 0.175 0 0
5 0.225 0 0
6 0.275 0 0
7 0.325 0 0
8 0.375 0 0
9 0.425 0 0
10 0.475 0 0
11 0.525 0 0
12 0.575 0 0
13 0.625 0 0
14 0.675 0 0
15 0.725 0 0
16 0.775 0 0
17 0.825 0.000298202 9.76563e-05
18 0.875 0.032873 0.012207
19 0.925 0.427956 0.188379
20 0.975 1.40926 0.83291
21 1.025 2.06227 1.87529
22 1.075 2.12242 3.05527
23 1.125 1.9383 4.23545
24 1.175 1.67881 5.35049
25 1.225 1.37291 6.3416
26 1.275 1.17158 7.25781
27 1.325 1.04263 8.13838
28 1.375 0.913536 8.96924
29 1.425 0.841362 9.79111
30 1.475 0.786133 10.6139
31 1.525 0.760136 11.4643
32 1.575 0.756836 12.3674
33 1.625 0.765028 13.3392
34 1.675 0.792253 14.4084
35 1.725 0.836233 15.6054
36 1.775 0.891145 16.956
37 1.825 0.945023 18.47
38 1.875 0.990174 20.1445
39 1.925 1.0773 22.0648
40 1.975 1.11323 24.1536
41 2.025 1.12052 26.3639
42 2.075 1.14403 28.7333
43 2.125 1.13314 31.1946
44 2.175 1.11323 33.7278
45 2.225 1.06757 36.2701
46 2.275 1.0314 38.8379
47 2.325 1.00089 41.4404
48 2.375 0.96855 44.0684
49 2.425 0.95495 46.7696
50 2.475 0.93714 49.531
86000 50
1 0.025 0 0
2 0.075 0 0
3 0.125 0 0
4 0.175 0 0
5 0.225 0 0
6 0.275 0 0
7 0.325 0 0
8 0.375 0 0
9 0.425 0 0
10 0.475 0 0
11 0.525 0 0
12 0.575 0 0
13 0.625 0 0
14 0.675 0 0
15 0.725 0 0
16 0.775 0 0
17 0.825 0 0
18 0.875 0.0312823 0.0115234
19 0.925 0.454288 0.198535
20 0.975 1.38449 0.831738
21 1.025 2.0557 1.8708
22 1.075 2.1839 3.08496
23 1.125 1.9059 4.24541
24 1.175 1.63381 5.33057
25 1.225 1.38238 6.32852
26 1.275 1.19468 7.26279
27 1.325 1.03326 8.13545
28 1.375 0.915576 8.96816
29 1.425 0.831965 9.78086
30 1.475 0.79677 10.6147
31 1.525 0.758477 11.4633
32 1.575 0.758309 12.3682
33 1.625 0.764413 13.3392
34 1.675 0.790734 14.4063
35 1.725 0.833845 15.5999
36 1.775 0.877871 16.9304
37 1.825 0.94545 18.4451
38 1.875 1.01194 20.1564
39 1.925 1.07139 22.0662
40 1.975 1.10683 24.143
41 2.025 1.13706 26.3858
42 2.075 1.14436 28.756
43 2.125 1.12905 31.2084
44 2.175 1.09027 33.6894
45 2.225 1.07262 36.2437
46 2.275 1.02956 38.8068
47 2.325 0.993528 41.3902
48 2.375 0.985178 44.0633
49 2.425 0.957194 46.7709
50 2.475 0.943138 49.5499
87000 50
1 0.025 0 0
2 0.075 0 0
3 0.125 0 0
4 0.175 0 0
5 0.225 0 0
6 0.275 0 0
7 0.325 0 0
8 0.375 0 0
9 0.425 0 0
10 0.475 0 0
11 0.525 0 0
12 0.575 0 0
13 0.625 0 0
14 0.675 0 0
15 0.725 0 0
16 0.775 0 0
17 0.825 0 0
18 0.875 0.0270407 0.00996094
19 0.925 0.410638 0.179004
20 0.975 1.40478 0.821484
21 1.025 2.07038 1.86797
22 1.075 2.17828 3.079
23 1.125 1.92836 4.25312
24 1.175 1.64852 5.34805
25 1.225 1.35844 6.32871
26 1.275 1.19093 7.26006
27 1.325 1.0158 8.11797
28 1.375 0.908275 8.94404
29 1.425 0.841762 9.76631
30 1.475 0.792291 10.5955
31 1.525 0.774015 11.4614
32 1.575 0.757818 12.3657
33 1.625 0.783248 13.3606
34 1.675 0.788201 14.4244
35 1.725 0.833435 15.6174
36 1.775 0.874843 16.9433
37 1.825 0.946425 18.4596
38 1.875 1.00738 20.1632
39 1.925 1.06804 22.067
40 1.975 1.10516 24.1406
41 2.025 1.1329 26.3753
42 2.075 1.13899 28.7343
43 2.125 1.12356 31.1748
44 2.175 1.10662 33.693
45 2.225 1.06593 36.2313
46 2.275 1.04054 38.8219
47 2.325 1.01103 41.4508
48 2.375 0.977944 44.1042
49 2.425 0.941417 46.7672
50 2.475 0.945392 49.5528
88000 50
1 0.025 0 0
2 0.075 0 0
3 0.125 0 0
4 0.175 0 0
5 0.225 0 0
6 0.275 0 0
7 0.325 0 0
8 0.375 0 0
9 0.425 0 0
10 0.475 0 0
11 0.525 0 0
12 0.575 0 0
13 0.625 0 0
14 0.675 0 0
15 0.725 0 0
16 0.775 0 0
17 0.825 0.000596404 0.000195313
18 0.875 0.0331381 0.0124023
19 0.925 0.435547 0.191699
20 0.975 1.39581 0.830078
21 1.025 2.04681 1.86465
22 1.075 2.15843 3.06465
23 1.125 1.95113 4.25264
24 1.175 1.64278 5.34375
25 1.225 1.38725 6.34521
26 1.275 1.16908 7.25947
27 1.325 1.01789 8.11914
28 1.375 0.926528 8.96182
29 1.425 0.829965 9.77256
30 1.475 0.789492 10.5988
31 1.525 0.765461 11.4552
32 1.575 0.762646 12.3652
33 1.625 0.77433 13.3488
34 1.675 0.786392 14.4102
35 1.725 0.83439 15.6045
36 1.775 0.884508 16.945
37 1.825 0.942768 18.4555
38 1.875 1.00346 20.1524
39 1.925 1.06492 22.0507
40 1.975 1.10001 24.1146
41 2.025 1.14285 26.3689
42 2.075 1.14748 28.7455
43 2.125 1.1335 31.2076
44 2.175 1.09769 33.7055
45 2.225 1.06663 36.2455
46 2.275 1.03277 38.8167
47 2.325 0.999162 41.4147
48 2.375 0.974272 44.0582
49 2.425 0.958057 46.7683
50 2.475 0.94062 49.5398
89000 50
1 0.025 0 0
2 0.075 0 0
3 0.125 0 0
4 0.175 0 0
5 0.225 0 0
6 0.275 0 0
7 0.325 0 0
8 0.375 0 0
9 0.425 0 0
10 0.475 0 0
11 0.525 0 0
12 0.575 0 0
13 0.625 0 0
14 0.675 0 0
15 0.725 0 0
16 0.775 0 0
17 0.825 0 0
18 0.875 0.032873 0.0121094
19 0.925 0.439343 0.192969
20 0.975 1.37894 0.823633
21 1.025 2.07483 1.87236
22 1.075 2.16317 3.075
23 1.125 1.95097 4.26289
24 1.175 1.63073 5.346
25 1.225 1.36006 6.32783
26 1.275 1.17607 7.24756
27 1.325 1.01708 8.10654
28 1.375 0.920193 8.94346
29 1.425 0.84776 9.77158
30 1.475 0.799382 10.6082
31 1.525 0.772182 11.4721
32 1.575 0.753562 12.3713
33 1.625 0.772178 13.3521
34 1.675 0.788491 14.4163
35 1.725 0.838689 15.6168
36 1.775 0.879611 16.9499
37 1.825 0.949594 18.4713
38 1.875 1.00715 20.1745
39 1.925 1.06865 22.0794
40 1.975 1.09892 24.1413
41 2.025 1.13305 26.3763
42 2.075 1.13607 28.7292
43 2.125 1.1214 31.165
44 2.175 1.09683 33.6609
45 2.225 1.07057 36.2104
46 2.275 1.03984 38.7991
47 2.325 1.00258 41.4061
48 2.375 0.97474 44.0508
49 2.425 0.953741 46.7486
50 2.475 0.95444 49.5609
90000 50
1 0.025 0 0
2 0.075 0 0
3 0.125 0 0
4 0.175 0 0
5 0.225 0 0
6 0.275 0 0
7 0.325 0 0
8 0.375 0 0
9 0.425 0 0
10 0.475 0 0
11 0.525 0 0
12 0.575 0 0
13 0.625 0 0
14 0.675 0 0
15 0.725 0 0
16 0.775 0 0
17 0.825 0 0
18 0.875 0.0273058 0.0100586
19 0.925 0.453576 0.196777
20 0.975 1.35374 0.815918
21 1.025 2.06864 1.86152
22 1.075 2.14525 3.0542
23 1.125 1.95033 4.2417
24 1.175 1.66366 5.34668
25 1.225 1.38076 6.34346
26 1.275 1.18931 7.27354
27 1.325 1.02679 8.14072
28 1.375 0.918261 8.97588
29 1.425 0.844361 9.80068
30 1.475 0.783053 10.6202
31 1.525 0.761969 11.4727
32 1.575 0.747916 12.3651
33 1.625 0.761722 13.3327
34 1.675 0.793556 14.4037
35 1.725 0.833026 15.5961
36 1.775 0.88483 16.9371
37 1.825 0.938196 18.4402
38 1.875 1.00063 20.1324
39 1.925 1.06854 22.0371
40 1.975 1.12093 24.1403
41 2.025 1.13508 26.3793
42 2.075 1.15078 28.7627
43 2.125 1.12599 31.2085
44 2.175 1.10555 33.7242
45 2.225 1.06216 36.2536
46 2.275 1.02964 38.817
47 2.325 1.00611 41.4331
48 2.375 0.972329 44.0713
49 2.425 0.95205 46.7644
50 2.475 0.941746 49.5393
91000 50
1 0.025 0 0
2 0.075 0 0
3 0.125 0 0
4 0.175 0 0
5 0.225 0 0
6 0.275 0 0
7 0.325 0 0
8 0.375 0 0
9 0.425 0 0
10 0.475 0 0
11 0.525 0 0
12 0.575 0 0
13 0.625 0 0
14 0.675 0 0
15 0.725 0 0
16 0.775 0 0
17 0.825 0 0
18 0.875 0.0291615 0.0107422
19 0.925 0.431277 0.188281
20 0.975 1.3862 0.822266
21 1.025 2.07888 1.87305
22 1.075 2.15562 3.07148
23 1.125 1.91793 4.23926
24 1.175 1.64705 5.3332
25 1.225 1.39428 6.33975
26 1.275 1.15759 7.24502
27 1.325 1.03604 8.12002
28 1.375 0.917402 8.95439
29 1.425 0.845461 9.78027
30 1.475 0.789958 10.607
31 1.525 0.765897 11.4639
32 1.575 0.764201 12.3758
33 1.625 0.773408 13.3582
34 1.675 0.780242 14.4112
35 1.725 0.830843 15.6005
36 1.775 0.887665 16.9458
37 1.825 0.943194 18.4569
38 1.875 1.00363 20.1542
39 1.925 1.0613 22.046
40 1.975 1.1061 24.1214
41 2.025 1.14295 26.3759
42 2.075 1.14059 28.7382
43 2.125 1.12608 31.1842
44 2.175 1.10409 33.6966
45 2.225 1.06983 36.2442
46 2.275 1.03478 38.8204
47 2.325 1.00288 41.4281
48 2.375 0.97852 44.0831
49 2.425 0.952982 46.7788
50 2.475 0.945392 49.5645
92000 50
1 0.025 0 0
2 0.075 0 0
3 0.125 0 0
4 0.175 0 0
5 0.225 0 0
6 0.275 0 0
7 0.325 0 0
8 0.375 0 0
9 0.425 0 0
10 0.475 0 0
11 0.525 0 0
12 0.575 0 0
13 0.625 0 0
14 0.675 0 0
15 0.725 0 0
16 0.775 0 0
17 0.825 0 0
18 0.875 0.0291615 0.0107422
19 0.925 0.418941 0.183203
20 0.975 1.39303 0.820312
21 1.025 2.0671 1.86514
22 1.075 2.17195 3.07266
23 1.125 1.90863 4.23477
24 1.175 1.6544 5.33359
25 1.225 1.37805 6.32842
26 1.275 1.18481 7.25498
27 1.325 1.02714 8.12246
28 1.375 0.933186 8.97119
29 1.425 0.829166 9.78115
30 1.475 0.789212 10.6071
31 1.525 0.772095 11.4709
32 1.575 0.747752 12.3632
33 1.625 0.777559 13.3509
34 1.675 0.792543 14.4205
35 1.725 0.835005 15.6157
36 1.775 0.872458 16.938
37 1.825 0.947766 18.4564
38 1.875 0.999529 20.1468
39 1.925 1.06903 22.0523
40 1.975 1.10527 24.1262
41 2.025 1.1377 26.3703
42 2.075 1.14196 28.7354
43 2.125 1.13085 31.1918
44 2.175 1.09958 33.6939
45 2.225 1.06979 36.2415
46 2.275 1.0405 38.8319
47 2.325 1.00577 41.4472
48 2.375 0.975856 44.0949
49 2.425 0.947907 46.7763
50 2.475 0.93714 49.5376
93000 50
1 0.025 0 0
2 0.075 0 0
3 0.125 0 0
4 0.175 0 0
5 0.225 0 0
6 0.275 0 0
7 0.325 0 0
8 0.375 0 0
9 0.425 0 0
10 0.475 0 0
11 0.525 0 0
12 0.575 0 0
13 0.625 0 0
14 0.675 0 0
15 0.725 0 0
16 0.775 0 0
17 0.825 0 0
18 0.875 0.0299568 0.0110352
19 0.925 0.432937 0.189258
20 0.975 1.37317 0.817285
21 1.025 2.09376 1.87559
22 1.075 2.1709 3.08252
23 1.125 1.93702 4.26191
24 1.175 1.63984 5.35107
25 1.225 1.36831 6.33887
26 1.275 1.17482 7.25762
27 1.325 1.02783 8.12568
28 1.375 0.916543 8.95928
29 1.425 0.838663 9.77852
30 1.475 0.791171 10.6065
31 1.525 0.763366 11.4605
32 1.575 0.746442 12.3513
33 1.625 0.769256 13.3284
34 1.675 0.792326 14.3978
35 1.725 0.829342 15.5849
36 1.775 0.891596 16.9361
37 1.825 0.943194 18.4473
38 1.875 1.01633 20.166
39 1.925 1.0704 22.074
40 1.975 1.1189 24.1734
41 2.025 1.14117 26.4244
42 2.075 1.14502 28.7959
43 2.125 1.11785 31.224
44 2.175 1.08756 33.6988
45 2.225 1.07102 36.2493
46 2.275 1.02995 38.8135
47 2.325 0.994392 41.3991
48 2.375 0.980679 44.06
49 2.425 0.95167 46.752
50 2.475 0.943238 49.5312
94000 50
1 0.025 0 0
2 0.075 0 0
3 0.125 0 0
4 0.175 0 0
5 0.225 0 0
6 0.275 0 0
7 0.325 0 0
8 0.375 0 0
9 0.425 0 0
10 0.475 0 0
11 0.525 0 0
12 0.575 0 0
13 0.625 0 0
14 0.675 0 0
15 0.725 0 0
16 0.775 0 0
17 0.825 0 0
18 0.875 0.0294266 0.0108398
19 0.925 0.44551 0.194238
20 0.975 1.37809 0.824512
21 1.025 2.0613 1.86641
22 1.075 2.16124 3.06797
23 1.125 1.96076 4.26182
24 1.175 1.62896 5.34375
25 1.225 1.38711 6.34512
26 1.275 1.18956 7.27539
27 1.325 1.02667 8.14248
28 1.375 0.911281 8.97129
29 1.425 0.821468 9.77373
30 1.475 0.780254 10.5903
31 1.525 0.770436 11.4522
32 1.575 0.74587 12.3423
33 1.625 0.783556 13.3376
34 1.675 0.79399 14.4092
35 1.725 0.833162 15.6018
36 1.775 0.874714 16.9274
37 1.825 0.953617 18.4553
38 1.875 1.00773 20.1595
39 1.925 1.05796 22.0453
40 1.975 1.12702 24.16
41 2.025 1.13607 26.4009
42 2.075 1.13781 28.7574
43 2.125 1.1197 31.1896
44 2.175 1.10318 33.6999
45 2.225 1.07344 36.2562
46 2.275 1.02395 38.8054
47 2.325 1.00303 41.4135
48 2.375 0.974057 44.0563
49 2.425 0.952878 46.7518
50 2.475 0.942973 49.5303
95000 50
1 0.025 0 0
2 0.075 0 0
3 0.125 0 0
4 0.175 0 0
5 0.225 0 0
6 0.275 0 0
7 0.325 0 0
8 0.375 0 0
9 0.425 0 0
10 0.475 0 0
11 0.525 0 0
12 0.575 0 0
13 0.625 0 0
14 0.675 0 0
15 0.725 0 0
16 0.775 0 0
17 0.825 0 0
18 0.875 0.0312823 0.0115234
19 0.925 0.428193 0.187793
20 0.975 1.35716 0.808496
21 1.025 2.06922 1.85439
22 1.075 2.15456 3.05225
23 1.125 1.97423 4.2543
24 1.175 1.64558 5.34727
25 1.225 1.37859 6.34248
26 1.275 1.20417 7.28418
27 1.325 1.01291 8.13965
28 1.375 0.925562 8.98145
29 1.425 0.828166 9.79043
30 1.475 0.777548 10.6042
31 1.525 0.757866 11.4521
32 1.575 0.760273 12.3593
33 1.625 0.758416 13.3227
34 1.675 0.785669 14.383
35 1.725 0.836574 15.5805
36 1.775 0.896428 16.9391
37 1.825 0.945937 18.4546
38 1.875 1.00374 20.1521
39 1.925 1.06519 22.0508
40 1.975 1.12593 24.1634
41 2.025 1.13602 26.4042
42 2.075 1.14139 28.7682
43 2.125 1.12383 31.2093
44 2.175 1.09988 33.7121
45 2.225 1.07253 36.2662
46 2.275 1.03191 38.8353
47 2.325 0.991613 41.4137
48 2.375 0.972869 44.0533
49 2.425 0.955468 46.7561
50 2.475 0.94695 49.5463
96000 50
1 0.025 0 0
2 0.075 0 0
3 0.125 0 0
4 0.175 0 0
5 0.225 0 0
6 0.275 0 0
7 0.325 0 0
8 0.375 0 0
9 0.425 0 0
10 0.475 0 0
11 0.525 0 0
12 0.575 0 0
13 0.625 0 0
14 0.675 0 0
15 0.725 0 0
16 0.775 0 0
17 0.825 0 0
18 0.875 0.0265105 0.00976562
19 0.925 0.423686 0.18418
20 0.975 1.40606 0.827246
21 1.025 2.08796 1.88262
22 1.075 2.14508 3.0752
23 1.125 1.94376 4.25869
24 1.175 1.63014 5.34141
25 1.225 1.39455 6.34814
26 1.275 1.16171 7.25664
27 1.325 1.02159 8.11943
28 1.375 0.922663 8.95859
29 1.425 0.842062 9.78115
30 1.475 0.797423 10.6157
31 1.525 0.771833 11.4792
32 1.575 0.744478 12.3676
33 1.625 0.765873 13.3404
34 1.675 0.777926 14.3903
35 1.725 0.834868 15.5854
36 1.775 0.884637 16.9261
37 1.825 0.947644 18.4443
38 1.875 0.99872 20.1333
39 1.925 1.09292 22.0814
40 1.975 1.10631 24.1572
41 2.025 1.14444 26.4146
42 2.075 1.13701 28.7695
43 2.125 1.12446 31.212
44 2.175 1.09675 33.7077
45 2.225 1.06323 36.2396
46 2.275 1.03407 38.8141
47 2.325 1.0013 41.4177
48 2.375 0.972365 44.056
49 2.425 0.960508 46.7729
50 2.475 0.941349 49.5467
97000 50
1 0.025 0 0
2 0.075 0 0
3 0.125 0 0
4 0.175 0 0
5 0.225 0 0
6 0.275 0 0
7 0.325 0 0
8 0.375 0 0
9 0.425 0 0
10 0.475 0 0
11 0.525 0 0
12 0.575 0 0
13 0.625 0 0
14 0.675 0 0
15 0.725 0 0
16 0.775 0 0
17 0.825 0 0
18 0.875 0.0296917 0.0109375
19 0.925 0.429142 0.187598
20 0.975 1.39538 0.825781
21 1.025 2.06942 1.87178
22 1.075 2.16299 3.07432
23 1.125 1.92659 4.24736
24 1.175 1.63602 5.33398
25 1.225 1.37183 6.32432
26 1.275 1.16683 7.23682
27 1.325 1.02783 8.10488
28 1.375 0.923415 8.94473
29 1.425 0.846761 9.77187
30 1.475 0.793597 10.6024
31 1.525 0.756819 11.4491
32 1.575 0.768375 12.366
33 1.625 0.771024 13.3454
34 1.675 0.801443 14.4271
35 1.725 0.833913 15.6207
36 1.775 0.878258 16.9518
37 1.825 0.948497 18.4714
38 1.875 1.00346 20.1684
39 1.925 1.05106 22.0419
40 1.975 1.10995 24.1245
41 2.025 1.14275 26.3786
42 2.075 1.14168 28.7432
43 2.125 1.12617 31.1894
44 2.175 1.10164 33.6962
45 2.225 1.06249 36.2264
46 2.275 1.04101 38.8181
47 2.325 0.998335 41.414
48 2.375 0.982479 44.0797
49 2.425 0.95022 46.7676
50 2.475 0.943569 49.5479
98000 50
1 0.025 0 0
2 0.075 0 0
3 0.125 0 0
4 0.175 0 0
5 0.225 0 0
6 0.275 0 0
7 0.325 0 0
8 0.375 0 0
9 0.425 0 0
10 0.475 0 0
11 0.525 0 0
12 0.575 0 0
13 0.625 0 0
14 0.675 0 0
15 0.725 0 0
16 0.775 0 0
17 0.825 0 0
18 0.875 0.032873 0.0121094
19 0.925 0.448832 0.196875
20 0.975 1.3672 0.822168
21 1.025 2.05454 1.86064
22 1.075 2.1658 3.06475
23 1.125 1.91793 4.23252
24 1.175 1.65175 5.32959
25 1.225 1.38644 6.33047
26 1.275 1.2023 7.2707
27 1.325 1.03477 8.14463
28 1.375 0.891739 8.95566
29 1.425 0.838063 9.77432
30 1.475 0.787812 10.5988
31 1.525 0.78353 11.4754
32 1.575 0.760355 12.3827
33 1.625 0.764567 13.3539
34 1.675 0.787695 14.417
35 1.725 0.82634 15.5998
36 1.775 0.893142 16.9534
37 1.825 0.943377 18.4648
38 1.875 0.989712 20.1386
39 1.925 1.05906 22.0264
40 1.975 1.10287 24.0957
41 2.025 1.13513 26.3348
42 2.075 1.14653 28.7094
43 2.125 1.12707 31.1575
44 2.175 1.10258 33.6665
45 2.225 1.08287 36.2452
46 2.275 1.03968 38.8336
47 2.325 1.00209 41.4393
48 2.375 0.969701 44.0703
49 2.425 0.959576 46.7847
50 2.475 0.94526 49.5699
99000 50
1 0.025 0 0
2 0.075 0 0
3 0.125 0 0
4 0.175 0 0
5 0.225 0 0
6 0.275 0 0
7 0.325 0 0
8 0.375 0 0
9 0.425 0 0
10 0.475 0 0
11 0.525 0 0
12 0.575 0 0
13 0.625 0 0
14 0.675 0 0
15 0.725 0 0
16 0.775 0 0
17 0.825 0 0
18 0.875 0.0273058 0.0100586
19 0.925 0.44385 0.192773
20 0.975 1.41075 0.837988
21 1.025 2.06942 1.88398
22 1.075 2.14894 3.07871
23 1.125 1.9221 4.24902
24 1.175 1.63146 5.33262
25 1.225 1.37832 6.32764
26 1.275 1.18219 7.25215
27 1.325 1.02355 8.1166
28 1.375 0.903658 8.93848
29 1.425 0.857657 9.77627
30 1.475 0.798263 10.6117
31 1.525 0.756819 11.4584
32 1.575 0.757327 12.3621
33 1.625 0.776329 13.3482
34 1.675 0.796016 14.4226
35 1.725 0.831184 15.6123
36 1.775 0.883219 16.9509
37 1.825 0.940451 18.4576
38 1.875 1.00317 20.1541
39 1.925 1.06076 22.0449
40 1.975 1.12614 24.1579
41 2.025 1.14365 26.4138
42 2.075 1.14163 28.7782
43 2.125 1.12873 31.23
44 2.175 1.09739 33.7271
45 2.225 1.06552 36.2646
46 2.275 1.03172 38.8331
47 2.325 0.994655 41.4194
48 2.375 0.968586 44.0475
49 2.425 0.951877 46.74
50 2.475 0.938134 49.5043
100000 50
1 0.025 0 0
2 0.075 0 0
3 0.125 0 0
4 0.175 0 0
5 0.225 0 0
6 0.275 0 0
7 0.325 0 0
8 0.375 0 0
9 0.425 0 0
10 0.475 0 0
11 0.525 0 0
12 0.575 0 0
13 0.625 0 0
14 0.675 0 0
15 0.725 0 0
16 0.775 0 0
17 0.825 0 0
18 0.875 0.0275709 0.0101563
19 0.925 0.430565 0.187402
20 0.975 1.38855 0.822461
21 1.025 2.06323 1.86533
22 1.075 2.1767 3.07549
23 1.125 1.9359 4.2542
24 1.175 1.64969 5.3499
25 1.225 1.3859 6.35039
26 1.275 1.16771 7.26357
27 1.325 1.02505 8.1293
28 1.375 0.91214 8.95889
29 1.425 0.845561 9.78486
30 1.475 0.775215 10.5962
31 1.525 0.765723 11.4528
32 1.575 0.764938 12.3656
33 1.625 0.76941 13.343
34 1.675 0.791674 14.4114
35 1.725 0.831047 15.601
36 1.775 0.878 16.9316
37 1.825 0.951423 18.456
38 1.875 1.00657 20.1582
39 1.925 1.06388 22.0546
40 1.975 1.11068 24.1386
41 2.025 1.13582 26.379
42 2.075 1.14196 28.7441
43 2.125 1.1348 31.2091
44 2.175 1.11035 33.7357
45 2.225 1.06335 36.268
46 2.275 1.02948 38.831
47 2.325 1.00318 41.4395
48 2.375 0.980139 44.0988
49 2.425 0.952326 46.7927
50 2.475 0.941316 49.5663
