# Time-averaged data for fix 1
# TimeStep Number-of-rows
# Row c_myRDF[1] c_myRDF[2] c_myRDF[3]
1000 100
1 0.0125 0 0
2 0.0375 0 0
3 0.0625 0 0
4 0.0875 0 0
5 0.1125 0 0
6 0.1375 0 0
7 0.1625 0 0
8 0.1875 0 0
9 0.2125 0 0
10 0.2375 0 0
11 0.2625 0 0
12 0.2875 0 0
13 0.3125 0 0
14 0.3375 0 0
15 0.3625 0 0
16 0.3875 0 0
17 0.4125 0 0
18 0.4375 0 0
19 0.4625 0 0
20 0.4875 0 0
21 0.5125 0 0
22 0.5375 0 0
23 0.5625 0 0
24 0.5875 0 0
25 0.6125 0 0
26 0.6375 0 0
27 0.6625 0 0
28 0.6875 0 0
29 0.7125 0 0
30 0.7375 0 0
31 0.7625 0 0
32 0.7875 0 0
33 0.8125 0 0
34 0.8375 0 0
35 0.8625 0 0
36 0.8875 0 0
37 0.9125 0.00611441 0.00135
38 0.9375 0.0441959 0.01165
39 0.9625 0.280483 0.08055
40 0.9875 0.844054 0.2988
41 1.0125 1.5734 0.7265
42 1.0375 2.34549 1.39595
43 1.0625 2.76375 2.22325
44 1.0875 2.93009 3.1421
45 1.1125 2.85062 4.0776
46 1.1375 2.63955 4.9832
47 1.1625 2.35366 5.8266
48 1.1875 2.04633 6.59175
49 1.2125 1.75542 7.27605
50 1.2375 1.5079 7.88835
51 1.2625 1.30681 8.44065
52 1.2875 1.14564 8.9442
53 1.3125 1.0248 9.4123
54 1.3375 0.918019 9.84775
55 1.3625 0.818411 10.2506
56 1.3875 0.731786 10.6242
57 1.4125 0.679554 10.9836
58 1.4375 0.656032 11.3431
59 1.4625 0.619426 11.6944
60 1.4875 0.588724 12.0398
61 1.5125 0.588629 12.3969
62 1.5375 0.560788 12.7484
63 1.5625 0.580602 13.1242
64 1.5875 0.572561 13.5068
65 1.6125 0.591352 13.9145
66 1.6375 0.588342 14.3328
67 1.6625 0.630138 14.7946
68 1.6875 0.661271 15.2939
69 1.7125 0.690588 15.8309
70 1.7375 0.734758 16.4191
71 1.7625 0.787817 17.0679
72 1.7875 0.833157 17.7738
73 1.8125 0.897065 18.5552
74 1.8375 0.964303 19.4185
75 1.8625 1.04215 20.377
76 1.8875 1.08295 21.4001
77 1.9125 1.13824 22.5039
78 1.9375 1.18662 23.685
79 1.9625 1.21445 24.9252
80 1.9875 1.2588 26.2437
81 2.0125 1.27433 27.6122
82 2.0375 1.29435 29.0369
83 2.0625 1.30456 30.5084
84 2.0875 1.29497 32.0046
85 2.1125 1.2795 33.5186
86 2.1375 1.27608 35.0645
87 2.1625 1.23804 36.5996
88 2.1875 1.21037 38.1353
89 2.2125 1.16911 39.6528
90 2.2375 1.11763 41.1364
91 2.2625 1.07241 42.592
92 2.2875 1.02134 44.009
93 2.3125 0.999204 45.4258
94 2.3375 0.96521 46.8241
95 2.3625 0.917355 48.1818
96 2.3875 0.898707 49.54
97 2.4125 0.872629 50.8867
98 2.4375 0.858502 52.2392
99 2.4625 0.853194 53.611
100 2.4875 0.843841 54.9954
2000 100
1 0.0125 0 0
2 0.0375 0 0
3 0.0625 0 0
4 0.0875 0 0
5 0.1125 0 0
6 0.1375 0 0
7 0.1625 0 0
8 0.1875 0 0
9 0.2125 0 0
10 0.2375 0 0
11 0.2625 0 0
12 0.2875 0 0
13 0.3125 0 0
14 0.3375 0 0
15 0.3625 0 0
16 0.3875 0 0
17 0.4125 0 0
18 0.4375 0 0
19 0.4625 0 0
20 0.4875 0 0
21 0.5125 0 0
22 0.5375 0 0
23 0.5625 0 0
24 0.5875 0 0
25 0.6125 0 0
26 0.6375 0 0
27 0.6625 0 0
28 0.6875 0 0
29 0.7125 0 0
30 0.7375 0 0
31 0.7625 0 0
32 0.7875 0 0
33 0.8125 0 0
34 0.8375 0 0
35 0.8625 0 0
36 0.8875 0.000239397 5e-05
37 0.9125 0.00339689 0.0008
38 0.9375 0.0504177 0.01255
39 0.9625 0.285775 0.08275
40 0.9875 0.862231 0.3057
41 1.0125 1.70051 0.76795
42 1.0375 2.42345 1.45965
43 1.0625 2.88218 2.3224
44 1.0875 3.04409 3.277
45 1.1125 2.83203 4.2064
46 1.1375 2.56231 5.0855
47 1.1625 2.27497 5.9007
48 1.1875 1.95059 6.63005
49 1.2125 1.6859 7.28725
50 1.2375 1.44929 7.87575
51 1.2625 1.24316 8.40115
52 1.2875 1.09183 8.88105
53 1.3125 0.991854 9.3341
54 1.3375 0.882179 9.75255
55 1.3625 0.792306 10.1425
56 1.3875 0.733354 10.5169
57 1.4125 0.684374 10.879
58 1.4375 0.646542 11.2332
59 1.4625 0.610698 11.5796
60 1.4875 0.590258 11.9259
61 1.5125 0.588135 12.2826
62 1.5375 0.581848 12.6473
63 1.5625 0.569403 13.0159
64 1.5875 0.592914 13.4121
65 1.6125 0.608105 13.8313
66 1.6375 0.615277 14.2688
67 1.6625 0.657429 14.7506
68 1.6875 0.686236 15.2688
69 1.7125 0.728203 15.835
70 1.7375 0.789476 16.4669
71 1.7625 0.809914 17.134
72 1.7875 0.871105 17.8721
73 1.8125 0.951768 18.7011
74 1.8375 0.990274 19.5877
75 1.8625 1.05389 20.557
76 1.8875 1.09063 21.5872
77 1.9125 1.14407 22.6968
78 1.9375 1.17818 23.8695
79 1.9625 1.21097 25.1061
80 1.9875 1.23827 26.4031
81 2.0125 1.2469 27.7421
82 2.0375 1.26582 29.1355
83 2.0625 1.27318 30.5716
84 2.0875 1.27727 32.0473
85 2.1125 1.26302 33.5418
86 2.1375 1.24958 35.0556
87 2.1625 1.2261 36.5759
88 2.1875 1.19209 38.0884
89 2.2125 1.15355 39.5857
90 2.2375 1.10965 41.0587
91 2.2625 1.06342 42.5021
92 2.2875 1.02772 43.928
93 2.3125 0.977482 45.3139
94 2.3375 0.962035 46.7077
95 2.3625 0.919281 48.0682
96 2.3875 0.885805 49.4069
97 2.4125 0.861451 50.7364
98 2.4375 0.854726 52.0828
99 2.4625 0.840071 53.4336
100 2.4875 0.827293 54.7908
3000 100
1 0.0125 0 0
2 0.0375 0 0
3 0.0625 0 0
4 0.0875 0 0
5 0.1125 0 0
6 0.1375 0 0
7 0.1625 0 0
8 0.1875 0 0
9 0.2125 0 0
10 0.2375 0 0
11 0.2625 0 0
12 0.2875 0 0
13 0.3125 0 0
14 0.3375 0 0
15 0.3625 0 0
16 0.3875 0 0
17 0.4125 0 0
18 0.4375 0 0
19 0.4625 0 0
20 0.4875 0 0
21 0.5125 0 0
22 0.5375 0 0
23 0.5625 0 0
24 0.5875 0 0
25 0.6125 0 0
26 0.6375 0 0
27 0.6625 0 0
28 0.6875 0 0
29 0.7125 0 0
30 0.7375 0 0
31 0.7625 0 0
32 0.7875 0 0
33 0.8125 0 0
34 0.8375 0 0
35 0.8625 0 0
36 0.8875 0 0
37 0.9125 0.00226459 0.0005
38 0.9375 0.0512759 0.01245
39 0.9625 0.290457 0.0838
40 0.9875 0.864358 0.3073
41 1.0125 1.688 0.76615
42 1.0375 2.43974 1.4625
43 1.0625 2.88418 2.32585
44 1.0875 3.00869 3.26935
45 1.1125 2.84894 4.2043
46 1.1375 2.59248 5.09375
47 1.1625 2.26255 5.9045
48 1.1875 1.96249 6.6383
49 1.2125 1.69732 7.29995
50 1.2375 1.43069 7.8809
51 1.2625 1.2415 8.4056
52 1.2875 1.09468 8.88675
53 1.3125 0.962955 9.3266
54 1.3375 0.875854 9.74205
55 1.3625 0.807339 10.1395
56 1.3875 0.719347 10.5066
57 1.4125 0.683524 10.8682
58 1.4375 0.652291 11.2256
59 1.4625 0.612461 11.573
60 1.4875 0.592644 11.9207
61 1.5125 0.57882 12.2718
62 1.5375 0.583044 12.6372
63 1.5625 0.583846 13.0152
64 1.5875 0.583785 13.4053
65 1.6125 0.602593 13.8208
66 1.6375 0.612816 14.2565
67 1.6625 0.654359 14.736
68 1.6875 0.695109 15.2608
69 1.7125 0.737205 15.8341
70 1.7375 0.775297 16.4547
71 1.7625 0.835409 17.1428
72 1.7875 0.883322 17.8912
73 1.8125 0.932941 18.7038
74 1.8375 1.00217 19.601
75 1.8625 1.0416 20.5591
76 1.8875 1.10471 21.6026
77 1.9125 1.13979 22.708
78 1.9375 1.17331 23.8758
79 1.9625 1.20001 25.1013
80 1.9875 1.24839 26.4089
81 2.0125 1.24164 27.7423
82 2.0375 1.2646 29.1343
83 2.0625 1.27814 30.5759
84 2.0875 1.28372 32.0592
85 2.1125 1.26894 33.5607
86 2.1375 1.2502 35.0752
87 2.1625 1.21961 36.5875
88 2.1875 1.1913 38.099
89 2.2125 1.15166 39.5938
90 2.2375 1.11745 41.0771
91 2.2625 1.06408 42.5214
92 2.2875 1.02369 43.9417
93 2.3125 0.981925 45.334
94 2.3375 0.949956 46.7102
95 2.3625 0.91053 48.0577
96 2.3875 0.8778 49.3844
97 2.4125 0.863654 50.7172
98 2.4375 0.851171 52.0581
99 2.4625 0.838485 53.4063
100 2.4875 0.827019 54.7631
4000 100
1 0.0125 0 0
2 0.0375 0 0
3 0.0625 0 0
4 0.0875 0 0
5 0.1125 0 0
6 0.1375 0 0
7 0.1625 0 0
8 0.1875 0 0
9 0.2125 0 0
10 0.2375 0 0
11 0.2625 0 0
12 0.2875 0 0
13 0.3125 0 0
14 0.3375 0 0
15 0.3625 0 0
16 0.3875 0 0
17 0.4125 0 0
18 0.4375 0 0
19 0.4625 0 0
20 0.4875 0 0
21 0.5125 0 0
22 0.5375 0 0
23 0.5625 0 0
24 0.5875 0 0
25 0.6125 0 0
26 0.6375 0 0
27 0.6625 0 0
28 0.6875 0 0
29 0.7125 0 0
30 0.7375 0 0
31 0.7625 0 0
32 0.7875 0 0
33 0.8125 0 0
34 0.8375 0 0
35 0.8625 0 0
36 0.8875 0.000478793 0.0001
37 0.9125 0.00294397 0.00075
38 0.9375 0.0519195 0.01285
39 0.9625 0.281501 0.082
40 0.9875 0.86107 0.30465
41 1.0125 1.69977 0.7667
42 1.0375 2.42853 1.45985
43 1.0625 2.88368 2.32305
44 1.0875 2.96708 3.2535
45 1.1125 2.88429 4.20005
46 1.1375 2.59408 5.09005
47 1.1625 2.26143 5.9004
48 1.1875 1.94645 6.6282
49 1.2125 1.68231 7.284
50 1.2375 1.43993 7.8687
51 1.2625 1.26292 8.40245
52 1.2875 1.10275 8.88715
53 1.3125 0.980908 9.3352
54 1.3375 0.887555 9.7562
55 1.3625 0.78682 10.1435
56 1.3875 0.737272 10.5198
57 1.4125 0.693826 10.8869
58 1.4375 0.641431 11.2384
59 1.4625 0.609375 11.5839
60 1.4875 0.600399 11.9362
61 1.5125 0.57882 12.2873
62 1.5375 0.573472 12.6468
63 1.5625 0.579366 13.0218
64 1.5875 0.586179 13.4135
65 1.6125 0.589611 13.82
66 1.6375 0.62456 14.2641
67 1.6625 0.649378 14.7399
68 1.6875 0.681534 15.2546
69 1.7125 0.724924 15.8183
70 1.7375 0.767239 16.4324
71 1.7625 0.828064 17.1144
72 1.7875 0.875236 17.8559
73 1.8125 0.944593 18.6787
74 1.8375 1.00496 19.5785
75 1.8625 1.0546 20.5484
76 1.8875 1.10328 21.5907
77 1.9125 1.15366 22.7095
78 1.9375 1.16135 23.8654
79 1.9625 1.20466 25.0956
80 1.9875 1.23994 26.3944
81 2.0125 1.25147 27.7383
82 2.0375 1.26805 29.1341
83 2.0625 1.29104 30.5903
84 2.0875 1.28623 32.0765
85 2.1125 1.27612 33.5864
86 2.1375 1.25404 35.1057
87 2.1625 1.21989 36.6182
88 2.1875 1.17865 38.1137
89 2.2125 1.14581 39.6009
90 2.2375 1.11165 41.0765
91 2.2625 1.06894 42.5274
92 2.2875 1.01781 43.9395
93 2.3125 0.97653 45.3242
94 2.3375 0.943467 46.691
95 2.3625 0.921241 48.0544
96 2.3875 0.890635 49.4005
97 2.4125 0.869518 50.7424
98 2.4375 0.849266 52.0802
99 2.4625 0.823807 53.4048
100 2.4875 0.834821 54.7745
5000 100
1 0.0125 0 0
2 0.0375 0 0
3 0.0625 0 0
4 0.0875 0 0
5 0.1125 0 0
6 0.1375 0 0
7 0.1625 0 0
8 0.1875 0 0
9 0.2125 0 0
10 0.2375 0 0
11 0.2625 0 0
12 0.2875 0 0
13 0.3125 0 0
14 0.3375 0 0
15 0.3625 0 0
16 0.3875 0 0
17 0.4125 0 0
18 0.4375 0 0
19 0.4625 0 0
20 0.4875 0 0
21 0.5125 0 0
22 0.5375 0 0
23 0.5625 0 0
24 0.5875 0 0
25 0.6125 0 0
26 0.6375 0 0
27 0.6625 0 0
28 0.6875 0 0
29 0.7125 0 0
30 0.7375 0 0
31 0.7625 0 0
32 0.7875 0 0
33 0.8125 0 0
34 0.8375 0 0
35 0.8625 0 0
36 0.8875 0 0
37 0.9125 0.00362335 0.0008
38 0.9375 0.052134 0.01295
39 0.9625 0.283943 0.0827
40 0.9875 0.879054 0.31
41 1.0125 1.66556 0.76275
42 1.0375 2.43466 1.45765
43 1.0625 2.8765 2.3187
44 1.0875 2.98669 3.2553
45 1.1125 2.86494 4.1955
46 1.1375 2.56012 5.07385
47 1.1625 2.29059 5.89465
48 1.1875 1.9641 6.62905
49 1.2125 1.69847 7.29115
50 1.2375 1.4488 7.87945
51 1.2625 1.26019 8.41205
52 1.2875 1.09934 8.89525
53 1.3125 0.959343 9.33345
54 1.3375 0.883866 9.7527
55 1.3625 0.807034 10.15
56 1.3875 0.732472 10.5239
57 1.4125 0.684185 10.8858
58 1.4375 0.642709 11.238
59 1.4625 0.614577 11.5865
60 1.4875 0.580457 11.927
61 1.5125 0.579397 12.2785
62 1.5375 0.576344 12.6397
63 1.5625 0.589639 13.0214
64 1.5875 0.58371 13.4115
65 1.6125 0.609483 13.8317
66 1.6375 0.627232 14.2776
67 1.6625 0.653608 14.7566
68 1.6875 0.68511 15.2739
69 1.7125 0.730132 15.8417
70 1.7375 0.761492 16.4512
71 1.7625 0.836745 17.1404
72 1.7875 0.890817 17.8952
73 1.8125 0.924043 18.7
74 1.8375 0.991502 19.5877
75 1.8625 1.04215 20.5463
76 1.8875 1.09835 21.5838
77 1.9125 1.15175 22.7008
78 1.9375 1.16632 23.8617
79 1.9625 1.19829 25.0854
80 1.9875 1.23068 26.3744
81 2.0125 1.25235 27.7193
82 2.0375 1.27037 29.1177
83 2.0625 1.28262 30.5643
84 2.0875 1.28272 32.0465
85 2.1125 1.27908 33.56
86 2.1375 1.25189 35.0765
87 2.1625 1.23864 36.6124
88 2.1875 1.17688 38.1056
89 2.2125 1.15413 39.6036
90 2.2375 1.11191 41.0796
91 2.2625 1.0692 42.5308
92 2.2875 1.01118 43.9338
93 2.3125 0.983759 45.3286
94 2.3375 0.951888 46.7077
95 2.3625 0.918098 48.0664
96 2.3875 0.892521 49.4154
97 2.4125 0.86725 50.7537
98 2.4375 0.845013 52.0849
99 2.4625 0.839916 53.4354
100 2.4875 0.827964 54.7938
6000 100
1 0.0125 0 0
2 0.0375 0 0
3 0.0625 0 0
4 0.0875 0 0
5 0.1125 0 0
6 0.1375 0 0
7 0.1625 0 0
8 0.1875 0 0
9 0.2125 0 0
10 0.2375 0 0
11 0.2625 0 0
12 0.2875 0 0
13 0.3125 0 0
14 0.3375 0 0
15 0.3625 0 0
16 0.3875 0 0
17 0.4125 0 0
18 0.4375 0 0
19 0.4625 0 0
20 0.4875 0 0
21 0.5125 0 0
22 0.5375 0 0
23 0.5625 0 0
24 0.5875 0 0
25 0.6125 0 0
26 0.6375 0 0
27 0.6625 0 0
28 0.6875 0 0
29 0.7125 0 0
30 0.7375 0 0
31 0.7625 0 0
32 0.7875 0 0
33 0.8125 0 0
34 0.8375 0 0
35 0.8625 0 0
36 0.8875 0 0
37 0.9125 0.00271751 0.0006
38 0.9375 0.0487013 0.01195
39 0.9625 0.279262 0.08055
40 0.9875 0.846761 0.2995
41 1.0125 1.69352 0.75985
42 1.0375 2.44044 1.4564
43 1.0625 2.91107 2.3278
44 1.0875 2.96038 3.25615
45 1.1125 2.85199 4.1921
46 1.1375 2.57193 5.0745
47 1.1625 2.28571 5.89355
48 1.1875 1.9772 6.63285
49 1.2125 1.67089 7.2842
50 1.2375 1.4403 7.86905
51 1.2625 1.23878 8.3926
52 1.2875 1.10946 8.88025
53 1.3125 0.995795 9.3351
54 1.3375 0.879965 9.7525
55 1.3625 0.795556 10.1441
56 1.3875 0.734137 10.5189
57 1.4125 0.688438 10.8831
58 1.4375 0.650192 11.2393
59 1.4625 0.623305 11.5928
60 1.4875 0.584633 11.9358
61 1.5125 0.571566 12.2825
62 1.5375 0.595488 12.6558
63 1.5625 0.582224 13.0327
64 1.5875 0.582588 13.422
65 1.6125 0.596138 13.833
66 1.6375 0.618231 14.2725
67 1.6625 0.654154 14.7519
68 1.6875 0.687428 15.2709
69 1.7125 0.72666 15.836
70 1.7375 0.769363 16.4519
71 1.7625 0.823329 17.13
72 1.7875 0.877066 17.873
73 1.8125 0.948037 18.6989
74 1.8375 0.996529 19.591
75 1.8625 1.04693 20.554
76 1.8875 1.09401 21.5874
77 1.9125 1.13468 22.6878
78 1.9375 1.16808 23.8505
79 1.9625 1.21014 25.0863
80 1.9875 1.23875 26.3838
81 2.0125 1.25109 27.7273
82 2.0375 1.28009 29.1364
83 2.0625 1.27553 30.575
84 2.0875 1.27792 32.0516
85 2.1125 1.26699 33.5508
86 2.1375 1.25268 35.0683
87 2.1625 1.22352 36.5854
88 2.1875 1.19756 38.1049
89 2.2125 1.14669 39.5932
90 2.2375 1.10675 41.0624
91 2.2625 1.06544 42.5085
92 2.2875 1.03086 43.9387
93 2.3125 0.979457 45.3276
94 2.3375 0.951233 46.7057
95 2.3625 0.912997 48.0568
96 2.3875 0.886136 49.3961
97 2.4125 0.868093 50.7358
98 2.4375 0.845109 52.0671
99 2.4625 0.843025 53.4226
100 2.4875 0.827903 54.7809
7000 100
1 0.0125 0 0
2 0.0375 0 0
3 0.0625 0 0
4 0.0875 0 0
5 0.1125 0 0
6 0.1375 0 0
7 0.1625 0 0
8 0.1875 0 0
9 0.2125 0 0
10 0.2375 0 0
11 0.2625 0 0
12 0.2875 0 0
13 0.3125 0 0
14 0.3375 0 0
15 0.3625 0 0
16 0.3875 0 0
17 0.4125 0 0
18 0.4375 0 0
19 0.4625 0 0
20 0.4875 0 0
21 0.5125 0 0
22 0.5375 0 0
23 0.5625 0 0
24 0.5875 0 0
25 0.6125 0 0
26 0.6375 0 0
27 0.6625 0 0
28 0.6875 0 0
29 0.7125 0 0
30 0.7375 0 0
31 0.7625 0 0
32 0.7875 0 0
33 0.8125 0 0
34 0.8375 0 0
35 0.8625 0 0
36 0.8875 0 0
37 0.9125 0.00271751 0.0006
38 0.9375 0.0502031 0.0123
39 0.9625 0.28374 0.082
40 0.9875 0.858363 0.30395
41 1.0125 1.66813 0.7574
42 1.0375 2.46865 1.462
43 1.0625 2.91091 2.33335
44 1.0875 2.95751 3.2608
45 1.1125 2.85412 4.19745
46 1.1375 2.58359 5.08385
47 1.1625 2.26576 5.89575
48 1.1875 1.95059 6.6251
49 1.2125 1.68295 7.28115
50 1.2375 1.44239 7.86685
51 1.2625 1.2699 8.40355
52 1.2875 1.104 8.8888
53 1.3125 0.975106 9.3342
54 1.3375 0.874906 9.7492
55 1.3625 0.798502 10.1422
56 1.3875 0.738055 10.519
57 1.4125 0.68031 10.8789
58 1.4375 0.653751 11.2371
59 1.4625 0.613783 11.5852
60 1.4875 0.589491 11.9311
61 1.5125 0.579067 12.2823
62 1.5375 0.577301 12.6441
63 1.5625 0.58037 13.0198
64 1.5875 0.592091 13.4155
65 1.6125 0.600707 13.8297
66 1.6375 0.620973 14.2712
67 1.6625 0.655518 14.7515
68 1.6875 0.691533 15.2737
69 1.7125 0.715665 15.8302
70 1.7375 0.769738 16.4463
71 1.7625 0.821205 17.1227
72 1.7875 0.882909 17.8708
73 1.8125 0.934031 18.6843
74 1.8375 0.989548 19.5702
75 1.8625 1.04139 20.5281
76 1.8875 1.10333 21.5703
77 1.9125 1.13829 22.6743
78 1.9375 1.18536 23.8541
79 1.9625 1.20383 25.0835
80 1.9875 1.23718 26.3793
81 2.0125 1.25603 27.7281
82 2.0375 1.28295 29.1404
83 2.0625 1.27207 30.5751
84 2.0875 1.29224 32.0682
85 2.1125 1.27321 33.5748
86 2.1375 1.24013 35.0771
87 2.1625 1.22473 36.5958
88 2.1875 1.18834 38.1035
89 2.2125 1.15108 39.5975
90 2.2375 1.10961 41.0705
91 2.2625 1.05988 42.509
92 2.2875 1.02228 43.9274
93 2.3125 0.981608 45.3192
94 2.3375 0.948817 46.6939
95 2.3625 0.916713 48.0505
96 2.3875 0.895862 49.4045
97 2.4125 0.867121 50.7426
98 2.4375 0.854091 52.0881
99 2.4625 0.841968 53.4419
100 2.4875 0.827415 54.7994
8000 100
1 0.0125 0 0
2 0.0375 0 0
3 0.0625 0 0
4 0.0875 0 0
5 0.1125 0 0
6 0.1375 0 0
7 0.1625 0 0
8 0.1875 0 0
9 0.2125 0 0
10 0.2375 0 0
11 0.2625 0 0
12 0.2875 0 0
13 0.3125 0 0
14 0.3375 0 0
15 0.3625 0 0
16 0.3875 0 0
17 0.4125 0 0
18 0.4375 0 0
19 0.4625 0 0
20 0.4875 0 0
21 0.5125 0 0
22 0.5375 0 0
23 0.5625 0 0
24 0.5875 0 0
25 0.6125 0 0
26 0.6375 0 0
27 0.6625 0 0
28 0.6875 0 0
29 0.7125 0 0
30 0.7375 0 0
31 0.7625 0 0
32 0.7875 0 0
33 0.8125 0 0
34 0.8375 0 0
35 0.8625 0 0
36 0.8875 0 0
37 0.9125 0.00430273 0.00095
38 0.9375 0.0502031 0.01265
39 0.9625 0.302262 0.0869
40 0.9875 0.867065 0.3111
41 1.0125 1.66703 0.76425
42 1.0375 2.43116 1.45815
43 1.0625 2.89654 2.3252
44 1.0875 2.97696 3.25875
45 1.1125 2.86052 4.1975
46 1.1375 2.56362 5.07705
47 1.1625 2.25599 5.88545
48 1.1875 1.95768 6.61745
49 1.2125 1.69526 7.2783
50 1.2375 1.45803 7.87035
51 1.2625 1.27132 8.40765
52 1.2875 1.08421 8.8842
53 1.3125 0.981674 9.3326
54 1.3375 0.875327 9.7478
55 1.3625 0.797181 10.1402
56 1.3875 0.740406 10.5182
57 1.4125 0.685036 10.8806
58 1.4375 0.641066 11.2318
59 1.4625 0.620307 11.5836
60 1.4875 0.592474 11.9312
61 1.5125 0.572143 12.2783
62 1.5375 0.584959 12.6449
63 1.5625 0.600684 13.0338
64 1.5875 0.592689 13.4298
65 1.6125 0.603826 13.8461
66 1.6375 0.618582 14.2859
67 1.6625 0.648013 14.7608
68 1.6875 0.686037 15.2788
69 1.7125 0.720037 15.8387
70 1.7375 0.770737 16.4556
71 1.7625 0.824726 17.1349
72 1.7875 0.885505 17.8851
73 1.8125 0.939771 18.7037
74 1.8375 0.992619 19.5924
75 1.8625 1.03503 20.5444
76 1.8875 1.09274 21.5766
77 1.9125 1.14721 22.6892
78 1.9375 1.16863 23.8525
79 1.9625 1.20001 25.0779
80 1.9875 1.22343 26.3593
81 2.0125 1.25379 27.7057
82 2.0375 1.27227 29.1062
83 2.0625 1.29144 30.5628
84 2.0875 1.29207 32.0558
85 2.1125 1.26835 33.5566
86 2.1375 1.25573 35.0778
87 2.1625 1.22505 36.5968
88 2.1875 1.19469 38.1126
89 2.2125 1.14477 39.5984
90 2.2375 1.10709 41.0681
91 2.2625 1.06294 42.5107
92 2.2875 1.01972 43.9256
93 2.3125 0.987285 45.3254
94 2.3375 0.942328 46.6906
95 2.3625 0.919619 48.0516
96 2.3875 0.892488 49.4005
97 2.4125 0.862714 50.7319
98 2.4375 0.847711 52.0673
99 2.4625 0.833572 53.4076
100 2.4875 0.836954 54.7807
9000 100
1 0.0125 0 0
2 0.0375 0 0
3 0.0625 0 0
4 0.0875 0 0
5 0.1125 0 0
6 0.1375 0 0
7 0.1625 0 0
8 0.1875 0 0
9 0.2125 0 0
10 0.2375 0 0
11 0.2625 0 0
12 0.2875 0 0
13 0.3125 0 0
14 0.3375 0 0
15 0.3625 0 0
16 0.3875 0 0
17 0.4125 0 0
18 0.4375 0 0
19 0.4625 0 0
20 0.4875 0 0
21 0.5125 0 0
22 0.5375 0 0
23 0.5625 0 0
24 0.5875 0 0
25 0.6125 0 0
26 0.6375 0 0
27 0.6625 0 0
28 0.6875 0 0
29 0.7125 0 0
30 0.7375 0 0
31 0.7625 0 0
32 0.7875 0 0
33 0.8125 0 0
34 0.8375 0 0
35 0.8625 0 0
36 0.8875 0 0
37 0.9125 0.00203814 0.00045
38 0.9375 0.0502031 0.01215
39 0.9625 0.285979 0.0824
40 0.9875 0.853529 0.3031
41 1.0125 1.69333 0.7634
42 1.0375 2.43466 1.4583
43 1.0625 2.88819 2.32285
44 1.0875 3.00199 3.26425
45 1.1125 2.87378 4.20735
46 1.1375 2.60457 5.10095
47 1.1625 2.23855 5.9031
48 1.1875 1.95848 6.6354
49 1.2125 1.69578 7.29645
50 1.2375 1.42478 7.875
51 1.2625 1.27392 8.4134
52 1.2875 1.09536 8.89485
53 1.3125 0.96613 9.33615
54 1.3375 0.873641 9.75055
55 1.3625 0.788141 10.1385
56 1.3875 0.737272 10.5148
57 1.4125 0.687399 10.8785
58 1.4375 0.649553 11.2344
59 1.4625 0.615458 11.5835
60 1.4875 0.590173 11.9297
61 1.5125 0.583848 12.2839
62 1.5375 0.565016 12.638
63 1.5625 0.577358 13.0118
64 1.5875 0.58371 13.4018
65 1.6125 0.603391 13.8178
66 1.6375 0.623364 14.261
67 1.6625 0.644466 14.7333
68 1.6875 0.679349 15.2462
69 1.7125 0.722866 15.8084
70 1.7375 0.776983 16.4303
71 1.7625 0.826304 17.1109
72 1.7875 0.882673 17.8587
73 1.8125 0.941436 18.6788
74 1.8375 0.99988 19.5739
75 1.8625 1.06351 20.5521
76 1.8875 1.1137 21.6042
77 1.9125 1.14139 22.7111
78 1.9375 1.15793 23.8636
79 1.9625 1.20926 25.0985
80 1.9875 1.23842 26.3956
81 2.0125 1.25258 27.7408
82 2.0375 1.28077 29.1506
83 2.0625 1.28036 30.5947
84 2.0875 1.29471 32.0907
85 2.1125 1.27109 33.5947
86 2.1375 1.24843 35.1071
87 2.1625 1.22489 36.6259
88 2.1875 1.18618 38.131
89 2.2125 1.14646 39.619
90 2.2375 1.10374 41.0842
91 2.2625 1.06087 42.524
92 2.2875 1.02224 43.9424
93 2.3125 0.983547 45.3369
94 2.3375 0.941051 46.7003
95 2.3625 0.909078 48.0457
96 2.3875 0.888882 49.3891
97 2.4125 0.862164 50.7196
98 2.4375 0.84349 52.0484
99 2.4625 0.831239 53.3849
100 2.4875 0.825952 54.74
10000 100
1 0.0125 0 0
2 0.0375 0 0
3 0.0625 0 0
4 0.0875 0 0
5 0.1125 0 0
6 0.1375 0 0
7 0.1625 0 0
8 0.1875 0 0
9 0.2125 0 0
10 0.2375 0 0
11 0.2625 0 0
12 0.2875 0 0
13 0.3125 0 0
14 0.3375 0 0
15 0.3625 0 0
16 0.3875 0 0
17 0.4125 0 0
18 0.4375 0 0
19 0.4625 0 0
20 0.4875 0 0
21 0.5125 0 0
22 0.5375 0 0
23 0.5625 0 0
24 0.5875 0 0
25 0.6125 0 0
26 0.6375 0 0
27 0.6625 0 0
28 0.6875 0 0
29 0.7125 0 0
30 0.7375 0 0
31 0.7625 0 0
32 0.7875 0 0
33 0.8125 0 0
34 0.8375 0 0
35 0.8625 0 0
36 0.8875 0.000239397 5e-05
37 0.9125 0.00271751 0.00065
38 0.9375 0.0478432 0.0118
39 0.9625 0.280687 0.08075
40 0.9875 0.899357 0.3133
41 1.0125 1.65691 0.7637
42 1.0375 2.45866 1.46545
43 1.0625 2.86948 2.3244
44 1.0875 2.99099 3.26235
45 1.1125 2.89998 4.21405
46 1.1375 2.56202 5.09305
47 1.1625 2.24943 5.8991
48 1.1875 1.94417 6.62605
49 1.2125 1.66551 7.2753
50 1.2375 1.47256 7.87325
51 1.2625 1.2447 8.3993
52 1.2875 1.10048 8.883
53 1.3125 0.967772 9.32505
54 1.3375 0.880071 9.7425
55 1.3625 0.789563 10.1311
56 1.3875 0.740112 10.509
57 1.4125 0.675868 10.8665
58 1.4375 0.645812 11.2203
59 1.4625 0.628506 11.5768
60 1.4875 0.598865 11.9281
61 1.5125 0.585744 12.2834
62 1.5375 0.586714 12.6512
63 1.5625 0.57674 13.0245
64 1.5875 0.585955 13.4161
65 1.6125 0.60107 13.8305
66 1.6375 0.62456 14.2745
67 1.6625 0.660772 14.7588
68 1.6875 0.673654 15.2675
69 1.7125 0.728782 15.8341
70 1.7375 0.763554 16.4454
71 1.7625 0.828793 17.128
72 1.7875 0.888338 17.8806
73 1.8125 0.937475 18.6972
74 1.8375 1.00357 19.5956
75 1.8625 1.05362 20.5648
76 1.8875 1.09391 21.5981
77 1.9125 1.12973 22.6937
78 1.9375 1.18029 23.8685
79 1.9625 1.20588 25.1
80 1.9875 1.22739 26.3856
81 2.0125 1.25812 27.7366
82 2.0375 1.29131 29.1581
83 2.0625 1.27597 30.5972
84 2.0875 1.26303 32.0566
85 2.1125 1.27063 33.5601
86 2.1375 1.24933 35.0736
87 2.1625 1.22529 36.5929
88 2.1875 1.18259 38.0934
89 2.2125 1.14854 39.5841
90 2.2375 1.11266 41.0611
91 2.2625 1.06791 42.5105
92 2.2875 1.02585 43.9338
93 2.3125 0.977341 45.3197
94 2.3375 0.944158 46.6875
95 2.3625 0.911476 48.0364
96 2.3875 0.890338 49.382
97 2.4125 0.867283 50.7204
98 2.4375 0.849044 52.058
99 2.4625 0.838299 53.4059
100 2.4875 0.820588 54.7521
