# Time-averaged data for fix 1
# TimeStep Number-of-rows
# Row c_RDF[1] c_RDF[2] c_RDF[3]
21000 50
1 0.025 0 0
2 0.075 0 0
3 0.125 0 0
4 0.175 0 0
5 0.225 0 0
6 0.275 0 0
7 0.325 0 0
8 0.375 0 0
9 0.425 0 0
10 0.475 0 0
11 0.525 0 0
12 0.575 0 0
13 0.625 0 0
14 0.675 0 0
15 0.725 0 0
16 0.775 0 0
17 0.825 0 0
18 0.875 0.00871531 0.00351563
19 0.925 0.298521 0.138086
20 0.975 1.34601 0.812207
21 1.025 2.27211 2.06982
22 1.075 2.48677 3.58379
23 1.125 2.14031 5.01084
24 1.175 1.71313 6.25684
25 1.225 1.39172 7.35703
26 1.275 1.14183 8.33486
27 1.325 0.95772 9.22061
28 1.375 0.830412 10.0477
29 1.425 0.748243 10.848
30 1.475 0.684745 11.6328
31 1.525 0.68626 12.4735
32 1.575 0.68658 13.3707
33 1.625 0.709782 14.358
34 1.675 0.757445 15.4774
35 1.725 0.815915 16.7563
36 1.775 0.893873 18.2398
37 1.825 0.979102 19.9576
38 1.875 1.05008 21.9022
39 1.925 1.11376 24.0763
40 1.975 1.18133 26.5035
41 2.025 1.2074 29.1115
42 2.075 1.21519 31.8676
43 2.125 1.16049 34.6279
44 2.175 1.12288 37.426
45 2.225 1.0641 40.2009
46 2.275 1.01315 42.963
47 2.325 0.971522 45.7293
48 2.375 0.93164 48.4974
49 2.425 0.905473 51.3021
50 2.475 0.895529 54.1917
22000 50
1 0.025 0 0
2 0.075 0 0
3 0.125 0 0
4 0.175 0 0
5 0.225 0 0
6 0.275 0 0
7 0.325 0 0
8 0.375 0 0
9 0.425 0 0
10 0.475 0 0
11 0.525 0 0
12 0.575 0 0
13 0.625 0 0
14 0.675 0 0
15 0.725 0 0
16 0.775 0 0
17 0.825 0 0
18 0.875 0.0116204 0.0046875
19 0.925 0.294188 0.137305
20 0.975 1.34542 0.811133
21 1.025 2.27776 2.07187
22 1.075 2.46656 3.57354
23 1.125 2.15071 5.00752
24 1.175 1.75838 6.28643
25 1.225 1.38777 7.3835
26 1.275 1.12769 8.34922
27 1.325 0.938714 9.21738
28 1.375 0.817175 10.0312
29 1.425 0.765041 10.8496
30 1.475 0.697442 11.6489
31 1.525 0.672549 12.4729
32 1.575 0.687775 13.3716
33 1.625 0.705921 14.3535
34 1.675 0.758701 15.4748
35 1.725 0.815105 16.7524
36 1.775 0.883517 18.2188
37 1.825 0.9727 19.9253
38 1.875 1.04776 21.8656
39 1.925 1.12902 24.0694
40 1.975 1.17192 26.4773
41 2.025 1.20288 29.0756
42 2.075 1.21097 31.8221
43 2.125 1.18796 34.6478
44 2.175 1.12785 37.4582
45 2.225 1.06747 40.2419
46 2.275 1.01767 43.0163
47 2.325 0.966446 45.7682
48 2.375 0.927301 48.5233
49 2.425 0.907932 51.3357
50 2.475 0.890112 54.2078
23000 50
1 0.025 0 0
2 0.075 0 0
3 0.125 0 0
4 0.175 0 0
5 0.225 0 0
6 0.275 0 0
7 0.325 0 0
8 0.375 0 0
9 0.425 0 0
10 0.475 0 0
11 0.525 0 0
12 0.575 0 0
13 0.625 0 0
14 0.675 0 0
15 0.725 0 0
16 0.775 0 0
17 0.825 0 0
18 0.875 0.00629439 0.00253906
19 0.925 0.290289 0.133398
20 0.975 1.3501 0.80957
21 1.025 2.29293 2.07871
22 1.075 2.48597 3.59219
23 1.125 2.12699 5.01035
24 1.175 1.71635 6.25869
25 1.225 1.40296 7.36777
26 1.275 1.14297 8.34658
27 1.325 0.945049 9.22061
28 1.375 0.813939 10.0312
29 1.425 0.751986 10.8356
30 1.475 0.711672 11.6513
31 1.525 0.681717 12.4864
32 1.575 0.677238 13.3714
33 1.625 0.721928 14.3756
34 1.675 0.750111 15.4842
35 1.725 0.812862 16.7583
36 1.775 0.888224 18.2324
37 1.825 0.960399 19.9174
38 1.875 1.05456 21.8703
39 1.925 1.12827 24.0727
40 1.975 1.17192 26.4806
41 2.025 1.20998 29.0941
42 2.075 1.20451 31.826
43 2.125 1.18176 34.6369
44 2.175 1.12499 37.4402
45 2.225 1.06983 40.2301
46 2.275 1.02368 43.0209
47 2.325 0.964971 45.7686
48 2.375 0.932264 48.5385
49 2.425 0.901248 51.3302
50 2.475 0.893956 54.2146
24000 50
1 0.025 0 0
2 0.075 0 0
3 0.125 0 0
4 0.175 0 0
5 0.225 0 0
6 0.275 0 0
7 0.325 0 0
8 0.375 0 0
9 0.425 0 0
10 0.475 0 0
11 0.525 0 0
12 0.575 0 0
13 0.625 0 0
14 0.675 0 0
15 0.725 0 0
16 0.775 0 0
17 0.825 0 0
18 0.875 0.00774695 0.003125
19 0.925 0.28314 0.130762
20 0.975 1.34659 0.805176
21 1.025 2.3358 2.09805
22 1.075 2.45565 3.59307
23 1.125 2.13592 5.01719
24 1.175 1.73824 6.28145
25 1.225 1.40061 7.38867
26 1.275 1.11481 8.34336
27 1.325 0.949801 9.22178
28 1.375 0.826784 10.0452
29 1.425 0.741304 10.8382
30 1.475 0.693437 11.6329
31 1.525 0.689369 12.4774
32 1.575 0.681274 13.3677
33 1.625 0.703253 14.3459
34 1.675 0.746873 15.4497
35 1.725 0.838219 16.7636
36 1.775 0.899051 18.2557
37 1.825 0.960065 19.94
38 1.875 1.04539 21.876
39 1.925 1.13488 24.0912
40 1.975 1.18347 26.5229
41 2.025 1.21165 29.14
42 2.075 1.19599 31.8525
43 2.125 1.17194 34.6401
44 2.175 1.12107 37.4337
45 2.225 1.06422 40.2089
46 2.275 1.01824 42.9849
47 2.325 0.972723 45.7546
48 2.375 0.933809 48.5291
49 2.425 0.898663 51.3128
50 2.475 0.88984 54.184
25000 50
1 0.025 0 0
2 0.075 0 0
3 0.125 0 0
4 0.175 0 0
5 0.225 0 0
6 0.275 0 0
7 0.325 0 0
8 0.375 0 0
9 0.425 0 0
10 0.475 0 0
11 0.525 0 0
12 0.575 0 0
13 0.625 0 0
14 0.675 0 0
15 0.725 0 0
16 0.775 0 0
17 0.825 0 0
18 0.875 0.00726276 0.00292969
19 0.925 0.298738 0.137598
20 0.975 1.36239 0.819922
21 1.025 2.29116 2.08809
22 1.075 2.50249 3.61162
23 1.125 2.13504 5.03516
24 1.175 1.70534 6.27549
25 1.225 1.38196 7.36797
26 1.275 1.12667 8.33281
27 1.325 0.949484 9.21094
28 1.375 0.826098 10.0337
29 1.425 0.741852 10.8272
30 1.475 0.690454 11.6186
31 1.525 0.688413 12.4619
32 1.575 0.68374 13.3554
33 1.625 0.717013 14.3527
34 1.675 0.759361 15.475
35 1.725 0.822083 16.7636
36 1.775 0.894402 18.2479
37 1.825 0.969305 19.9485
38 1.875 1.05583 21.9038
39 1.925 1.11787 24.0858
40 1.975 1.17658 26.5033
41 2.025 1.21002 29.117
42 2.075 1.20787 31.8564
43 2.125 1.1639 34.6249
44 2.175 1.12876 37.4376
45 2.225 1.07403 40.2384
46 2.275 1.00703 42.9838
47 2.325 0.967647 45.7391
48 2.375 0.928353 48.4974
49 2.425 0.904464 51.299
50 2.475 0.894137 54.1841
26000 50
1 0.025 0 0
2 0.075 0 0
3 0.125 0 0
4 0.175 0 0
5 0.225 0 0
6 0.275 0 0
7 0.325 0 0
8 0.375 0 0
9 0.425 0 0
10 0.475 0 0
11 0.525 0 0
12 0.575 0 0
13 0.625 0 0
14 0.675 0 0
15 0.725 0 0
16 0.775 0 0
17 0.825 0 0
18 0.875 0.00750485 0.00302734
19 0.925 0.297005 0.136914
20 0.975 1.33568 0.805859
21 1.025 2.30599 2.08223
22 1.075 2.44907 3.57324
23 1.125 2.16141 5.01436
24 1.175 1.73595 6.27695
25 1.225 1.40222 7.38545
26 1.275 1.1334 8.35605
27 1.325 0.945789 9.23076
28 1.375 0.819626 10.0471
29 1.425 0.734366 10.8326
30 1.475 0.706303 11.6421
31 1.525 0.674861 12.4688
32 1.575 0.677088 13.3536
33 1.625 0.715188 14.3484
34 1.675 0.753414 15.4619
35 1.725 0.81984 16.747
36 1.775 0.891225 18.2261
37 1.825 0.972032 19.9314
38 1.875 1.05388 21.8831
39 1.925 1.11987 24.069
40 1.975 1.18052 26.4946
41 2.025 1.21314 29.115
42 2.075 1.20245 31.8422
43 2.125 1.16501 34.6133
44 2.175 1.13068 37.4308
45 2.225 1.0847 40.2594
46 2.275 1.00269 42.993
47 2.325 0.96504 45.7408
48 2.375 0.930029 48.5041
49 2.425 0.908468 51.3182
50 2.475 0.90013 54.2226
27000 50
1 0.025 0 0
2 0.075 0 0
3 0.125 0 0
4 0.175 0 0
5 0.225 0 0
6 0.275 0 0
7 0.325 0 0
8 0.375 0 0
9 0.425 0 0
10 0.475 0 0
11 0.525 0 0
12 0.575 0 0
13 0.625 0 0
14 0.675 0 0
15 0.725 0 0
16 0.775 0 0
17 0.825 0 0
18 0.875 0.00677858 0.00273438
19 0.925 0.294622 0.135547
20 0.975 1.36551 0.819434
21 1.025 2.29275 2.08848
22 1.075 2.45597 3.58369
23 1.125 2.139 5.00986
24 1.175 1.72011 6.26094
25 1.225 1.4037 7.37061
26 1.275 1.13659 8.34395
27 1.325 0.948112 9.2208
28 1.375 0.837962 10.0554
29 1.425 0.733544 10.84
30 1.475 0.701446 11.6439
31 1.525 0.692956 12.4929
32 1.575 0.674996 13.3749
33 1.625 0.705359 14.3561
34 1.675 0.754406 15.471
35 1.725 0.806819 16.7356
36 1.775 0.892049 18.2161
37 1.825 0.973146 19.9234
38 1.875 1.05504 21.8772
39 1.925 1.12502 24.0732
40 1.975 1.1895 26.5173
41 2.025 1.21156 29.1343
42 2.075 1.20998 31.8785
43 2.125 1.15897 34.6353
44 2.175 1.12977 37.4505
45 2.225 1.05572 40.2035
46 2.275 1.01734 42.9771
47 2.325 0.973717 45.7496
48 2.375 0.933447 48.523
49 2.425 0.908499 51.3372
50 2.475 0.901643 54.2465
28000 50
1 0.025 0 0
2 0.075 0 0
3 0.125 0 0
4 0.175 0 0
5 0.225 0 0
6 0.275 0 0
7 0.325 0 0
8 0.375 0 0
9 0.425 0 0
10 0.475 0 0
11 0.525 0 0
12 0.575 0 0
13 0.625 0 0
14 0.675 0 0
15 0.725 0 0
16 0.775 0 0
17 0.825 0 0
18 0.875 0.00968368 0.00390625
19 0.925 0.286173 0.13291
20 0.975 1.34055 0.804297
21 1.025 2.33633 2.09746
22 1.075 2.44506 3.58604
23 1.125 2.16067 5.02666
24 1.175 1.71877 6.27676
25 1.225 1.37628 7.36475
26 1.275 1.13283 8.33486
27 1.325 0.958354 9.22119
28 1.375 0.81845 10.0363
29 1.425 0.732266 10.8196
30 1.475 0.718233 11.6428
31 1.525 0.684746 12.4816
32 1.575 0.688074 13.3808
33 1.625 0.697917 14.3516
34 1.675 0.756388 15.4694
35 1.725 0.809622 16.7385
36 1.775 0.89758 18.2281
37 1.825 0.979547 19.9467
38 1.875 1.04966 21.8905
39 1.925 1.11997 24.0767
40 1.975 1.1848 26.511
41 2.025 1.21662 29.139
42 2.075 1.20292 31.8672
43 2.125 1.16525 34.6389
44 2.175 1.1159 37.4195
45 2.225 1.07227 40.2157
46 2.275 1.00853 42.9652
47 2.325 0.96991 45.727
48 2.375 0.932166 48.4966
49 2.425 0.901816 51.29
50 2.475 0.898586 54.1895
29000 50
1 0.025 0 0
2 0.075 0 0
3 0.125 0 0
4 0.175 0 0
5 0.225 0 0
6 0.275 0 0
7 0.325 0 0
8 0.375 0 0
9 0.425 0 0
10 0.475 0 0
11 0.525 0 0
12 0.575 0 0
13 0.625 0 0
14 0.675 0 0
15 0.725 0 0
16 0.775 0 0
17 0.825 0 0
18 0.875 0.0113783 0.00458984
19 0.925 0.290506 0.135547
20 0.975 1.3269 0.800098
21 1.025 2.28799 2.0665
22 1.075 2.48083 3.57686
23 1.125 2.16111 5.01777
24 1.175 1.72938 6.27559
25 1.225 1.38962 7.37412
26 1.275 1.15324 8.36172
27 1.325 0.942198 9.23311
28 1.375 0.810507 10.0403
29 1.425 0.742582 10.8347
30 1.475 0.707582 11.6456
31 1.525 0.674861 12.4724
32 1.575 0.687177 13.3703
33 1.625 0.702129 14.347
34 1.675 0.745155 15.4482
35 1.725 0.828625 16.7471
36 1.775 0.88793 18.2207
37 1.825 0.971754 19.9256
38 1.875 1.05688 21.8828
39 1.925 1.11186 24.0531
40 1.975 1.18979 26.4978
41 2.025 1.21595 29.1242
42 2.075 1.21007 31.8687
43 2.125 1.17457 34.6625
44 2.175 1.11853 37.4497
45 2.225 1.06485 40.2266
46 2.275 1.01444 42.9922
47 2.325 0.969533 45.7528
48 2.375 0.934368 48.529
49 2.425 0.902604 51.3249
50 2.475 0.891595 54.2018
30000 50
1 0.025 0 0
2 0.075 0 0
3 0.125 0 0
4 0.175 0 0
5 0.225 0 0
6 0.275 0 0
7 0.325 0 0
8 0.375 0 0
9 0.425 0 0
10 0.475 0 0
11 0.525 0 0
12 0.575 0 0
13 0.625 0 0
14 0.675 0 0
15 0.725 0 0
16 0.775 0 0
17 0.825 0 0
18 0.875 0.00750485 0.00302734
19 0.925 0.289422 0.133496
20 0.975 1.35478 0.812012
21 1.025 2.29981 2.08496
22 1.075 2.45485 3.57949
23 1.125 2.15892 5.01895
24 1.175 1.73891 6.28369
25 1.225 1.39506 7.38652
26 1.275 1.1237 8.34883
27 1.325 0.943149 9.22109
28 1.375 0.819626 10.0374
29 1.425 0.742856 10.832
30 1.475 0.703491 11.6383
31 1.525 0.674064 12.4641
32 1.575 0.684711 13.3588
33 1.625 0.714977 14.3533
34 1.675 0.755199 15.4694
35 1.725 0.813485 16.7445
36 1.775 0.893873 18.228
37 1.825 0.973368 19.9357
38 1.875 1.05446 21.8885
39 1.925 1.12147 24.0775
40 1.975 1.18713 26.5167
41 2.025 1.2003 29.1094
42 2.075 1.21054 31.8549
43 2.125 1.18812 34.681
44 2.175 1.12107 37.4745
45 2.225 1.06407 40.2493
46 2.275 1.02243 43.0367
47 2.325 0.953894 45.7528
48 2.375 0.93187 48.5216
49 2.425 0.90727 51.3319
50 2.475 0.884271 54.1852
31000 50
1 0.025 0 0
2 0.075 0 0
3 0.125 0 0
4 0.175 0 0
5 0.225 0 0
6 0.275 0 0
7 0.325 0 0
8 0.375 0 0
9 0.425 0 0
10 0.475 0 0
11 0.525 0 0
12 0.575 0 0
13 0.625 0 0
14 0.675 0 0
15 0.725 0 0
16 0.775 0 0
17 0.825 0 0
18 0.875 0.00798904 0.00322266
19 0.925 0.290506 0.13418
20 0.975 1.331 0.800781
21 1.025 2.3044 2.07627
22 1.075 2.45389 3.57021
23 1.125 2.15848 5.00938
24 1.175 1.72709 6.26553
25 1.225 1.39135 7.36543
26 1.275 1.13191 8.33477
27 1.325 0.946211 9.20986
28 1.375 0.84414 10.0506
29 1.425 0.752716 10.8558
30 1.475 0.699401 11.6573
31 1.525 0.681796 12.4926
32 1.575 0.679106 13.38
33 1.625 0.706833 14.3632
34 1.675 0.748326 15.4691
35 1.725 0.818718 16.7524
36 1.775 0.879398 18.2119
37 1.825 0.972812 19.9187
38 1.875 1.05868 21.8792
39 1.925 1.13077 24.0864
40 1.975 1.1799 26.5107
41 2.025 1.2036 29.1105
42 2.075 1.20525 31.844
43 2.125 1.17199 34.6317
44 2.175 1.12864 37.4441
45 2.225 1.07043 40.2355
46 2.275 1.00681 42.9804
47 2.325 0.965692 45.7301
48 2.375 0.929438 48.4916
49 2.425 0.911621 51.3154
50 2.475 0.895076 54.2035
32000 50
1 0.025 0 0
2 0.075 0 0
3 0.125 0 0
4 0.175 0 0
5 0.225 0 0
6 0.275 0 0
7 0.325 0 0
8 0.375 0 0
9 0.425 0 0
10 0.475 0 0
11 0.525 0 0
12 0.575 0 0
13 0.625 0 0
14 0.675 0 0
15 0.725 0 0
16 0.775 0 0
17 0.825 0 0
18 0.875 0.010652 0.00429688
19 0.925 0.286389 0.133398
20 0.975 1.32281 0.795898
21 1.025 2.3381 2.09004
22 1.075 2.44843 3.58066
23 1.125 2.13988 5.00742
24 1.175 1.73179 6.26699
25 1.225 1.39765 7.37188
26 1.275 1.13476 8.34365
27 1.325 0.940509 9.21348
28 1.375 0.843159 10.0532
29 1.425 0.741122 10.846
30 1.475 0.697186 11.645
31 1.525 0.683789 12.4827
32 1.575 0.675145 13.3649
33 1.625 0.711678 14.3549
34 1.675 0.771321 15.4948
35 1.725 0.815416 16.7729
36 1.775 0.893049 18.2551
37 1.825 0.962625 19.9439
38 1.875 1.05024 21.8889
39 1.925 1.12832 24.0913
40 1.975 1.17815 26.512
41 2.025 1.20035 29.1048
42 2.075 1.20314 31.8335
43 2.125 1.16706 34.6095
44 2.175 1.12166 37.4045
45 2.225 1.06474 40.1811
46 2.275 1.02351 42.9714
47 2.325 0.969533 45.732
48 2.375 0.931147 48.4986
49 2.425 0.908342 51.3123
50 2.475 0.897013 54.2066
33000 50
1 0.025 0 0
2 0.075 0 0
3 0.125 0 0
4 0.175 0 0
5 0.225 0 0
6 0.275 0 0
7 0.325 0 0
8 0.375 0 0
9 0.425 0 0
10 0.475 0 0
11 0.525 0 0
12 0.575 0 0
13 0.625 0 0
14 0.675 0 0
15 0.725 0 0
16 0.775 0 0
17 0.825 0 0
18 0.875 0.00677858 0.00273437
19 0.925 0.282057 0.129883
20 0.975 1.33841 0.800195
21 1.025 2.31392 2.08096
22 1.075 2.47779 3.58945
23 1.125 2.13153 5.01064
24 1.175 1.74267 6.27813
25 1.225 1.39333 7.37959
26 1.275 1.11846 8.3374
27 1.325 0.952546 9.21836
28 1.375 0.838158 10.0531
29 1.425 0.741213 10.846
30 1.475 0.694715 11.6422
31 1.525 0.669759 12.4627
32 1.575 0.680676 13.3521
33 1.625 0.712801 14.3437
34 1.675 0.766762 15.4769
35 1.725 0.808314 16.7438
36 1.775 0.889695 18.2204
37 1.825 0.976318 19.9333
38 1.875 1.05478 21.8866
39 1.925 1.13468 24.1015
40 1.975 1.17796 26.5218
41 2.025 1.20758 29.1302
42 2.075 1.19616 31.8431
43 2.125 1.17006 34.6262
44 2.175 1.1226 37.4235
45 2.225 1.07717 40.2325
46 2.275 1.02189 43.0185
47 2.325 0.95554 45.7393
48 2.375 0.9368 48.5227
49 2.425 0.898821 51.3068
50 2.475 0.889537 54.1771
34000 50
1 0.025 0 0
2 0.075 0 0
3 0.125 0 0
4 0.175 0 0
5 0.225 0 0
6 0.275 0 0
7 0.325 0 0
8 0.375 0 0
9 0.425 0 0
10 0.475 0 0
11 0.525 0 0
12 0.575 0 0
13 0.625 0 0
14 0.675 0 0
15 0.725 0 0
16 0.775 0 0
17 0.825 0 0
18 0.875 0.0101679 0.00410156
19 0.925 0.299604 0.13916
20 0.975 1.33373 0.807129
21 1.025 2.33122 2.09746
22 1.075 2.42036 3.571
23 1.125 2.14207 4.99922
24 1.175 1.75207 6.27354
25 1.225 1.39172 7.37373
26 1.275 1.13157 8.34277
27 1.325 0.936708 9.20908
28 1.375 0.836099 10.0418
29 1.425 0.74523 10.839
30 1.475 0.716017 11.6596
31 1.525 0.680441 12.4932
32 1.575 0.680526 13.3824
33 1.625 0.70227 14.3593
34 1.675 0.762864 15.4867
35 1.725 0.809311 16.7553
36 1.775 0.891284 18.2345
37 1.825 0.972422 19.9405
38 1.875 1.05056 21.886
39 1.925 1.12032 24.0729
40 1.975 1.17016 26.4771
41 2.025 1.21784 29.1077
42 2.075 1.21399 31.861
43 2.125 1.17363 34.6526
44 2.175 1.1322 37.4739
45 2.225 1.05587 40.2273
46 2.275 1.01691 42.9997
47 2.325 0.960787 45.7354
48 2.375 0.92855 48.4943
49 2.425 0.91449 51.3271
50 2.475 0.894954 54.2147
35000 50
1 0.025 0 0
2 0.075 0 0
3 0.125 0 0
4 0.175 0 0
5 0.225 0 0
6 0.275 0 0
7 0.325 0 0
8 0.375 0 0
9 0.425 0 0
10 0.475 0 0
11 0.525 0 0
12 0.575 0 0
13 0.625 0 0
14 0.675 0 0
15 0.725 0 0
16 0.775 0 0
17 0.825 0 0
18 0.875 0.00944159 0.00380859
19 0.925 0.294838 0.136719
20 0.975 1.3503 0.812988
21 1.025 2.29469 2.08311
22 1.075 2.47538 3.59014
23 1.125 2.13621 5.01445
24 1.175 1.71622 6.2627
25 1.225 1.39098 7.3623
26 1.275 1.14389 8.34189
27 1.325 0.948956 9.21953
28 1.375 0.823744 10.0399
29 1.425 0.732175 10.8231
30 1.475 0.70903 11.6357
31 1.525 0.681557 12.4707
32 1.575 0.683516 13.3639
33 1.625 0.717926 14.3625
34 1.675 0.751961 15.4738
35 1.725 0.819528 16.7584
36 1.775 0.904759 18.26
37 1.825 0.967245 19.9569
38 1.875 1.05256 21.9062
39 1.925 1.11131 24.0754
40 1.975 1.18195 26.5039
41 2.025 1.20401 29.1046
42 2.075 1.19896 31.8238
43 2.125 1.17572 34.6204
44 2.175 1.12237 37.4172
45 2.225 1.08174 40.2381
46 2.275 1.0138 43.002
47 2.325 0.967578 45.757
48 2.375 0.939692 48.549
49 2.425 0.901217 51.3406
50 2.475 0.89099 54.2155
36000 50
1 0.025 0 0
2 0.075 0 0
3 0.125 0 0
4 0.175 0 0
5 0.225 0 0
6 0.275 0 0
7 0.325 0 0
8 0.375 0 0
9 0.425 0 0
10 0.475 0 0
11 0.525 0 0
12 0.575 0 0
13 0.625 0 0
14 0.675 0 0
15 0.725 0 0
16 0.775 0 0
17 0.825 0 0
18 0.875 0.00726276 0.00292969
19 0.925 0.281407 0.129785
20 0.975 1.3657 0.81377
21 1.025 2.28305 2.07744
22 1.075 2.46993 3.58115
23 1.125 2.14661 5.0124
24 1.175 1.7569 6.29023
25 1.225 1.38505 7.38516
26 1.275 1.12325 8.34707
27 1.325 0.933751 9.21064
28 1.375 0.836099 10.0434
29 1.425 0.750251 10.8459
30 1.475 0.696504 11.6441
31 1.525 0.690007 12.4895
32 1.575 0.684039 13.3833
33 1.625 0.708308 14.3686
34 1.675 0.753679 15.4824
35 1.725 0.802146 16.7397
36 1.775 0.882575 18.2045
37 1.825 0.96847 19.9036
38 1.875 1.06089 21.8683
39 1.925 1.12247 24.0593
40 1.975 1.18247 26.4889
41 2.025 1.21106 29.1048
42 2.075 1.20456 31.8367
43 2.125 1.18742 34.6611
44 2.175 1.12393 37.4618
45 2.225 1.06658 40.2432
46 2.275 1.0201 43.0242
47 2.325 0.965314 45.7729
48 2.375 0.925921 48.5239
49 2.425 0.905851 51.3299
50 2.475 0.899192 54.2313
37000 50
1 0.025 0 0
2 0.075 0 0
3 0.125 0 0
4 0.175 0 0
5 0.225 0 0
6 0.275 0 0
7 0.325 0 0
8 0.375 0 0
9 0.425 0 0
10 0.475 0 0
11 0.525 0 0
12 0.575 0 0
13 0.625 0 0
14 0.675 0 0
15 0.725 0 0
16 0.775 0 0
17 0.825 0 0
18 0.875 0.00847322 0.00341797
19 0.925 0.292022 0.135059
20 0.975 1.32086 0.796582
21 1.025 2.28305 2.06025
22 1.075 2.49816 3.58115
23 1.125 2.14778 5.01318
24 1.175 1.75207 6.2875
25 1.225 1.38925 7.38574
26 1.275 1.12701 8.35088
27 1.325 0.954975 9.23408
28 1.375 0.823744 10.0545
29 1.425 0.737835 10.8438
30 1.475 0.704514 11.6512
31 1.525 0.683709 12.4888
32 1.575 0.67096 13.3655
33 1.625 0.708799 14.3515
34 1.675 0.753414 15.4649
35 1.725 0.814046 16.7409
36 1.775 0.878044 18.1981
37 1.825 0.980493 19.9184
38 1.875 1.06374 21.8883
39 1.925 1.12982 24.0937
40 1.975 1.1752 26.5083
41 2.025 1.20871 29.1191
42 2.075 1.20572 31.8537
43 2.125 1.1726 34.6429
44 2.175 1.12676 37.4506
45 2.225 1.06474 40.2271
46 2.275 1.01412 42.9919
47 2.325 0.976975 45.7737
48 2.375 0.93588 48.5544
49 2.425 0.905315 51.3587
50 2.475 0.888992 54.2271
38000 50
1 0.025 0 0
2 0.075 0 0
3 0.125 0 0
4 0.175 0 0
5 0.225 0 0
6 0.275 0 0
7 0.325 0 0
8 0.375 0 0
9 0.425 0 0
10 0.475 0 0
11 0.525 0 0
12 0.575 0 0
13 0.625 0 0
14 0.675 0 0
15 0.725 0 0
16 0.775 0 0
17 0.825 0 0
18 0.875 0.00798904 0.00322266
19 0.925 0.293538 0.135547
20 0.975 1.34874 0.811035
21 1.025 2.28887 2.07793
22 1.075 2.47361 3.58389
23 1.125 2.12787 5.00264
24 1.175 1.7326 6.26279
25 1.225 1.39382 7.36465
26 1.275 1.14902 8.34863
27 1.325 0.952019 9.2291
28 1.375 0.828157 10.0539
29 1.425 0.749886 10.8561
30 1.475 0.696334 11.6541
31 1.525 0.680999 12.4884
32 1.575 0.687103 13.3862
33 1.625 0.69883 14.3583
34 1.675 0.747269 15.4627
35 1.725 0.805635 16.7255
36 1.775 0.896285 18.213
37 1.825 0.972812 19.9197
38 1.875 1.05836 21.8797
39 1.925 1.10551 24.0376
40 1.975 1.19526 26.4935
41 2.025 1.20889 29.1047
42 2.075 1.21179 31.853
43 2.125 1.16287 34.619
44 2.175 1.12484 37.422
45 2.225 1.06661 40.2034
46 2.275 1.03207 43.0171
47 2.325 0.968195 45.7739
48 2.375 0.928583 48.5329
49 2.425 0.909603 51.3505
50 2.475 0.894622 54.2371
39000 50
1 0.025 0 0
2 0.075 0 0
3 0.125 0 0
4 0.175 0 0
5 0.225 0 0
6 0.275 0 0
7 0.325 0 0
8 0.375 0 0
9 0.425 0 0
10 0.475 0 0
11 0.525 0 0
12 0.575 0 0
13 0.625 0 0
14 0.675 0 0
15 0.725 0 0
16 0.775 0 0
17 0.825 0 0
18 0.875 0.00847322 0.00341797
19 0.925 0.293322 0.135645
20 0.975 1.35283 0.813184
21 1.025 2.31992 2.09727
22 1.075 2.44795 3.5876
23 1.125 2.11747 4.99941
24 1.175 1.73663 6.2625
25 1.225 1.39135 7.3624
26 1.275 1.13944 8.33818
27 1.325 0.966801 9.23232
28 1.375 0.816587 10.0456
29 1.425 0.747786 10.8455
30 1.475 0.695908 11.6431
31 1.525 0.679644 12.4757
32 1.575 0.675145 13.3579
33 1.625 0.71582 14.3536
34 1.675 0.743569 15.4525
35 1.725 0.825198 16.746
36 1.775 0.896344 18.2336
37 1.825 0.969305 19.9342
38 1.875 1.05098 21.8805
39 1.925 1.12772 24.0817
40 1.975 1.18912 26.525
41 2.025 1.20279 29.123
42 2.075 1.20624 31.8588
43 2.125 1.17461 34.6527
44 2.175 1.12362 37.4526
45 2.225 1.06946 40.2415
46 2.275 1.02118 43.0255
47 2.325 0.966824 45.7784
48 2.375 0.921549 48.5165
49 2.425 0.898789 51.3006
50 2.475 0.894016 54.1853
40000 50
1 0.025 0 0
2 0.075 0 0
3 0.125 0 0
4 0.175 0 0
5 0.225 0 0
6 0.275 0 0
7 0.325 0 0
8 0.375 0 0
9 0.425 0 0
10 0.475 0 0
11 0.525 0 0
12 0.575 0 0
13 0.625 0 0
14 0.675 0 0
15 0.725 0 0
16 0.775 0 0
17 0.825 0 0
18 0.875 0.00847322 0.00341797
19 0.925 0.290506 0.134375
20 0.975 1.34874 0.809863
21 1.025 2.28552 2.0749
22 1.075 2.44282 3.56211
23 1.125 2.17927 5.01514
24 1.175 1.76912 6.30186
25 1.225 1.36183 7.37842
26 1.275 1.11732 8.33525
27 1.325 0.939136 9.20381
28 1.375 0.832961 10.0334
29 1.425 0.741761 10.8269
30 1.475 0.707582 11.6378
31 1.525 0.679166 12.4698
32 1.575 0.68785 13.3687
33 1.625 0.716873 14.3658
34 1.675 0.747203 15.4701
35 1.725 0.800713 16.7252
36 1.775 0.887047 18.1974
37 1.825 0.977487 19.9123
38 1.875 1.07439 21.902
39 1.925 1.12452 24.097
40 1.975 1.17059 26.5021
41 2.025 1.21436 29.1252
42 2.075 1.20318 31.854
43 2.125 1.16698 34.6298
44 2.175 1.12966 37.4447
45 2.225 1.06519 40.2225
46 2.275 1.01391 42.9866
47 2.325 0.970185 45.7491
48 2.375 0.925099 48.4978
49 2.425 0.908184 51.3109
50 2.475 0.891807 54.1885
41000 50
1 0.025 0 0
2 0.075 0 0
3 0.125 0 0
4 0.175 0 0
5 0.225 0 0
6 0.275 0 0
7 0.325 0 0
8 0.375 0 0
9 0.425 0 0
10 0.475 0 0
11 0.525 0 0
12 0.575 0 0
13 0.625 0 0
14 0.675 0 0
15 0.725 0 0
16 0.775 0 0
17 0.825 0 0
18 0.875 0.00871531 0.00351563
19 0.925 0.278374 0.129004
20 0.975 1.32768 0.793945
21 1.025 2.34374 2.09121
22 1.075 2.43945 3.57637
23 1.125 2.15848 5.01553
24 1.175 1.72924 6.27324
25 1.225 1.39889 7.3791
26 1.275 1.11196 8.33135
27 1.325 0.948428 9.2085
28 1.375 0.840512 10.0456
29 1.425 0.749429 10.8473
30 1.475 0.694544 11.6433
31 1.525 0.68913 12.4875
32 1.575 0.670512 13.3637
33 1.625 0.720664 14.3661
34 1.675 0.750177 15.4748
35 1.725 0.812613 16.7485
36 1.775 0.888636 18.2233
37 1.825 0.982497 19.9471
38 1.875 1.04212 21.877
39 1.925 1.12672 24.0763
40 1.975 1.17876 26.4982
41 2.025 1.20962 29.111
42 2.075 1.20581 31.8458
43 2.125 1.16373 34.6139
44 2.175 1.12115 37.4076
45 2.225 1.07762 40.2178
46 2.275 1.0143 42.983
47 2.325 0.974677 45.7583
48 2.375 0.935617 48.5382
49 2.425 0.914805 51.3719
50 2.475 0.89441 54.2578
42000 50
1 0.025 0 0
2 0.075 0 0
3 0.125 0 0
4 0.175 0 0
5 0.225 0 0
6 0.275 0 0
7 0.325 0 0
8 0.375 0 0
9 0.425 0 0
10 0.475 0 0
11 0.525 0 0
12 0.575 0 0
13 0.625 0 0
14 0.675 0 0
15 0.725 0 0
16 0.775 0 0
17 0.825 0 0
18 0.875 0.00750485 0.00302734
19 0.925 0.296355 0.136621
20 0.975 1.32866 0.802051
21 1.025 2.30193 2.07617
22 1.075 2.45533 3.571
23 1.125 2.17019 5.01797
24 1.175 1.7189 6.26816
25 1.225 1.39901 7.37412
26 1.275 1.1326 8.34404
27 1.325 0.949273 9.22197
28 1.375 0.824333 10.043
29 1.425 0.75016 10.8454
30 1.475 0.704173 11.6524
31 1.525 0.680122 12.4856
32 1.575 0.687177 13.3836
33 1.625 0.707184 14.3673
34 1.675 0.748326 15.4732
35 1.725 0.82308 16.7634
36 1.775 0.897874 18.2535
37 1.825 0.972032 19.9589
38 1.875 1.04038 21.8855
39 1.925 1.12022 24.0722
40 1.975 1.18038 26.4975
41 2.025 1.20568 29.1018
42 2.075 1.20111 31.8259
43 2.125 1.17157 34.6126
44 2.175 1.13162 37.4324
45 2.225 1.07425 40.2338
46 2.275 1.00731 42.98
47 2.325 0.973683 45.7524
48 2.375 0.938509 48.5409
49 2.425 0.901847 51.3345
50 2.475 0.895045 54.2225
43000 50
1 0.025 0 0
2 0.075 0 0
3 0.125 0 0
4 0.175 0 0
5 0.225 0 0
6 0.275 0 0
7 0.325 0 0
8 0.375 0 0
9 0.425 0 0
10 0.475 0 0
11 0.525 0 0
12 0.575 0 0
13 0.625 0 0
14 0.675 0 0
15 0.725 0 0
16 0.775 0 0
17 0.825 0.000272317 9.76563e-05
18 0.875 0.00798904 0.00332031
19 0.925 0.288339 0.133301
20 0.975 1.33061 0.799707
21 1.025 2.32222 2.08506
22 1.075 2.46271 3.58438
23 1.125 2.13651 5.00889
24 1.175 1.7471 6.27959
25 1.225 1.38764 7.37656
26 1.275 1.14411 8.35635
27 1.325 0.929316 9.21582
28 1.375 0.824235 10.0367
29 1.425 0.750525 10.8396
30 1.475 0.704088 11.6465
31 1.525 0.677013 12.4759
32 1.575 0.680975 13.3657
33 1.625 0.705359 14.3469
34 1.675 0.753481 15.4604
35 1.725 0.818158 16.7429
36 1.775 0.887047 18.215
37 1.825 0.979046 19.9327
38 1.875 1.05794 21.8919
39 1.925 1.12952 24.0967
40 1.975 1.17962 26.5204
41 2.025 1.20966 29.1333
42 2.075 1.20886 31.875
43 2.125 1.17461 34.6689
44 2.175 1.11845 37.456
45 2.225 1.06796 40.2409
46 2.275 1.00771 42.9882
47 2.325 0.962914 45.73
48 2.375 0.925921 48.4811
49 2.425 0.903487 51.2797
50 2.475 0.897073 54.1742
44000 50
1 0.025 0 0
2 0.075 0 0
3 0.125 0 0
4 0.175 0 0
5 0.225 0 0
6 0.275 0 0
7 0.325 0 0
8 0.375 0 0
9 0.425 0 0
10 0.475 0 0
11 0.525 0 0
12 0.575 0 0
13 0.625 0 0
14 0.675 0 0
15 0.725 0 0
16 0.775 0 0
17 0.825 0 0
18 0.875 0.00677858 0.00273438
19 0.925 0.294622 0.135547
20 0.975 1.34406 0.808691
21 1.025 2.33457 2.10088
22 1.075 2.4449 3.58936
23 1.125 2.13065 5.00996
24 1.175 1.73582 6.27246
25 1.225 1.37541 7.35977
26 1.275 1.13374 8.33066
27 1.325 0.942304 9.20215
28 1.375 0.829235 10.028
29 1.425 0.749064 10.8293
30 1.475 0.708093 11.6408
31 1.525 0.67526 12.4681
32 1.575 0.693829 13.3747
33 1.625 0.71266 14.366
34 1.675 0.754141 15.4806
35 1.725 0.806819 16.7452
36 1.775 0.905406 18.2479
37 1.825 0.967691 19.9456
38 1.875 1.05251 21.8947
39 1.925 1.12572 24.0921
40 1.975 1.17434 26.505
41 2.025 1.19723 29.091
42 2.075 1.21692 31.851
43 2.125 1.17601 34.6482
44 2.175 1.12229 37.4448
45 2.225 1.07006 40.2353
46 2.275 1.00943 42.9872
47 2.325 0.971042 45.7521
48 2.375 0.92855 48.511
49 2.425 0.896173 51.287
50 2.475 0.899797 54.1903
45000 50
1 0.025 0 0
2 0.075 0 0
3 0.125 0 0
4 0.175 0 0
5 0.225 0 0
6 0.275 0 0
7 0.325 0 0
8 0.375 0 0
9 0.425 0 0
10 0.475 0 0
11 0.525 0 0
12 0.575 0 0
13 0.625 0 0
14 0.675 0 0
15 0.725 0 0
16 0.775 0 0
17 0.825 0 0
18 0.875 0.0113783 0.00458984
19 0.925 0.293755 0.137012
20 0.975 1.3308 0.803516
21 1.025 2.32645 2.09121
22 1.075 2.47442 3.59766
23 1.125 2.14691 5.0291
24 1.175 1.71098 6.27354
25 1.225 1.38097 7.36523
26 1.275 1.1318 8.33447
27 1.325 0.946422 9.20977
28 1.375 0.83002 10.0364
29 1.425 0.743221 10.8314
30 1.475 0.704088 11.6384
31 1.525 0.691521 12.4855
32 1.575 0.682992 13.378
33 1.625 0.703112 14.3561
34 1.675 0.755595 15.4728
35 1.725 0.818033 16.755
36 1.775 0.891225 18.2341
37 1.825 0.968748 19.9337
38 1.875 1.05008 21.8783
39 1.925 1.13313 24.0901
40 1.975 1.17624 26.5069
41 2.025 1.21708 29.1358
42 2.075 1.20378 31.866
43 2.125 1.16923 34.6472
44 2.175 1.12158 37.442
45 2.225 1.0683 40.2278
46 2.275 1.0066 42.9721
47 2.325 0.968161 45.7288
48 2.375 0.93325 48.5017
49 2.425 0.909571 51.3191
50 2.475 0.901825 54.229
46000 50
1 0.025 0 0
2 0.075 0 0
3 0.125 0 0
4 0.175 0 0
5 0.225 0 0
6 0.275 0 0
7 0.325 0 0
8 0.375 0 0
9 0.425 0 0
10 0.475 0 0
11 0.525 0 0
12 0.575 0 0
13 0.625 0 0
14 0.675 0 0
15 0.725 0 0
16 0.775 0 0
17 0.825 0 0
18 0.875 0.00823113 0.00332031
19 0.925 0.272958 0.126367
20 0.975 1.35576 0.805371
21 1.025 2.30898 2.0834
22 1.075 2.47249 3.58867
23 1.125 2.13548 5.0125
24 1.175 1.74388 6.28086
25 1.225 1.38233 7.37363
26 1.275 1.13374 8.34453
27 1.325 0.939242 9.21318
28 1.375 0.820607 10.0305
29 1.425 0.747147 10.8297
30 1.475 0.712609 11.6464
31 1.525 0.68084 12.4805
32 1.575 0.700405 13.3957
33 1.625 0.695249 14.3628
34 1.675 0.744296 15.4628
35 1.725 0.819155 16.7468
36 1.775 0.879751 18.2068
37 1.825 0.976541 19.9201
38 1.875 1.05451 21.8729
39 1.925 1.13643 24.0912
40 1.975 1.17914 26.514
41 2.025 1.19849 29.1027
42 2.075 1.2111 31.8495
43 2.125 1.17556 34.6457
44 2.175 1.13017 37.4619
45 2.225 1.06515 40.2396
46 2.275 1.01262 43.0002
47 2.325 0.955437 45.7207
48 2.375 0.936373 48.5028
49 2.425 0.911242 51.3255
50 2.475 0.897648 54.2219
47000 50
1 0.025 0 0
2 0.075 0 0
3 0.125 0 0
4 0.175 0 0
5 0.225 0 0
6 0.275 0 0
7 0.325 0 0
8 0.375 0 0
9 0.425 0 0
10 0.475 0 0
11 0.525 0 0
12 0.575 0 0
13 0.625 0 0
14 0.675 0 0
15 0.725 0 0
16 0.775 0 0
17 0.825 0 0
18 0.875 0.00774695 0.003125
19 0.925 0.295055 0.136133
20 0.975 1.32866 0.801562
21 1.025 2.33616 2.09463
22 1.075 2.44955 3.58594
23 1.125 2.15408 5.02217
24 1.175 1.71622 6.27041
25 1.225 1.3869 7.3668
26 1.275 1.13454 8.33838
27 1.325 0.954342 9.221
28 1.375 0.811194 10.0289
29 1.425 0.745686 10.8266
30 1.475 0.725646 11.6582
31 1.525 0.669042 12.4778
32 1.575 0.681722 13.3687
33 1.625 0.702059 14.3452
34 1.675 0.755991 15.4625
35 1.725 0.820588 16.7487
36 1.775 0.885929 18.219
37 1.825 0.980159 19.9387
38 1.875 1.04592 21.8756
39 1.925 1.12452 24.0706
40 1.975 1.17748 26.4899
41 2.025 1.21748 29.1197
42 2.075 1.20658 31.8562
43 2.125 1.17839 34.6592
44 2.175 1.11649 37.4413
45 2.225 1.06744 40.2249
46 2.275 1.01437 42.9903
47 2.325 0.96799 45.7466
48 2.375 0.931968 48.5156
49 2.425 0.905946 51.3219
50 2.475 0.889053 54.1905
48000 50
1 0.025 0 0
2 0.075 0 0
3 0.125 0 0
4 0.175 0 0
5 0.225 0 0
6 0.275 0 0
7 0.325 0 0
8 0.375 0 0
9 0.425 0 0
10 0.475 0 0
11 0.525 0 0
12 0.575 0 0
13 0.625 0 0
14 0.675 0 0
15 0.725 0 0
16 0.775 0 0
17 0.825 0 0
18 0.875 0.00798904 0.00322266
19 0.925 0.293972 0.135742
20 0.975 1.35283 0.813281
21 1.025 2.31269 2.09336
22 1.075 2.45501 3.58799
23 1.125 2.14588 5.01875
24 1.175 1.72696 6.2748
25 1.225 1.39555 7.37803
26 1.275 1.12256 8.33936
27 1.325 0.953814 9.22148
28 1.375 0.826392 10.0445
29 1.425 0.736648 10.8325
30 1.475 0.695737 11.6299
31 1.525 0.686978 12.4715
32 1.575 0.682544 13.3634
33 1.625 0.711467 14.353
34 1.675 0.755661 15.4698
35 1.725 0.817971 16.752
36 1.775 0.885458 18.2215
37 1.825 0.988675 19.9561
38 1.875 1.05288 21.9059
39 1.925 1.12617 24.1041
40 1.975 1.18988 26.5489
41 2.025 1.19537 29.131
42 2.075 1.20073 31.8542
43 2.125 1.16624 34.6282
44 2.175 1.12727 37.4372
45 2.225 1.06497 40.2144
46 2.275 1.02139 42.9989
47 2.325 0.963497 45.7424
48 2.375 0.928945 48.5024
49 2.425 0.908121 51.3154
50 2.475 0.896649 54.2086
49000 50
1 0.025 0 0
2 0.075 0 0
3 0.125 0 0
4 0.175 0 0
5 0.225 0 0
6 0.275 0 0
7 0.325 0 0
8 0.375 0 0
9 0.425 0 0
10 0.475 0 0
11 0.525 0 0
12 0.575 0 0
13 0.625 0 0
14 0.675 0 0
15 0.725 0 0
16 0.775 0 0
17 0.825 0 0
18 0.875 0.00726276 0.00292969
19 0.925 0.293105 0.135059
20 0.975 1.32788 0.800098
21 1.025 2.28287 2.06367
22 1.075 2.48821 3.57852
23 1.125 2.15877 5.01787
24 1.175 1.73126 6.27705
25 1.225 1.40692 7.38926
26 1.275 1.12804 8.35527
27 1.325 0.955186 9.23867
28 1.375 0.819136 10.0545
29 1.425 0.742674 10.8489
30 1.475 0.696078 11.6467
31 1.525 0.681238 12.4812
32 1.575 0.681871 13.3723
33 1.625 0.703463 14.3508
34 1.675 0.747996 15.4563
35 1.725 0.809872 16.7257
36 1.775 0.895932 18.2126
37 1.825 0.977432 19.9274
38 1.875 1.06084 21.892
39 1.925 1.11977 24.0777
40 1.975 1.18775 26.5182
41 2.025 1.2008 29.1119
42 2.075 1.19719 31.8271
43 2.125 1.18857 34.6543
44 2.175 1.13389 37.4798
45 2.225 1.06635 40.2605
46 2.275 1.01691 43.0329
47 2.325 0.965006 45.7807
48 2.375 0.929503 48.5424
49 2.425 0.899073 51.3273
50 2.475 0.887812 54.192
50000 50
1 0.025 0 0
2 0.075 0 0
3 0.125 0 0
4 0.175 0 0
5 0.225 0 0
6 0.275 0 0
7 0.325 0 0
8 0.375 0 0
9 0.425 0 0
10 0.475 0 0
11 0.525 0 0
12 0.575 0 0
13 0.625 0 0
14 0.675 0 0
15 0.725 0 0
16 0.775 0 0
17 0.825 0 0
18 0.875 0.00895741 0.00361328
19 0.925 0.299604 0.138672
20 0.975 1.31891 0.799219
21 1.025 2.31516 2.08066
22 1.075 2.45308 3.57412
23 1.125 2.15921 5.01377
24 1.175 1.73206 6.27354
25 1.225 1.39641 7.37744
26 1.275 1.1229 8.33906
27 1.325 0.946739 9.21465
28 1.375 0.832275 10.0436
29 1.425 0.75509 10.8513
30 1.475 0.689858 11.6419
31 1.525 0.686499 12.4829
32 1.575 0.67395 13.3636
33 1.625 0.699602 14.3367
34 1.675 0.762269 15.4633
35 1.725 0.818469 16.7462
36 1.775 0.895167 18.2318
37 1.825 0.97476 19.942
38 1.875 1.04644 21.8799
39 1.925 1.13743 24.1001
40 1.975 1.16926 26.5025
41 2.025 1.20234 29.0996
42 2.075 1.20154 31.8247
43 2.125 1.18586 34.6454
44 2.175 1.12926 37.4594
45 2.225 1.06545 40.2378
46 2.275 1.00502 42.9777
47 2.325 0.965692 45.7274
48 2.375 0.93588 48.5081
49 2.425 0.909697 51.326
50 2.475 0.897799 54.2229
51000 50
1 0.025 0 0
2 0.075 0 0
3 0.125 0 0
4 0.175 0 0
5 0.225 0 0
6 0.275 0 0
7 0.325 0 0
8 0.375 0 0
9 0.425 0 0
10 0.475 0 0
11 0.525 0 0
12 0.575 0 0
13 0.625 0 0
14 0.675 0 0
15 0.725 0 0
16 0.775 0 0
17 0.825 0 0
18 0.875 0.00823113 0.00332031
19 0.925 0.278374 0.128809
20 0.975 1.33217 0.795996
21 1.025 2.32133 2.08086
22 1.075 2.48228 3.59209
23 1.125 2.15071 5.02607
24 1.175 1.73005 6.28437
25 1.225 1.3853 7.37949
26 1.275 1.13807 8.3541
27 1.325 0.938925 9.22246
28 1.375 0.806683 10.0259
29 1.425 0.743587 10.8213
30 1.475 0.701702 11.6255
31 1.525 0.681876 12.4608
32 1.575 0.688672 13.3607
33 1.625 0.708869 14.3468
34 1.675 0.760287 15.4704
35 1.725 0.824014 16.762
36 1.775 0.883928 18.229
37 1.825 0.974036 19.9379
38 1.875 1.05894 21.8989
39 1.925 1.13533 24.115
40 1.975 1.16992 26.5188
41 2.025 1.20925 29.1309
42 2.075 1.19939 31.8511
43 2.125 1.17539 34.6469
44 2.175 1.11802 37.4328
45 2.225 1.07077 40.2251
46 2.275 1.01358 42.9884
47 2.325 0.965898 45.7387
48 2.375 0.923324 48.482
49 2.425 0.909666 51.2998
50 2.475 0.900281 54.2047
52000 50
1 0.025 0 0
2 0.075 0 0
3 0.125 0 0
4 0.175 0 0
5 0.225 0 0
6 0.275 0 0
7 0.325 0 0
8 0.375 0 0
9 0.425 0 0
10 0.475 0 0
11 0.525 0 0
12 0.575 0 0
13 0.625 0 0
14 0.675 0 0
15 0.725 0 0
16 0.775 0 0
17 0.825 0 0
18 0.875 0.00798904 0.00322266
19 0.925 0.292455 0.135059
20 0.975 1.35478 0.813574
21 1.025 2.29646 2.08467
22 1.075 2.48115 3.59521
23 1.125 2.15145 5.02969
24 1.175 1.74347 6.29775
25 1.225 1.38036 7.38896
26 1.275 1.11675 8.34531
27 1.325 0.94431 9.21865
28 1.375 0.809429 10.0248
29 1.425 0.7424 10.8189
30 1.475 0.695056 11.6155
31 1.525 0.691761 12.463
32 1.575 0.681946 13.3541
33 1.625 0.710554 14.3425
34 1.675 0.760088 15.4658
35 1.725 0.811554 16.7379
36 1.775 0.897933 18.2281
37 1.825 0.978768 19.9453
38 1.875 1.04992 21.8896
39 1.925 1.13262 24.1005
40 1.975 1.17829 26.5215
41 2.025 1.21341 29.1425
42 2.075 1.20318 31.8713
43 2.125 1.1742 34.6643
44 2.175 1.11547 37.4438
45 2.225 1.06541 40.2222
46 2.275 1.02118 43.0062
47 2.325 0.960719 45.7417
48 2.375 0.92053 48.4768
49 2.425 0.912503 51.3033
50 2.475 0.893078 54.185
53000 50
1 0.025 0 0
2 0.075 0 0
3 0.125 0 0
4 0.175 0 0
5 0.225 0 0
6 0.275 0 0
7 0.325 0 0
8 0.375 0 0
9 0.425 0 0
10 0.475 0 0
11 0.525 0 0
12 0.575 0 0
13 0.625 0 0
14 0.675 0 0
15 0.725 0 0
16 0.775 0 0
17 0.825 0 0
18 0.875 0.00750485 0.00302734
19 0.925 0.30307 0.139648
20 0.975 1.33958 0.810547
21 1.025 2.32945 2.0999
22 1.075 2.49816 3.6208
23 1.125 2.14207 5.04902
24 1.175 1.70856 6.2917
25 1.225 1.34811 7.35742
26 1.275 1.12781 8.32324
27 1.325 0.940192 9.19277
28 1.375 0.822764 10.0122
29 1.425 0.754907 10.8197
30 1.475 0.704855 11.6275
31 1.525 0.694471 12.4783
32 1.575 0.677537 13.3637
33 1.625 0.719962 14.3651
34 1.675 0.748723 15.4717
35 1.725 0.824139 16.7635
36 1.775 0.882634 18.2283
37 1.825 0.981773 19.9508
38 1.875 1.04824 21.892
39 1.925 1.12652 24.0909
40 1.975 1.18694 26.5297
41 2.025 1.20921 29.1416
42 2.075 1.19892 31.8607
43 2.125 1.16316 34.6274
44 2.175 1.12076 37.4202
45 2.225 1.07114 40.2135
46 2.275 1.00434 42.9516
47 2.325 0.973957 45.7248
48 2.375 0.934171 48.5004
49 2.425 0.910738 51.3215
50 2.475 0.892654 54.2018
54000 50
1 0.025 0 0
2 0.075 0 0
3 0.125 0 0
4 0.175 0 0
5 0.225 0 0
6 0.275 0 0
7 0.325 0 0
8 0.375 0 0
9 0.425 0 0
10 0.475 0 0
11 0.525 0 0
12 0.575 0 0
13 0.625 0 0
14 0.675 0 0
15 0.725 0 0
16 0.775 0 0
17 0.825 0 0
18 0.875 0.00750485 0.00302734
19 0.925 0.280757 0.12959
20 0.975 1.33548 0.798438
21 1.025 2.33439 2.09053
22 1.075 2.43977 3.57588
23 1.125 2.16668 5.02051
24 1.175 1.73582 6.28301
25 1.225 1.39259 7.38389
26 1.275 1.12815 8.35
27 1.325 0.923509 9.2041
28 1.375 0.828353 10.0291
29 1.425 0.740757 10.8215
30 1.475 0.69872 11.6223
31 1.525 0.697899 12.4772
32 1.575 0.693679 13.3837
33 1.625 0.709501 14.3706
34 1.675 0.74456 15.471
35 1.725 0.817846 16.7529
36 1.775 0.899286 18.2454
37 1.825 0.959453 19.9287
38 1.875 1.05435 21.8813
39 1.925 1.12622 24.0796
40 1.975 1.18784 26.5202
41 2.025 1.19623 29.1041
42 2.075 1.20637 31.8401
43 2.125 1.17831 34.6429
44 2.175 1.13742 37.4771
45 2.225 1.05474 40.2276
46 2.275 1.02057 43.01
47 2.325 0.964766 45.757
48 2.375 0.932659 48.5281
49 2.425 0.905914 51.3343
50 2.475 0.897739 54.231
55000 50
1 0.025 0 0
2 0.075 0 0
3 0.125 0 0
4 0.175 0 0
5 0.225 0 0
6 0.275 0 0
7 0.325 0 0
8 0.375 0 0
9 0.425 0 0
10 0.475 0 0
11 0.525 0 0
12 0.575 0 0
13 0.625 0 0
14 0.675 0 0
15 0.725 0 0
16 0.775 0 0
17 0.825 0 0
18 0.875 0.00847322 0.00341797
19 0.925 0.290722 0.134473
20 0.975 1.3347 0.80293
21 1.025 2.30087 2.07646
22 1.075 2.4911 3.59307
23 1.125 2.17942 5.04619
24 1.175 1.71461 6.29326
25 1.225 1.37727 7.38203
26 1.275 1.12929 8.34912
27 1.325 0.948217 9.22607
28 1.375 0.808252 10.0311
29 1.425 0.746965 10.8301
30 1.475 0.714824 11.6493
31 1.525 0.665933 12.4651
32 1.575 0.676266 13.3488
33 1.625 0.71259 14.34
34 1.675 0.756124 15.4575
35 1.725 0.818033 16.7397
36 1.775 0.897992 18.2301
37 1.825 0.978378 19.9466
38 1.875 1.05203 21.8948
39 1.925 1.11842 24.0779
40 1.975 1.19606 26.5354
41 2.025 1.21025 29.1496
42 2.075 1.20081 31.873
43 2.125 1.17433 34.6663
44 2.175 1.12393 37.467
45 2.225 1.06497 40.2441
46 2.275 1.01323 43.0064
47 2.325 0.959518 45.7386
48 2.375 0.924244 48.4847
49 2.425 0.913733 51.315
50 2.475 0.896105 54.2064
56000 50
1 0.025 0 0
2 0.075 0 0
3 0.125 0 0
4 0.175 0 0
5 0.225 0 0
6 0.275 0 0
7 0.325 0 0
8 0.375 0 0
9 0.425 0 0
10 0.475 0 0
11 0.525 0 0
12 0.575 0 0
13 0.625 0 0
14 0.675 0 0
15 0.725 0 0
16 0.775 0 0
17 0.825 0 0
18 0.875 0.00847322 0.00341797
19 0.925 0.278807 0.129102
20 0.975 1.3388 0.799609
21 1.025 2.32239 2.08506
22 1.075 2.47682 3.59297
23 1.125 2.13695 5.01777
24 1.175 1.72588 6.27305
25 1.225 1.3664 7.35322
26 1.275 1.1489 8.33711
27 1.325 0.95413 9.21953
28 1.375 0.834628 10.0508
29 1.425 0.748425 10.8514
30 1.475 0.707326 11.662
31 1.525 0.677093 12.4915
32 1.575 0.681498 13.382
33 1.625 0.69209 14.3447
34 1.675 0.75837 15.4655
35 1.725 0.822706 16.7551
36 1.775 0.881987 18.2188
37 1.825 0.963906 19.91
38 1.875 1.06158 21.8759
39 1.925 1.12697 24.0757
40 1.975 1.17867 26.4975
41 2.025 1.20831 29.1074
42 2.075 1.20796 31.8471
43 2.125 1.18167 34.6578
44 2.175 1.12178 37.4531
45 2.225 1.05905 40.2148
46 2.275 1.02286 43.0034
47 2.325 0.966378 45.7551
48 2.375 0.93325 48.5279
49 2.425 0.906356 51.3354
50 2.475 0.895318 54.2243
57000 50
1 0.025 0 0
2 0.075 0 0
3 0.125 0 0
4 0.175 0 0
5 0.225 0 0
6 0.275 0 0
7 0.325 0 0
8 0.375 0 0
9 0.425 0 0
10 0.475 0 0
11 0.525 0 0
12 0.575 0 0
13 0.625 0 0
14 0.675 0 0
15 0.725 0 0
16 0.775 0 0
17 0.825 0 0
18 0.875 0.0111362 0.00449219
19 0.925 0.288989 0.134766
20 0.975 1.32963 0.800684
21 1.025 2.32786 2.08916
22 1.075 2.47073 3.59336
23 1.125 2.13929 5.01973
24 1.175 1.74723 6.29053
25 1.225 1.40444 7.40078
26 1.275 1.11264 8.35361
27 1.325 0.939347 9.22236
28 1.375 0.810213 10.0293
29 1.425 0.75089 10.8325
30 1.475 0.694885 11.6289
31 1.525 0.688731 12.4727
32 1.575 0.677836 13.3584
33 1.625 0.707114 14.342
34 1.675 0.757115 15.4609
35 1.725 0.804513 16.722
36 1.775 0.896403 18.2097
37 1.825 0.984835 19.9375
38 1.875 1.06015 21.9008
39 1.925 1.12247 24.0918
40 1.975 1.17591 26.5079
41 2.025 1.22065 29.1445
42 2.075 1.19775 31.861
43 2.125 1.17268 34.6504
44 2.175 1.12158 37.4452
45 2.225 1.06695 40.2275
46 2.275 1.01745 43.0014
47 2.325 0.971042 45.7663
48 2.375 0.92454 48.5133
49 2.425 0.907112 51.3231
50 2.475 0.894803 54.2104
58000 50
1 0.025 0 0
2 0.075 0 0
3 0.125 0 0
4 0.175 0 0
5 0.225 0 0
6 0.275 0 0
7 0.325 0 0
8 0.375 0 0
9 0.425 0 0
10 0.475 0 0
11 0.525 0 0
12 0.575 0 0
13 0.625 0 0
14 0.675 0 0
15 0.725 0 0
16 0.775 0 0
17 0.825 0 0
18 0.875 0.00653649 0.00263672
19 0.925 0.284006 0.130664
20 0.975 1.37779 0.820703
21 1.025 2.27776 2.08145
22 1.075 2.47057 3.58555
23 1.125 2.14046 5.0127
24 1.175 1.72266 6.26562
25 1.225 1.38851 7.36328
26 1.275 1.13168 8.33242
27 1.325 0.956665 9.21719
28 1.375 0.830118 10.0439
29 1.425 0.745686 10.8416
30 1.475 0.696334 11.6396
31 1.525 0.683151 12.4766
32 1.575 0.686206 13.3732
33 1.625 0.71238 14.3642
34 1.675 0.759626 15.4868
35 1.725 0.820588 16.773
36 1.775 0.871454 18.2193
37 1.825 0.975984 19.9316
38 1.875 1.05071 21.8774
39 1.925 1.12822 24.0797
40 1.975 1.17662 26.4973
41 2.025 1.20776 29.1061
42 2.075 1.20378 31.8362
43 2.125 1.16689 34.6118
44 2.175 1.12821 37.4231
45 2.225 1.07163 40.2177
46 2.275 1.01254 42.9781
47 2.325 0.962982 45.7201
48 2.375 0.938476 48.5085
49 2.425 0.910044 51.3274
50 2.475 0.899827 54.2309
59000 50
1 0.025 0 0
2 0.075 0 0
3 0.125 0 0
4 0.175 0 0
5 0.225 0 0
6 0.275 0 0
7 0.325 0 0
8 0.375 0 0
9 0.425 0 0
10 0.475 0 0
11 0.525 0 0
12 0.575 0 0
13 0.625 0 0
14 0.675 0 0
15 0.725 0 0
16 0.775 0 0
17 0.825 0 0
18 0.875 0.00968368 0.00390625
19 0.925 0.280974 0.130566
20 0.975 1.34854 0.805957
21 1.025 2.32239 2.09141
22 1.075 2.4579 3.58779
23 1.125 2.14339 5.01689
24 1.175 1.72588 6.27217
25 1.225 1.40692 7.38438
26 1.275 1.12256 8.3457
27 1.325 0.946633 9.22119
28 1.375 0.827569 10.0454
29 1.425 0.742582 10.8397
30 1.475 0.706389 11.6493
31 1.525 0.673107 12.4739
32 1.575 0.681572 13.3646
33 1.625 0.687948 14.3215
34 1.675 0.756124 15.439
35 1.725 0.820774 16.7255
36 1.775 0.886871 18.1974
37 1.825 0.978935 19.9148
38 1.875 1.05646 21.8713
39 1.925 1.14348 24.1033
40 1.975 1.17401 26.5155
41 2.025 1.20573 29.1199
42 2.075 1.21425 31.8738
43 2.125 1.16997 34.6567
44 2.175 1.12535 37.4609
45 2.225 1.07111 40.2541
46 2.275 1.00742 43.0006
47 2.325 0.963051 45.7428
48 2.375 0.931081 48.5092
49 2.425 0.914868 51.3431
50 2.475 0.884846 54.1981
60000 50
1 0.025 0 0
2 0.075 0 0
3 0.125 0 0
4 0.175 0 0
5 0.225 0 0
6 0.275 0 0
7 0.325 0 0
8 0.375 0 0
9 0.425 0 0
10 0.475 0 0
11 0.525 0 0
12 0.575 0 0
13 0.625 0 0
14 0.675 0 0
15 0.725 0 0
16 0.775 0 0
17 0.825 0 0
18 0.875 0.010652 0.00429688
19 0.925 0.292239 0.136035
20 0.975 1.34757 0.810937
21 1.025 2.30316 2.08574
22 1.075 2.47265 3.59111
23 1.125 2.1595 5.03096
24 1.175 1.72642 6.28662
25 1.225 1.37529 7.37383
26 1.275 1.1245 8.33682
27 1.325 0.942304 9.2083
28 1.375 0.828255 10.0332
29 1.425 0.752351 10.838
30 1.475 0.717722 11.6605
31 1.525 0.675339 12.4879
32 1.575 0.678658 13.3747
33 1.625 0.714696 14.3688
34 1.675 0.73108 15.4493
35 1.725 0.82769 16.7467
36 1.775 0.89099 18.2254
37 1.825 0.972032 19.9308
38 1.875 1.06205 21.8976
39 1.925 1.10811 24.0605
40 1.975 1.19559 26.5171
41 2.025 1.20871 29.1279
42 2.075 1.20322 31.8568
43 2.125 1.16973 34.6392
44 2.175 1.13393 37.4647
45 2.225 1.06575 40.2439
46 2.275 1.02125 43.0281
47 2.325 0.966138 45.7791
48 2.375 0.922371 48.5196
49 2.425 0.903361 51.3179
50 2.475 0.887055 54.1801
61000 50
1 0.025 0 0
2 0.075 0 0
3 0.125 0 0
4 0.175 0 0
5 0.225 0 0
6 0.275 0 0
7 0.325 0 0
8 0.375 0 0
9 0.425 0 0
10 0.475 0 0
11 0.525 0 0
12 0.575 0 0
13 0.625 0 0
14 0.675 0 0
15 0.725 0 0
16 0.775 0 0
17 0.825 0 0
18 0.875 0.00653649 0.00263672
19 0.925 0.290506 0.133594
20 0.975 1.36395 0.816699
21 1.025 2.31498 2.09805
22 1.075 2.45806 3.59453
23 1.125 2.15525 5.03154
24 1.175 1.72186 6.28389
25 1.225 1.39123 7.38369
26 1.275 1.11116 8.33525
27 1.325 0.939453 9.2041
28 1.375 0.826784 10.0275
29 1.425 0.747877 10.8275
30 1.475 0.703577 11.6339
31 1.525 0.685941 12.4742
32 1.575 0.683964 13.368
33 1.625 0.711678 14.3579
34 1.675 0.765903 15.4898
35 1.725 0.809124 16.7581
36 1.775 0.892461 18.2393
37 1.825 0.968526 19.9385
38 1.875 1.04987 21.8827
39 1.925 1.13157 24.0915
40 1.975 1.18874 26.534
41 2.025 1.19967 29.1253
42 2.075 1.21041 31.8705
43 2.125 1.17174 34.6576
44 2.175 1.12084 37.4506
45 2.225 1.05852 40.2109
46 2.275 1.00495 42.9507
47 2.325 0.975672 45.7288
48 2.375 0.926677 48.4821
49 2.425 0.909445 51.2992
50 2.475 0.896135 54.1907
62000 50
1 0.025 0 0
2 0.075 0 0
3 0.125 0 0
4 0.175 0 0
5 0.225 0 0
6 0.275 0 0
7 0.325 0 0
8 0.375 0 0
9 0.425 0 0
10 0.475 0 0
11 0.525 0 0
12 0.575 0 0
13 0.625 0 0
14 0.675 0 0
15 0.725 0 0
16 0.775 0 0
17 0.825 0 0
18 0.875 0.00823113 0.00332031
19 0.925 0.273175 0.126465
20 0.975 1.35088 0.803027
21 1.025 2.29752 2.07471
22 1.075 2.48516 3.5877
23 1.125 2.16975 5.03437
24 1.175 1.7373 6.29795
25 1.225 1.36047 7.37344
26 1.275 1.10842 8.32266
27 1.325 0.951596 9.20273
28 1.375 0.844434 10.0437
29 1.425 0.739752 10.8351
30 1.475 0.70707 11.6454
31 1.525 0.682833 12.4819
32 1.575 0.684711 13.3767
33 1.625 0.715047 14.3713
34 1.675 0.750243 15.4801
35 1.725 0.809248 16.7485
36 1.775 0.891872 18.2287
37 1.825 0.975038 19.9394
38 1.875 1.03927 21.864
39 1.925 1.13022 24.0701
40 1.975 1.1752 26.4848
41 2.025 1.22128 29.1228
42 2.075 1.20723 31.8607
43 2.125 1.18365 34.6762
44 2.175 1.11802 37.4621
45 2.225 1.0671 40.2448
46 2.275 1.01312 43.0068
47 2.325 0.964766 45.7539
48 2.375 0.929865 48.5167
49 2.425 0.908468 51.3308
50 2.475 0.887751 54.1952
63000 50
1 0.025 0 0
2 0.075 0 0
3 0.125 0 0
4 0.175 0 0
5 0.225 0 0
6 0.275 0 0
7 0.325 0 0
8 0.375 0 0
9 0.425 0 0
10 0.475 0 0
11 0.525 0 0
12 0.575 0 0
13 0.625 0 0
14 0.675 0 0
15 0.725 0 0
16 0.775 0 0
17 0.825 0 0
18 0.875 0.00798904 0.00322266
19 0.925 0.303937 0.140234
20 0.975 1.35303 0.817871
21 1.025 2.32469 2.10459
22 1.075 2.44843 3.59521
23 1.125 2.15057 5.0291
24 1.175 1.70964 6.27256
25 1.225 1.40395 7.38242
26 1.275 1.11663 8.33867
27 1.325 0.956981 9.22373
28 1.375 0.820117 10.0405
29 1.425 0.736283 10.8281
30 1.475 0.709712 11.6415
31 1.525 0.675897 12.4695
32 1.575 0.682768 13.3617
33 1.625 0.708097 14.3467
34 1.675 0.755661 15.4635
35 1.725 0.813797 16.7391
36 1.775 0.895579 18.2254
37 1.825 0.971643 19.9301
38 1.875 1.06696 21.906
39 1.925 1.12407 24.1001
40 1.975 1.17743 26.5193
41 2.025 1.22345 29.162
42 2.075 1.20895 31.9039
43 2.125 1.17034 34.6877
44 2.175 1.11457 37.465
45 2.225 1.06216 40.2349
46 2.275 1.00746 42.9814
47 2.325 0.9648 45.7286
48 2.375 0.935124 48.507
49 2.425 0.904369 51.3084
50 2.475 0.888205 54.1743
64000 50
1 0.025 0 0
2 0.075 0 0
3 0.125 0 0
4 0.175 0 0
5 0.225 0 0
6 0.275 0 0
7 0.325 0 0
8 0.375 0 0
9 0.425 0 0
10 0.475 0 0
11 0.525 0 0
12 0.575 0 0
13 0.625 0 0
14 0.675 0 0
15 0.725 0 0
16 0.775 0 0
17 0.825 0 0
18 0.875 0.00798904 0.00322266
19 0.925 0.296355 0.136816
20 0.975 1.33587 0.805859
21 1.025 2.30616 2.08232
22 1.075 2.46142 3.58086
23 1.125 2.15364 5.0168
24 1.175 1.73824 6.28105
25 1.225 1.3869 7.37744
26 1.275 1.12062 8.33711
27 1.325 0.958776 9.22383
28 1.375 0.821685 10.0422
29 1.425 0.741852 10.8357
30 1.475 0.709456 11.6488
31 1.525 0.673347 12.4737
32 1.575 0.675444 13.3563
33 1.625 0.713362 14.3486
34 1.675 0.759956 15.4718
35 1.725 0.808875 16.7396
36 1.775 0.890283 18.2172
37 1.825 0.981495 19.9392
38 1.875 1.04602 21.8763
39 1.925 1.12812 24.0783
40 1.975 1.181 26.5049
41 2.025 1.2084 29.115
42 2.075 1.21132 31.8623
43 2.125 1.16874 34.6423
44 2.175 1.12456 37.4445
45 2.225 1.07186 40.2396
46 2.275 1.01079 42.9953
47 2.325 0.962434 45.7357
48 2.375 0.942782 48.5369
49 2.425 0.906923 51.3462
50 2.475 0.900342 54.2513
65000 50
1 0.025 0 0
2 0.075 0 0
3 0.125 0 0
4 0.175 0 0
5 0.225 0 0
6 0.275 0 0
7 0.325 0 0
8 0.375 0 0
9 0.425 0 0
10 0.475 0 0
11 0.525 0 0
12 0.575 0 0
13 0.625 0 0
14 0.675 0 0
15 0.725 0 0
16 0.775 0 0
17 0.825 0 0
18 0.875 0.00895741 0.00361328
19 0.925 0.296788 0.137402
20 0.975 1.33977 0.808398
21 1.025 2.30493 2.08418
22 1.075 2.46543 3.58516
23 1.125 2.13826 5.01084
24 1.175 1.73246 6.2709
25 1.225 1.38616 7.3667
26 1.275 1.12553 8.33057
27 1.325 0.94864 9.20791
28 1.375 0.835511 10.04
29 1.425 0.748517 10.8407
30 1.475 0.706133 11.65
31 1.525 0.67247 12.4738
32 1.575 0.680302 13.3628
33 1.625 0.702481 14.3399
34 1.675 0.758436 15.4608
35 1.725 0.822955 16.7508
36 1.775 0.898933 18.2427
37 1.825 0.975316 19.9538
38 1.875 1.05667 21.9106
39 1.925 1.12912 24.1146
40 1.975 1.1607 26.4995
41 2.025 1.20216 29.0962
42 2.075 1.19969 31.8171
43 2.125 1.18106 34.6264
44 2.175 1.12699 37.4347
45 2.225 1.07227 40.2309
46 2.275 1.01183 42.9894
47 2.325 0.961473 45.7271
48 2.375 0.929306 48.4882
49 2.425 0.908815 51.3033
50 2.475 0.896286 54.1953
66000 50
1 0.025 0 0
2 0.075 0 0
3 0.125 0 0
4 0.175 0 0
5 0.225 0 0
6 0.275 0 0
7 0.325 0 0
8 0.375 0 0
9 0.425 0 0
10 0.475 0 0
11 0.525 0 0
12 0.575 0 0
13 0.625 0 0
14 0.675 0 0
15 0.725 0 0
16 0.775 0 0
17 0.825 0 0
18 0.875 0.00847322 0.00341797
19 0.925 0.290506 0.134375
20 0.975 1.34016 0.805566
21 1.025 2.28764 2.07178
22 1.075 2.4611 3.57012
23 1.125 2.19626 5.03447
24 1.175 1.71622 6.28271
25 1.225 1.37603 7.37051
26 1.275 1.13465 8.34219
27 1.325 0.938503 9.21016
28 1.375 0.826196 10.033
29 1.425 0.743039 10.8278
30 1.475 0.707496 11.6387
31 1.525 0.692558 12.4871
32 1.575 0.676491 13.3711
33 1.625 0.709642 14.3582
34 1.675 0.759427 15.4806
35 1.725 0.817722 16.7623
36 1.775 0.885576 18.232
37 1.825 0.974537 19.9418
38 1.875 1.04934 21.8851
39 1.925 1.12327 24.0776
40 1.975 1.18546 26.5134
41 2.025 1.20541 29.1171
42 2.075 1.1975 31.833
43 2.125 1.1703 34.6167
44 2.175 1.12821 37.428
45 2.225 1.06564 40.2069
46 2.275 1.01369 42.9705
47 2.325 0.969499 45.7311
48 2.375 0.928945 48.4911
49 2.425 0.902131 51.2855
50 2.475 0.899979 54.1895
67000 50
1 0.025 0 0
2 0.075 0 0
3 0.125 0 0
4 0.175 0 0
5 0.225 0 0
6 0.275 0 0
7 0.325 0 0
8 0.375 0 0
9 0.425 0 0
10 0.475 0 0
11 0.525 0 0
12 0.575 0 0
13 0.625 0 0
14 0.675 0 0
15 0.725 0 0
16 0.775 0 0
17 0.825 0 0
18 0.875 0.0101679 0.00410156
19 0.925 0.290939 0.135254
20 0.975 1.31481 0.79375
21 1.025 2.32592 2.08115
22 1.075 2.50666 3.60723
23 1.125 2.14266 5.03584
24 1.175 1.71071 6.28008
25 1.225 1.379 7.37021
26 1.275 1.11663 8.32646
27 1.325 0.961733 9.21592
28 1.375 0.819332 10.0319
29 1.425 0.746234 10.8302
30 1.475 0.693096 11.6245
31 1.525 0.686101 12.465
32 1.575 0.686953 13.3627
33 1.625 0.710975 14.3517
34 1.675 0.756322 15.4694
35 1.725 0.807068 16.7345
36 1.775 0.904817 18.2361
37 1.825 0.977988 19.952
38 1.875 1.06121 21.9172
39 1.925 1.11872 24.1009
40 1.975 1.17629 26.5178
41 2.025 1.20537 29.1214
42 2.075 1.1944 31.8303
43 2.125 1.18278 34.6437
44 2.175 1.12103 37.4371
45 2.225 1.06628 40.2177
46 2.275 1.01548 42.9861
47 2.325 0.966309 45.7376
48 2.375 0.932166 48.5072
49 2.425 0.905694 51.3127
50 2.475 0.885451 54.1697
68000 50
1 0.025 0 0
2 0.075 0 0
3 0.125 0 0
4 0.175 0 0
5 0.225 0 0
6 0.275 0 0
7 0.325 0 0
8 0.375 0 0
9 0.425 0 0
10 0.475 0 0
11 0.525 0 0
12 0.575 0 0
13 0.625 0 0
14 0.675 0 0
15 0.725 0 0
16 0.775 0 0
17 0.825 0 0
18 0.875 0.01041 0.00419922
19 0.925 0.283357 0.131934
20 0.975 1.30292 0.784473
21 1.025 2.32469 2.07119
22 1.075 2.46062 3.56924
23 1.125 2.18118 5.02354
24 1.175 1.7232 6.27686
25 1.225 1.40234 7.38545
26 1.275 1.11675 8.3418
27 1.325 0.957826 9.22764
28 1.375 0.826294 10.0506
29 1.425 0.740757 10.843
30 1.475 0.691392 11.6354
31 1.525 0.690804 12.4816
32 1.575 0.694427 13.3891
33 1.625 0.692301 14.3521
34 1.675 0.745089 15.4532
35 1.725 0.80576 16.7162
36 1.775 0.896697 18.2044
37 1.825 0.973535 19.9124
38 1.875 1.06843 21.891
39 1.925 1.12367 24.0844
40 1.975 1.18965 26.5287
41 2.025 1.19953 29.1197
42 2.075 1.20365 31.8496
43 2.125 1.17896 34.6539
44 2.175 1.13099 37.4722
45 2.225 1.06609 40.2522
46 2.275 1.00628 42.9956
47 2.325 0.977318 45.7784
48 2.375 0.921418 48.5161
49 2.425 0.900902 51.3067
50 2.475 0.894016 54.1914
69000 50
1 0.025 0 0
2 0.075 0 0
3 0.125 0 0
4 0.175 0 0
5 0.225 0 0
6 0.275 0 0
7 0.325 0 0
8 0.375 0 0
9 0.425 0 0
10 0.475 0 0
11 0.525 0 0
12 0.575 0 0
13 0.625 0 0
14 0.675 0 0
15 0.725 0 0
16 0.775 0 0
17 0.825 0 0
18 0.875 0.00653649 0.00263672
19 0.925 0.270142 0.124414
20 0.975 1.34971 0.800391
21 1.025 2.32839 2.08916
22 1.075 2.45244 3.58223
23 1.125 2.15994 5.02236
24 1.175 1.73126 6.28154
25 1.225 1.4037 7.39121
26 1.275 1.13191 8.36055
27 1.325 0.928788 9.21953
28 1.375 0.828549 10.0447
29 1.425 0.739844 10.8361
30 1.475 0.697697 11.6357
31 1.525 0.688731 12.4795
32 1.575 0.690989 13.3824
33 1.625 0.709993 14.37
34 1.675 0.746608 15.4734
35 1.725 0.810058 16.7432
36 1.775 0.88587 18.2134
37 1.825 0.98066 19.9339
38 1.875 1.05267 21.8833
39 1.925 1.12137 24.0722
40 1.975 1.17815 26.4929
41 2.025 1.21038 29.1073
42 2.075 1.21011 31.8519
43 2.125 1.17297 34.6419
44 2.175 1.13244 37.4638
45 2.225 1.06658 40.2451
46 2.275 1.01326 43.0075
47 2.325 0.972174 45.7757
48 2.375 0.926151 48.5274
49 2.425 0.906923 51.3367
50 2.475 0.895197 54.2252
70000 50
1 0.025 0 0
2 0.075 0 0
3 0.125 0 0
4 0.175 0 0
5 0.225 0 0
6 0.275 0 0
7 0.325 0 0
8 0.375 0 0
9 0.425 0 0
10 0.475 0 0
11 0.525 0 0
12 0.575 0 0
13 0.625 0 0
14 0.675 0 0
15 0.725 0 0
16 0.775 0 0
17 0.825 0 0
18 0.875 0.00968368 0.00390625
19 0.925 0.292888 0.135937
20 0.975 1.32534 0.799707
21 1.025 2.29663 2.0709
22 1.075 2.48388 3.58311
23 1.125 2.14647 5.01426
24 1.175 1.75435 6.29023
25 1.225 1.38023 7.38135
26 1.275 1.12804 8.34736
27 1.325 0.949273 9.22529
28 1.375 0.817567 10.0396
29 1.425 0.743952 10.8354
30 1.475 0.694118 11.6309
31 1.525 0.680122 12.4641
32 1.575 0.696594 13.3743
33 1.625 0.709922 14.3618
34 1.675 0.752489 15.4739
35 1.725 0.828998 16.7733
36 1.775 0.881163 18.2357
37 1.825 0.966577 19.9315
38 1.875 1.05583 21.8868
39 1.925 1.13182 24.0961
40 1.975 1.16574 26.4913
41 2.025 1.21631 29.1186
42 2.075 1.19754 31.8346
43 2.125 1.17675 34.6336
44 2.175 1.1373 37.4676
45 2.225 1.05942 40.2303
46 2.275 1.00198 42.9619
47 2.325 0.965143 45.7101
48 2.375 0.938706 48.4991
49 2.425 0.910927 51.3208
50 2.475 0.900281 54.2257
71000 50
1 0.025 0 0
2 0.075 0 0
3 0.125 0 0
4 0.175 0 0
5 0.225 0 0
6 0.275 0 0
7 0.325 0 0
8 0.375 0 0
9 0.425 0 0
10 0.475 0 0
11 0.525 0 0
12 0.575 0 0
13 0.625 0 0
14 0.675 0 0
15 0.725 0 0
16 0.775 0 0
17 0.825 0 0
18 0.875 0.00823113 0.00332031
19 0.925 0.299387 0.138281
20 0.975 1.31618 0.797461
21 1.025 2.33333 2.08896
22 1.075 2.47779 3.59746
23 1.125 2.10677 5.00215
24 1.175 1.74683 6.27266
25 1.225 1.39963 7.3791
26 1.275 1.12062 8.33877
27 1.325 0.954553 9.22158
28 1.375 0.814822 10.0331
29 1.425 0.747786 10.833
30 1.475 0.702384 11.638
31 1.525 0.688492 12.4814
32 1.575 0.696743 13.3919
33 1.625 0.70915 14.3783
34 1.675 0.743239 15.4768
35 1.725 0.81579 16.7555
36 1.775 0.89299 18.2375
37 1.825 0.976263 19.9503
38 1.875 1.04207 21.8801
39 1.925 1.11056 24.0479
40 1.975 1.18722 26.4872
41 2.025 1.20944 29.0996
42 2.075 1.20073 31.8229
43 2.125 1.18504 34.6416
44 2.175 1.12339 37.4409
45 2.225 1.06541 40.2192
46 2.275 1.01459 42.9853
47 2.325 0.962708 45.7265
48 2.375 0.933086 48.4988
49 2.425 0.91843 51.3438
50 2.475 0.899282 54.2454
72000 50
1 0.025 0 0
2 0.075 0 0
3 0.125 0 0
4 0.175 0 0
5 0.225 0 0
6 0.275 0 0
7 0.325 0 0
8 0.375 0 0
9 0.425 0 0
10 0.475 0 0
11 0.525 0 0
12 0.575 0 0
13 0.625 0 0
14 0.675 0 0
15 0.725 0 0
16 0.775 0 0
17 0.825 0 0
18 0.875 0.00847322 0.00341797
19 0.925 0.289422 0.133887
20 0.975 1.33665 0.80332
21 1.025 2.28358 2.06729
22 1.075 2.45934 3.56455
23 1.125 2.16038 5.00498
24 1.175 1.74227 6.27217
25 1.225 1.39617 7.37588
26 1.275 1.14754 8.35859
27 1.325 0.947267 9.23467
28 1.375 0.823843 10.0552
29 1.425 0.756003 10.8639
30 1.475 0.698635 11.6646
31 1.525 0.668165 12.4831
32 1.575 0.679854 13.3715
33 1.625 0.714556 14.3654
34 1.675 0.752555 15.4776
35 1.725 0.807629 16.7436
36 1.775 0.8854 18.213
37 1.825 0.974482 19.9227
38 1.875 1.04739 21.8623
39 1.925 1.12017 24.0488
40 1.975 1.18599 26.4856
41 2.025 1.21057 29.1005
42 2.075 1.20736 31.8388
43 2.125 1.17999 34.6455
44 2.175 1.13585 37.4759
45 2.225 1.06691 40.2581
46 2.275 1.01706 43.0309
47 2.325 0.965692 45.7806
48 2.375 0.930489 48.5452
49 2.425 0.907112 51.3551
50 2.475 0.895136 54.2434
73000 50
1 0.025 0 0
2 0.075 0 0
3 0.125 0 0
4 0.175 0 0
5 0.225 0 0
6 0.275 0 0
7 0.325 0 0
8 0.375 0 0
9 0.425 0 0
10 0.475 0 0
11 0.525 0 0
12 0.575 0 0
13 0.625 0 0
14 0.675 0 0
15 0.725 0 0
16 0.775 0 0
17 0.825 0 0
18 0.875 0.0121046 0.00488281
19 0.925 0.288123 0.134766
20 0.975 1.32554 0.798633
21 1.025 2.33439 2.09072
22 1.075 2.46511 3.5915
23 1.125 2.14295 5.02031
24 1.175 1.70722 6.26201
25 1.225 1.39518 7.36494
26 1.275 1.131 8.3335
27 1.325 0.945577 9.20801
28 1.375 0.841982 10.0466
29 1.425 0.752899 10.852
30 1.475 0.69071 11.6436
31 1.525 0.681717 12.4787
32 1.575 0.686281 13.3755
33 1.625 0.722489 14.3805
34 1.675 0.748326 15.4864
35 1.725 0.810557 16.7569
36 1.775 0.882693 18.2219
37 1.825 0.966522 19.9176
38 1.875 1.05889 21.8785
39 1.925 1.11977 24.0643
40 1.975 1.18038 26.4896
41 2.025 1.20288 29.0878
42 2.075 1.21351 31.84
43 2.125 1.16509 34.6113
44 2.175 1.12519 37.4151
45 2.225 1.06777 40.1996
46 2.275 1.02415 42.9917
47 2.325 0.974094 45.7653
48 2.375 0.935387 48.5445
49 2.425 0.906356 51.3521
50 2.475 0.90358 54.2676
74000 50
1 0.025 0 0
2 0.075 0 0
3 0.125 0 0
4 0.175 0 0
5 0.225 0 0
6 0.275 0 0
7 0.325 0 0
8 0.375 0 0
9 0.425 0 0
10 0.475 0 0
11 0.525 0 0
12 0.575 0 0
13 0.625 0 0
14 0.675 0 0
15 0.725 0 0
16 0.775 0 0
17 0.825 0 0
18 0.875 0.010652 0.00429688
19 0.925 0.28509 0.132812
20 0.975 1.31228 0.790039
21 1.025 2.31181 2.06963
22 1.075 2.46736 3.57178
23 1.125 2.14251 5.00029
24 1.175 1.75341 6.27559
25 1.225 1.40642 7.3874
26 1.275 1.1188 8.34551
27 1.325 0.945155 9.21963
28 1.375 0.831295 10.0476
29 1.425 0.751986 10.852
30 1.475 0.693181 11.6464
31 1.525 0.670796 12.4682
32 1.575 0.673053 13.3477
33 1.625 0.72277 14.353
34 1.675 0.747732 15.4581
35 1.725 0.819155 16.7421
36 1.775 0.905465 18.2448
37 1.825 0.977098 19.9591
38 1.875 1.04824 21.9003
39 1.925 1.11136 24.0696
40 1.975 1.1916 26.518
41 2.025 1.19768 29.105
42 2.075 1.19513 31.8155
43 2.125 1.18052 34.6235
44 2.175 1.12033 37.4152
45 2.225 1.07639 40.2222
46 2.275 1.02139 43.0067
47 2.325 0.971213 45.7722
48 2.375 0.929043 48.5325
49 2.425 0.90582 51.3384
50 2.475 0.893623 54.2218
75000 50
1 0.025 0 0
2 0.075 0 0
3 0.125 0 0
4 0.175 0 0
5 0.225 0 0
6 0.275 0 0
7 0.325 0 0
8 0.375 0 0
9 0.425 0 0
10 0.475 0 0
11 0.525 0 0
12 0.575 0 0
13 0.625 0 0
14 0.675 0 0
15 0.725 0 0
16 0.775 0 0
17 0.825 0 0
18 0.875 0.00968368 0.00390625
19 0.925 0.292888 0.135937
20 0.975 1.33041 0.802246
21 1.025 2.29205 2.0709
22 1.075 2.50634 3.59678
23 1.125 2.16741 5.04189
24 1.175 1.71944 6.29248
25 1.225 1.35441 7.36318
26 1.275 1.13237 8.33291
27 1.325 0.939347 9.20166
28 1.375 0.826196 10.0245
29 1.425 0.743861 10.8202
30 1.475 0.716614 11.6415
31 1.525 0.676615 12.4704
32 1.575 0.695249 13.3789
33 1.625 0.712239 14.3696
34 1.675 0.738349 15.4608
35 1.725 0.817659 16.7425
36 1.775 0.893814 18.2259
37 1.825 0.974426 19.9354
38 1.875 1.05562 21.8903
39 1.925 1.13112 24.0982
40 1.975 1.17078 26.5038
41 2.025 1.20953 29.1164
42 2.075 1.20017 31.8384
43 2.125 1.17568 34.6349
44 2.175 1.12554 37.4396
45 2.225 1.07785 40.2503
46 2.275 1.0191 43.0286
47 2.325 0.957461 45.7549
48 2.375 0.924705 48.5023
49 2.425 0.922214 51.359
50 2.475 0.893653 54.2425
76000 50
1 0.025 0 0
2 0.075 0 0
3 0.125 0 0
4 0.175 0 0
5 0.225 0 0
6 0.275 0 0
7 0.325 0 0
8 0.375 0 0
9 0.425 0 0
10 0.475 0 0
11 0.525 0 0
12 0.575 0 0
13 0.625 0 0
14 0.675 0 0
15 0.725 0 0
16 0.775 0 0
17 0.825 0 0
18 0.875 0.00774695 0.003125
19 0.925 0.293322 0.135352
20 0.975 1.31657 0.794727
21 1.025 2.31604 2.07666
22 1.075 2.451 3.56885
23 1.125 2.13724 4.99385
24 1.175 1.74737 6.26475
25 1.225 1.39617 7.36846
26 1.275 1.14548 8.34941
27 1.325 0.964267 9.24121
28 1.375 0.826 10.0639
29 1.425 0.735918 10.8511
30 1.475 0.710223 11.665
31 1.525 0.68642 12.506
32 1.575 0.68075 13.3955
33 1.625 0.701357 14.3711
34 1.675 0.739142 15.4635
35 1.725 0.808314 16.7305
36 1.775 0.889283 18.2063
37 1.825 0.966243 19.9016
38 1.875 1.05773 21.8604
39 1.925 1.12737 24.0609
40 1.975 1.1819 26.4894
41 2.025 1.20252 29.0868
42 2.075 1.20129 31.8113
43 2.125 1.18681 34.6343
44 2.175 1.12621 37.4406
45 2.225 1.07556 40.2454
46 2.275 1.01835 43.0217
47 2.325 0.971694 45.7885
48 2.375 0.931574 48.5563
49 2.425 0.904117 51.3569
50 2.475 0.894107 54.2419
77000 50
1 0.025 0 0
2 0.075 0 0
3 0.125 0 0
4 0.175 0 0
5 0.225 0 0
6 0.275 0 0
7 0.325 0 0
8 0.375 0 0
9 0.425 0 0
10 0.475 0 0
11 0.525 0 0
12 0.575 0 0
13 0.625 0 0
14 0.675 0 0
15 0.725 0 0
16 0.775 0 0
17 0.825 0 0
18 0.875 0.0091995 0.00371094
19 0.925 0.293105 0.13584
20 0.975 1.3427 0.808301
21 1.025 2.30563 2.08447
22 1.075 2.44891 3.57539
23 1.125 2.16053 5.01592
24 1.175 1.7479 6.28721
25 1.225 1.39135 7.38711
26 1.275 1.14104 8.36426
27 1.325 0.939981 9.23359
28 1.375 0.821489 10.0518
29 1.425 0.740757 10.8441
30 1.475 0.697186 11.6432
31 1.525 0.673586 12.4684
32 1.575 0.677313 13.3534
33 1.625 0.70578 14.3352
34 1.675 0.742578 15.4326
35 1.725 0.82364 16.7236
36 1.775 0.894579 18.2083
37 1.825 0.986115 19.9384
38 1.875 1.0581 21.8979
39 1.925 1.12617 24.0961
40 1.975 1.17933 26.5192
41 2.025 1.20885 29.1304
42 2.075 1.19478 31.8401
43 2.125 1.17626 34.638
44 2.175 1.12476 37.4407
45 2.225 1.07174 40.2355
46 2.275 1.01795 43.0107
47 2.325 0.96528 45.7593
48 2.375 0.932264 48.5292
49 2.425 0.899483 51.3154
50 2.475 0.894894 54.2029
78000 50
1 0.025 0 0
2 0.075 0 0
3 0.125 0 0
4 0.175 0 0
5 0.225 0 0
6 0.275 0 0
7 0.325 0 0
8 0.375 0 0
9 0.425 0 0
10 0.475 0 0
11 0.525 0 0
12 0.575 0 0
13 0.625 0 0
14 0.675 0 0
15 0.725 0 0
16 0.775 0 0
17 0.825 0 0
18 0.875 0.010652 0.00429688
19 0.925 0.298521 0.138867
20 0.975 1.33802 0.808984
21 1.025 2.32239 2.09443
22 1.075 2.46126 3.59287
23 1.125 2.13739 5.01797
24 1.175 1.72239 6.2707
25 1.225 1.38011 7.36172
26 1.275 1.11321 8.31504
27 1.325 0.949168 9.19287
28 1.375 0.841296 10.0308
29 1.425 0.755364 10.8388
30 1.475 0.69693 11.6375
31 1.525 0.682593 12.4737
32 1.575 0.690316 13.3758
33 1.625 0.705991 14.3578
34 1.675 0.759361 15.4801
35 1.725 0.812114 16.753
36 1.775 0.89299 18.2351
37 1.825 0.97437 19.9445
38 1.875 1.04607 21.8817
39 1.925 1.12822 24.084
40 1.975 1.17924 26.5069
41 2.025 1.19872 29.0962
42 2.075 1.19948 31.8166
43 2.125 1.17642 34.6148
44 2.175 1.12766 37.4248
45 2.225 1.06916 40.2129
46 2.275 1.00782 42.9604
47 2.325 0.971694 45.7272
48 2.375 0.934236 48.503
49 2.425 0.915215 51.338
50 2.475 0.895076 54.2261
79000 50
1 0.025 0 0
2 0.075 0 0
3 0.125 0 0
4 0.175 0 0
5 0.225 0 0
6 0.275 0 0
7 0.325 0 0
8 0.375 0 0
9 0.425 0 0
10 0.475 0 0
11 0.525 0 0
12 0.575 0 0
13 0.625 0 0
14 0.675 0 0
15 0.725 0 0
16 0.775 0 0
17 0.825 0 0
18 0.875 0.00823113 0.00332031
19 0.925 0.290072 0.134082
20 0.975 1.34094 0.805664
21 1.025 2.29928 2.07832
22 1.075 2.46367 3.57822
23 1.125 2.14925 5.01123
24 1.175 1.74482 6.28027
25 1.225 1.37974 7.371
26 1.275 1.13864 8.34609
27 1.325 0.942515 9.21777
28 1.375 0.836197 10.0506
29 1.425 0.751712 10.8547
30 1.475 0.709286 11.6676
31 1.525 0.679883 12.5005
32 1.575 0.673202 13.3802
33 1.625 0.693424 14.3447
34 1.675 0.749978 15.4531
35 1.725 0.819155 16.7371
36 1.775 0.888989 18.2125
37 1.825 0.964017 19.9038
38 1.875 1.05551 21.8585
39 1.925 1.13293 24.0699
40 1.975 1.17872 26.4918
41 2.025 1.21323 29.1124
42 2.075 1.20749 31.851
43 2.125 1.18303 34.6649
44 2.175 1.11672 37.4477
45 2.225 1.0698 40.2374
46 2.275 1.01258 42.9979
47 2.325 0.976667 45.7789
48 2.375 0.92786 48.5357
49 2.425 0.907112 51.3456
50 2.475 0.89447 54.2317
80000 50
1 0.025 0 0
2 0.075 0 0
3 0.125 0 0
4 0.175 0 0
5 0.225 0 0
6 0.275 0 0
7 0.325 0 0
8 0.375 0 0
9 0.425 0 0
10 0.475 0 0
11 0.525 0 0
12 0.575 0 0
13 0.625 0 0
14 0.675 0 0
15 0.725 0 0
16 0.775 0 0
17 0.825 0 0
18 0.875 0.010652 0.00429688
19 0.925 0.28119 0.131055
20 0.975 1.34406 0.804199
21 1.025 2.33474 2.09648
22 1.075 2.4595 3.59385
23 1.125 2.12992 5.01396
24 1.175 1.73797 6.27803
25 1.225 1.3916 7.37812
26 1.275 1.12245 8.33936
27 1.325 0.942093 9.21064
28 1.375 0.82198 10.0293
29 1.425 0.745413 10.8267
30 1.475 0.703406 11.6328
31 1.525 0.680999 12.4671
32 1.575 0.691886 13.3712
33 1.625 0.713082 14.3631
34 1.675 0.749714 15.4711
35 1.725 0.812675 16.7449
36 1.775 0.889401 18.221
37 1.825 0.977821 19.9365
38 1.875 1.04128 21.8648
39 1.925 1.13563 24.0815
40 1.975 1.17734 26.5006
41 2.025 1.22218 29.1405
42 2.075 1.21601 31.8984
43 2.125 1.16579 34.6714
44 2.175 1.11974 37.4616
45 2.225 1.061 40.2284
46 2.275 1.00674 42.973
47 2.325 0.964457 45.7192
48 2.375 0.928714 48.4786
49 2.425 0.910296 51.2983
50 2.475 0.8899 54.1697
81000 50
1 0.025 0 0
2 0.075 0 0
3 0.125 0 0
4 0.175 0 0
5 0.225 0 0
6 0.275 0 0
7 0.325 0 0
8 0.375 0 0
9 0.425 0 0
10 0.475 0 0
11 0.525 0 0
12 0.575 0 0
13 0.625 0 0
14 0.675 0 0
15 0.725 0 0
16 0.775 0 0
17 0.825 0 0
18 0.875 0.0091995 0.00371094
19 0.925 0.279457 0.129688
20 0.975 1.3427 0.802148
21 1.025 2.29663 2.07334
22 1.075 2.46255 3.57256
23 1.125 2.15584 5.00996
24 1.175 1.74267 6.27744
25 1.225 1.37739 7.36631
26 1.275 1.12712 8.33154
27 1.325 0.952758 9.2127
28 1.375 0.835511 10.0448
29 1.425 0.758194 10.8559
30 1.475 0.715762 11.6762
31 1.525 0.677253 12.5059
32 1.575 0.681124 13.3959
33 1.625 0.703183 14.374
34 1.675 0.740529 15.4685
35 1.725 0.821647 16.7563
36 1.775 0.891578 18.236
37 1.825 0.959453 19.9193
38 1.875 1.04017 21.8456
39 1.925 1.11842 24.0287
40 1.975 1.17791 26.4489
41 2.025 1.21644 29.0765
42 2.075 1.20559 31.8107
43 2.125 1.18619 34.6322
44 2.175 1.13738 37.4664
45 2.225 1.06339 40.2395
46 2.275 1.02673 43.0386
47 2.325 0.95993 45.7719
48 2.375 0.929865 48.5347
49 2.425 0.90582 51.3405
50 2.475 0.897678 54.237
82000 50
1 0.025 0 0
2 0.075 0 0
3 0.125 0 0
4 0.175 0 0
5 0.225 0 0
6 0.275 0 0
7 0.325 0 0
8 0.375 0 0
9 0.425 0 0
10 0.475 0 0
11 0.525 0 0
12 0.575 0 0
13 0.625 0 0
14 0.675 0 0
15 0.725 0 0
16 0.775 0 0
17 0.825 0 0
18 0.875 0.00871531 0.00351563
19 0.925 0.294405 0.13623
20 0.975 1.34114 0.80791
21 1.025 2.28922 2.075
22 1.075 2.46046 3.57295
23 1.125 2.17078 5.02031
24 1.175 1.73542 6.28252
25 1.225 1.37492 7.36943
26 1.275 1.12769 8.33516
27 1.325 0.963845 9.22656
28 1.375 0.822176 10.0454
29 1.425 0.741943 10.8391
30 1.475 0.69889 11.64
31 1.525 0.677571 12.4701
32 1.575 0.677686 13.3557
33 1.625 0.717645 14.3539
34 1.675 0.766498 15.4867
35 1.725 0.809809 16.7561
36 1.775 0.88487 18.2246
37 1.825 0.968748 19.9242
38 1.875 1.06374 21.8941
39 1.925 1.12397 24.0881
40 1.975 1.18195 26.5166
41 2.025 1.20844 29.1269
42 2.075 1.20443 31.8585
43 2.125 1.16886 34.6388
44 2.175 1.11892 37.427
45 2.225 1.06774 40.2113
46 2.275 1.01487 42.9781
47 2.325 0.970733 45.7422
48 2.375 0.937161 48.5267
49 2.425 0.899483 51.3129
50 2.475 0.904095 54.2301
83000 50
1 0.025 0 0
2 0.075 0 0
3 0.125 0 0
4 0.175 0 0
5 0.225 0 0
6 0.275 0 0
7 0.325 0 0
8 0.375 0 0
9 0.425 0 0
10 0.475 0 0
11 0.525 0 0
12 0.575 0 0
13 0.625 0 0
14 0.675 0 0
15 0.725 0 0
16 0.775 0 0
17 0.825 0 0
18 0.875 0.0091995 0.00371094
19 0.925 0.287906 0.133496
20 0.975 1.33529 0.802246
21 1.025 2.30916 2.08037
22 1.075 2.48597 3.59385
23 1.125 2.1327 5.01582
24 1.175 1.71555 6.26357
25 1.225 1.39592 7.36709
26 1.275 1.14149 8.34463
27 1.325 0.951385 9.22451
28 1.375 0.816587 10.0378
29 1.425 0.762667 10.8536
30 1.475 0.704599 11.6611
31 1.525 0.677253 12.4908
32 1.575 0.682693 13.3829
33 1.625 0.708518 14.3685
34 1.675 0.749318 15.4759
35 1.725 0.81037 16.7461
36 1.775 0.895932 18.233
37 1.825 0.970863 19.9363
38 1.875 1.04418 21.87
39 1.925 1.13197 24.0796
40 1.975 1.17777 26.4995
41 2.025 1.21328 29.1202
42 2.075 1.19517 31.8309
43 2.125 1.17174 34.618
44 2.175 1.12499 37.4213
45 2.225 1.06474 40.1979
46 2.275 1.01333 42.9604
47 2.325 0.983355 45.7604
48 2.375 0.935452 48.5398
49 2.425 0.906639 51.3482
50 2.475 0.900281 54.2531
84000 50
1 0.025 0 0
2 0.075 0 0
3 0.125 0 0
4 0.175 0 0
5 0.225 0 0
6 0.275 0 0
7 0.325 0 0
8 0.375 0 0
9 0.425 0 0
10 0.475 0 0
11 0.525 0 0
12 0.575 0 0
13 0.625 0 0
14 0.675 0 0
15 0.725 0 0
16 0.775 0 0
17 0.825 0 0
18 0.875 0.00871531 0.00351563
19 0.925 0.287256 0.133008
20 0.975 1.34893 0.808594
21 1.025 2.30493 2.08438
22 1.075 2.43752 3.56836
23 1.125 2.15218 5.00332
24 1.175 1.75784 6.28184
25 1.225 1.38863 7.37959
26 1.275 1.13647 8.35283
27 1.325 0.95846 9.23926
28 1.375 0.825313 10.0612
29 1.425 0.752442 10.8661
30 1.475 0.697953 11.666
31 1.525 0.669042 12.4856
32 1.575 0.679405 13.3734
33 1.625 0.705078 14.3542
34 1.675 0.743569 15.4531
35 1.725 0.810681 16.7238
36 1.775 0.890636 18.202
37 1.825 0.972088 19.9074
38 1.875 1.05673 21.8644
39 1.925 1.12747 24.0651
40 1.975 1.18765 26.5054
41 2.025 1.21852 29.1374
42 2.075 1.20813 31.8774
43 2.125 1.17704 34.6771
44 2.175 1.11763 37.4621
45 2.225 1.06017 40.2268
46 2.275 1.02351 43.0171
47 2.325 0.972757 45.7869
48 2.375 0.930654 48.5521
49 2.425 0.907238 51.3623
50 2.475 0.888478 54.2291
85000 50
1 0.025 0 0
2 0.075 0 0
3 0.125 0 0
4 0.175 0 0
5 0.225 0 0
6 0.275 0 0
7 0.325 0 0
8 0.375 0 0
9 0.425 0 0
10 0.475 0 0
11 0.525 0 0
12 0.575 0 0
13 0.625 0 0
14 0.675 0 0
15 0.725 0 0
16 0.775 0 0
17 0.825 0 0
18 0.875 0.00847322 0.00341797
19 0.925 0.293538 0.135742
20 0.975 1.31481 0.794238
21 1.025 2.31957 2.07812
22 1.075 2.46912 3.58135
23 1.125 2.14603 5.01221
24 1.175 1.74227 6.27939
25 1.225 1.38381 7.37334
26 1.275 1.14377 8.35283
27 1.325 0.950223 9.23164
28 1.375 0.83355 10.0618
29 1.425 0.737653 10.8509
30 1.475 0.69071 11.6425
31 1.525 0.672789 12.4667
32 1.575 0.691288 13.37
33 1.625 0.709782 14.3573
34 1.675 0.745551 15.4592
35 1.725 0.818905 16.7428
36 1.775 0.895873 18.2296
37 1.825 0.973313 19.9372
38 1.875 1.05356 21.8883
39 1.925 1.11071 24.0563
40 1.975 1.18604 26.4933
41 2.025 1.20546 29.0971
42 2.075 1.20555 31.8313
43 2.125 1.18028 34.6387
44 2.175 1.13064 37.4561
45 2.225 1.06646 40.2371
46 2.275 1.0258 43.0337
47 2.325 0.959484 45.7657
48 2.375 0.933776 48.5401
49 2.425 0.900681 51.3301
50 2.475 0.901794 54.2398
86000 50
1 0.025 0 0
2 0.075 0 0
3 0.125 0 0
4 0.175 0 0
5 0.225 0 0
6 0.275 0 0
7 0.325 0 0
8 0.375 0 0
9 0.425 0 0
10 0.475 0 0
11 0.525 0 0
12 0.575 0 0
13 0.625 0 0
14 0.675 0 0
15 0.725 0 0
16 0.775 0 0
17 0.825 0 0
18 0.875 0.00774695 0.003125
19 0.925 0.285956 0.132031
20 0.975 1.3425 0.804395
21 1.025 2.30599 2.08076
22 1.075 2.46078 3.57891
23 1.125 2.13768 5.0042
24 1.175 1.75314 6.2793
25 1.225 1.37331 7.36494
26 1.275 1.13602 8.33779
27 1.325 0.949907 9.21631
28 1.375 0.832569 10.0455
29 1.425 0.751073 10.8489
30 1.475 0.717466 11.6712
31 1.525 0.675339 12.4985
32 1.575 0.668793 13.3725
33 1.625 0.701638 14.3484
34 1.675 0.752423 15.4604
35 1.725 0.807317 16.7259
36 1.775 0.887282 18.1984
37 1.825 0.973535 19.9064
38 1.875 1.05583 21.8617
39 1.925 1.12622 24.0601
40 1.975 1.18979 26.5047
41 2.025 1.21265 29.124
42 2.075 1.20116 31.8482
43 2.125 1.17387 34.6404
44 2.175 1.11398 37.4163
45 2.225 1.0771 40.2251
46 2.275 1.02143 43.0098
47 2.325 0.971179 45.7751
48 2.375 0.933119 48.5476
49 2.425 0.905158 51.3514
50 2.475 0.89677 54.2449
87000 50
1 0.025 0 0
2 0.075 0 0
3 0.125 0 0
4 0.175 0 0
5 0.225 0 0
6 0.275 0 0
7 0.325 0 0
8 0.375 0 0
9 0.425 0 0
10 0.475 0 0
11 0.525 0 0
12 0.575 0 0
13 0.625 0 0
14 0.675 0 0
15 0.725 0 0
16 0.775 0 0
17 0.825 0 0
18 0.875 0.0091995 0.00371094
19 0.925 0.288772 0.133887
20 0.975 1.33958 0.804785
21 1.025 2.30687 2.08164
22 1.075 2.4457 3.57061
23 1.125 2.15936 5.01035
24 1.175 1.74589 6.28018
25 1.225 1.3916 7.38027
26 1.275 1.12473 8.34346
27 1.325 0.930478 9.204
28 1.375 0.836295 10.0369
29 1.425 0.747238 10.8362
30 1.475 0.700935 11.6396
31 1.525 0.685463 12.4793
32 1.575 0.670587 13.3556
33 1.625 0.704587 14.3356
34 1.675 0.755859 15.4527
35 1.725 0.822955 16.7427
36 1.775 0.903699 18.2425
37 1.825 0.973925 19.9512
38 1.875 1.05562 21.9061
39 1.925 1.12377 24.0996
40 1.975 1.16736 26.4981
41 2.025 1.20962 29.1109
42 2.075 1.1944 31.8198
43 2.125 1.1772 34.6199
44 2.175 1.12072 37.4126
45 2.225 1.06871 40.1995
46 2.275 1.03139 43.0113
47 2.325 0.970665 45.7752
48 2.375 0.929142 48.5358
49 2.425 0.899893 51.3233
50 2.475 0.897648 54.2197
88000 50
1 0.025 0 0
2 0.075 0 0
3 0.125 0 0
4 0.175 0 0
5 0.225 0 0
6 0.275 0 0
7 0.325 0 0
8 0.375 0 0
9 0.425 0 0
10 0.475 0 0
11 0.525 0 0
12 0.575 0 0
13 0.625 0 0
14 0.675 0 0
15 0.725 0 0
16 0.775 0 0
17 0.825 0 0
18 0.875 0.00895741 0.00361328
19 0.925 0.300037 0.138867
20 0.975 1.32359 0.801758
21 1.025 2.3104 2.08057
22 1.075 2.49238 3.59795
23 1.125 2.1305 5.01846
24 1.175 1.72427 6.27256
25 1.225 1.38678 7.36885
26 1.275 1.13625 8.34189
27 1.325 0.936391 9.20791
28 1.375 0.832765 10.0373
29 1.425 0.762119 10.8525
30 1.475 0.699998 11.6548
31 1.525 0.685543 12.4946
32 1.575 0.672903 13.3739
33 1.625 0.714345 14.3676
34 1.675 0.742181 15.4645
35 1.725 0.800028 16.7185
36 1.775 0.901346 18.2144
37 1.825 0.976931 19.9283
38 1.875 1.04834 21.8697
39 1.925 1.12607 24.0678
40 1.975 1.18052 26.4934
41 2.025 1.20374 29.0935
42 2.075 1.21575 31.8508
43 2.125 1.16579 34.6237
44 2.175 1.12346 37.4232
45 2.225 1.07133 40.217
46 2.275 1.0253 43.0122
47 2.325 0.966309 45.7637
48 2.375 0.94242 48.5638
49 2.425 0.899672 51.3506
50 2.475 0.896619 54.2437
89000 50
1 0.025 0 0
2 0.075 0 0
3 0.125 0 0
4 0.175 0 0
5 0.225 0 0
6 0.275 0 0
7 0.325 0 0
8 0.375 0 0
9 0.425 0 0
10 0.475 0 0
11 0.525 0 0
12 0.575 0 0
13 0.625 0 0
14 0.675 0 0
15 0.725 0 0
16 0.775 0 0
17 0.825 0 0
18 0.875 0.0101679 0.00410156
19 0.925 0.28444 0.132324
20 0.975 1.31949 0.793164
21 1.025 2.33863 2.0876
22 1.075 2.4842 3.6
23 1.125 2.14559 5.03057
24 1.175 1.72535 6.28545
25 1.225 1.37628 7.37344
26 1.275 1.11766 8.33057
27 1.325 0.9479 9.20723
28 1.375 0.82698 10.0309
29 1.425 0.748699 10.8317
30 1.475 0.698549 11.6323
31 1.525 0.693116 12.4814
32 1.575 0.681946 13.3726
33 1.625 0.701568 14.3484
34 1.675 0.751829 15.4596
35 1.725 0.825883 16.7541
36 1.775 0.897933 18.2443
37 1.825 0.977877 19.96
38 1.875 1.05245 21.909
39 1.925 1.12272 24.1005
40 1.975 1.19041 26.5464
41 2.025 1.1947 29.127
42 2.075 1.19715 31.8421
43 2.125 1.16365 34.61
44 2.175 1.12876 37.4227
45 2.225 1.07126 40.2162
46 2.275 1.00868 42.9661
47 2.325 0.974986 45.7423
48 2.375 0.925329 48.4916
49 2.425 0.905977 51.2979
50 2.475 0.898374 54.1967
90000 50
1 0.025 0 0
2 0.075 0 0
3 0.125 0 0
4 0.175 0 0
5 0.225 0 0
6 0.275 0 0
7 0.325 0 0
8 0.375 0 0
9 0.425 0 0
10 0.475 0 0
11 0.525 0 0
12 0.575 0 0
13 0.625 0 0
14 0.675 0 0
15 0.725 0 0
16 0.775 0 0
17 0.825 0 0
18 0.875 0.00968368 0.00390625
19 0.925 0.274908 0.127832
20 0.975 1.3115 0.784668
21 1.025 2.34515 2.08271
22 1.075 2.48083 3.59307
23 1.125 2.12713 5.01133
24 1.175 1.73475 6.27305
25 1.225 1.39283 7.37412
26 1.275 1.13807 8.34873
27 1.325 0.949168 9.22656
28 1.375 0.826882 10.0501
29 1.425 0.744591 10.8466
30 1.475 0.703918 11.6533
31 1.525 0.676535 12.4821
32 1.575 0.674547 13.3636
33 1.625 0.711397 14.3531
34 1.675 0.748062 15.4587
35 1.725 0.809934 16.7282
36 1.775 0.901934 18.2251
37 1.825 0.974593 19.935
38 1.875 1.05799 21.8942
39 1.925 1.12697 24.094
40 1.975 1.17548 26.5093
41 2.025 1.20767 29.1179
42 2.075 1.20103 31.8418
43 2.125 1.16985 34.6244
44 2.175 1.12899 37.4377
45 2.225 1.05478 40.1883
46 2.275 1.01537 42.9564
47 2.325 0.984658 45.7602
48 2.375 0.936997 48.5441
49 2.425 0.909761 51.3622
50 2.475 0.891232 54.2379
91000 50
1 0.025 0 0
2 0.075 0 0
3 0.125 0 0
4 0.175 0 0
5 0.225 0 0
6 0.275 0 0
7 0.325 0 0
8 0.375 0 0
9 0.425 0 0
10 0.475 0 0
11 0.525 0 0
12 0.575 0 0
13 0.625 0 0
14 0.675 0 0
15 0.725 0 0
16 0.775 0 0
17 0.825 0 0
18 0.875 0.00895741 0.00361328
19 0.925 0.285306 0.132227
20 0.975 1.33704 0.801855
21 1.025 2.3268 2.08975
22 1.075 2.44218 3.57656
23 1.125 2.15364 5.0125
24 1.175 1.7526 6.28721
25 1.225 1.3743 7.37363
26 1.275 1.14697 8.35586
27 1.325 0.949484 9.23398
28 1.375 0.816881 10.0476
29 1.425 0.75865 10.8591
30 1.475 0.685342 11.6445
31 1.525 0.683231 12.4815
32 1.575 0.680676 13.371
33 1.625 0.700023 14.3447
34 1.675 0.738613 15.4363
35 1.725 0.817036 16.717
36 1.775 0.902464 18.2147
37 1.825 0.975428 19.9261
38 1.875 1.06189 21.8926
39 1.925 1.12437 24.0873
40 1.975 1.18323 26.5185
41 2.025 1.19958 29.1096
42 2.075 1.21808 31.8722
43 2.125 1.1687 34.6521
44 2.175 1.12507 37.4556
45 2.225 1.05669 40.2111
46 2.275 1.01333 42.9737
47 2.325 0.968676 45.7319
48 2.375 0.933086 48.5043
49 2.425 0.91099 51.3262
50 2.475 0.892019 54.2044
92000 50
1 0.025 0 0
2 0.075 0 0
3 0.125 0 0
4 0.175 0 0
5 0.225 0 0
6 0.275 0 0
7 0.325 0 0
8 0.375 0 0
9 0.425 0 0
10 0.475 0 0
11 0.525 0 0
12 0.575 0 0
13 0.625 0 0
14 0.675 0 0
15 0.725 0 0
16 0.775 0 0
17 0.825 0 0
18 0.875 0.01041 0.00419922
19 0.925 0.286173 0.133203
20 0.975 1.37448 0.821582
21 1.025 2.29487 2.0918
22 1.075 2.45276 3.58506
23 1.125 2.1346 5.0083
24 1.175 1.72226 6.26094
25 1.225 1.37591 7.34863
26 1.275 1.13317 8.31904
27 1.325 0.945894 9.19385
28 1.375 0.859044 10.0494
29 1.425 0.766136 10.8689
30 1.475 0.696675 11.6674
31 1.525 0.673187 12.4921
32 1.575 0.679779 13.3804
33 1.625 0.69897 14.3526
34 1.675 0.760947 15.4772
35 1.725 0.826132 16.7722
36 1.775 0.881045 18.2344
37 1.825 0.973647 19.9426
38 1.875 1.05657 21.8992
39 1.925 1.11997 24.0854
40 1.975 1.17796 26.5057
41 2.025 1.20772 29.1144
42 2.075 1.21011 31.8589
43 2.125 1.16648 34.6335
44 2.175 1.11637 37.4153
45 2.225 1.06287 40.187
46 2.275 1.02333 42.9769
47 2.325 0.965109 45.7249
48 2.375 0.934795 48.5023
49 2.425 0.91058 51.3229
50 2.475 0.901704 54.2324
93000 50
1 0.025 0 0
2 0.075 0 0
3 0.125 0 0
4 0.175 0 0
5 0.225 0 0
6 0.275 0 0
7 0.325 0 0
8 0.375 0 0
9 0.425 0 0
10 0.475 0 0
11 0.525 0 0
12 0.575 0 0
13 0.625 0 0
14 0.675 0 0
15 0.725 0 0
16 0.775 0 0
17 0.825 0 0
18 0.875 0.0125888 0.00507813
19 0.925 0.27989 0.13125
20 0.975 1.31813 0.791406
21 1.025 2.32469 2.07812
22 1.075 2.45613 3.57344
23 1.125 2.1822 5.02842
24 1.175 1.74562 6.29805
25 1.225 1.39889 7.40391
26 1.275 1.11287 8.35693
27 1.325 0.936074 9.22266
28 1.375 0.827274 10.0466
29 1.425 0.736283 10.8342
30 1.475 0.704684 11.6418
31 1.525 0.678209 12.4727
32 1.575 0.68927 13.3733
33 1.625 0.701638 14.3493
34 1.675 0.753745 15.4633
35 1.725 0.807193 16.7285
36 1.775 0.900875 18.2236
37 1.825 0.974036 19.9325
38 1.875 1.05884 21.8934
39 1.925 1.12272 24.0849
40 1.975 1.17914 26.5076
41 2.025 1.20225 29.1045
42 2.075 1.21188 31.853
43 2.125 1.18352 34.6682
44 2.175 1.13064 37.4855
45 2.225 1.08088 40.3042
46 2.275 1.00746 43.0508
47 2.325 0.948783 45.7523
48 2.375 0.923094 48.495
49 2.425 0.90582 51.3009
50 2.475 0.893865 54.1851
94000 50
1 0.025 0 0
2 0.075 0 0
3 0.125 0 0
4 0.175 0 0
5 0.225 0 0
6 0.275 0 0
7 0.325 0 0
8 0.375 0 0
9 0.425 0 0
10 0.475 0 0
11 0.525 0 0
12 0.575 0 0
13 0.625 0 0
14 0.675 0 0
15 0.725 0 0
16 0.775 0 0
17 0.825 0 0
18 0.875 0.00992577 0.00400391
19 0.925 0.289639 0.13457
20 0.975 1.35225 0.811816
21 1.025 2.30122 2.08555
22 1.075 2.45244 3.57861
23 1.125 2.16683 5.02334
24 1.175 1.72857 6.28057
25 1.225 1.37603 7.36836
26 1.275 1.14149 8.3459
27 1.325 0.94431 9.21924
28 1.375 0.819332 10.0353
29 1.425 0.749247 10.8367
30 1.475 0.700424 11.6395
31 1.525 0.668723 12.4587
32 1.575 0.679854 13.3471
33 1.625 0.71252 14.3382
34 1.675 0.758899 15.4598
35 1.725 0.826942 16.756
36 1.775 0.902228 18.2533
37 1.825 0.983332 19.9785
38 1.875 1.05119 21.9252
39 1.925 1.12472 24.1206
40 1.975 1.16123 26.5065
41 2.025 1.20008 29.0987
42 2.075 1.21046 31.844
43 2.125 1.1646 34.6142
44 2.175 1.12354 37.4139
45 2.225 1.06523 40.1917
46 2.275 1.02465 42.9852
47 2.325 0.963805 45.7295
48 2.375 0.931837 48.4981
49 2.425 0.904054 51.2985
50 2.475 0.897981 54.196
95000 50
1 0.025 0 0
2 0.075 0 0
3 0.125 0 0
4 0.175 0 0
5 0.225 0 0
6 0.275 0 0
7 0.325 0 0
8 0.375 0 0
9 0.425 0 0
10 0.475 0 0
11 0.525 0 0
12 0.575 0 0
13 0.625 0 0
14 0.675 0 0
15 0.725 0 0
16 0.775 0 0
17 0.825 0 0
18 0.875 0.00774695 0.003125
19 0.925 0.28574 0.131934
20 0.975 1.35147 0.808789
21 1.025 2.32398 2.09512
22 1.075 2.45757 3.59131
23 1.125 2.12479 5.00801
24 1.175 1.73904 6.27285
25 1.225 1.38517 7.36787
26 1.275 1.11595 8.32354
27 1.325 0.958882 9.21035
28 1.375 0.825117 10.0321
29 1.425 0.758376 10.8434
30 1.475 0.702213 11.6481
31 1.525 0.690645 12.4942
32 1.575 0.688 13.3933
33 1.625 0.703463 14.3718
34 1.675 0.75652 15.4898
35 1.725 0.805946 16.7531
36 1.775 0.884752 18.2215
37 1.825 0.974927 19.9319
38 1.875 1.04544 21.868
39 1.925 1.12937 24.0725
40 1.975 1.18356 26.5043
41 2.025 1.20614 29.1096
42 2.075 1.20275 31.8374
43 2.125 1.16566 34.6101
44 2.175 1.1161 37.3912
45 2.225 1.07575 40.1965
46 2.275 1.02662 42.9953
47 2.325 0.964045 45.7403
48 2.375 0.932067 48.5097
49 2.425 0.916602 51.3489
50 2.475 0.897557 54.245
96000 50
1 0.025 0 0
2 0.075 0 0
3 0.125 0 0
4 0.175 0 0
5 0.225 0 0
6 0.275 0 0
7 0.325 0 0
8 0.375 0 0
9 0.425 0 0
10 0.475 0 0
11 0.525 0 0
12 0.575 0 0
13 0.625 0 0
14 0.675 0 0
15 0.725 0 0
16 0.775 0 0
17 0.825 0.000272317 9.76563e-05
18 0.875 0.00774695 0.00322266
19 0.925 0.286389 0.132324
20 0.975 1.32905 0.797949
21 1.025 2.32081 2.08252
22 1.075 2.47795 3.59111
23 1.125 2.17122 5.03877
24 1.175 1.7283 6.2958
25 1.225 1.37418 7.38213
26 1.275 1.11504 8.33701
27 1.325 0.945683 9.21162
28 1.375 0.822078 10.0304
29 1.425 0.751438 10.8342
30 1.475 0.688069 11.6228
31 1.525 0.68084 12.4568
32 1.575 0.688074 13.356
33 1.625 0.692862 14.3197
34 1.675 0.761146 15.4446
35 1.725 0.827005 16.7409
36 1.775 0.901581 18.2372
37 1.825 0.977766 19.9526
38 1.875 1.07149 21.9369
39 1.925 1.10781 24.0993
40 1.975 1.17753 26.5188
41 2.025 1.20071 29.1123
42 2.075 1.20137 31.837
43 2.125 1.17855 34.6403
44 2.175 1.12468 37.4429
45 2.225 1.06189 40.212
46 2.275 1.01172 42.9702
47 2.325 0.973203 45.7413
48 2.375 0.926907 48.4953
49 2.425 0.902257 51.2901
50 2.475 0.901552 54.1991
97000 50
1 0.025 0 0
2 0.075 0 0
3 0.125 0 0
4 0.175 0 0
5 0.225 0 0
6 0.275 0 0
7 0.325 0 0
8 0.375 0 0
9 0.425 0 0
10 0.475 0 0
11 0.525 0 0
12 0.575 0 0
13 0.625 0 0
14 0.675 0 0
15 0.725 0 0
16 0.775 0 0
17 0.825 0 0
18 0.875 0.01041 0.00419922
19 0.925 0.286823 0.133496
20 0.975 1.35225 0.810742
21 1.025 2.30898 2.08877
22 1.075 2.4595 3.58613
23 1.125 2.15115 5.02041
24 1.175 1.7232 6.27373
25 1.225 1.38604 7.36943
26 1.275 1.13032 8.3374
27 1.325 0.947478 9.21367
28 1.375 0.819038 10.0294
29 1.425 0.744408 10.8257
30 1.475 0.710053 11.6395
31 1.525 0.685862 12.4797
32 1.575 0.687775 13.3784
33 1.625 0.696794 14.3477
34 1.675 0.760088 15.471
35 1.725 0.812052 16.7438
36 1.775 0.887989 18.2176
37 1.825 0.977209 19.932
38 1.875 1.05652 21.8886
39 1.925 1.11416 24.0634
40 1.975 1.18955 26.5075
41 2.025 1.21002 29.1212
42 2.075 1.20322 31.8501
43 2.125 1.17564 34.6465
44 2.175 1.12119 37.4403
45 2.225 1.06485 40.2172
46 2.275 1.01752 42.9912
47 2.325 0.968435 45.7487
48 2.375 0.93818 48.5362
49 2.425 0.903045 51.3335
50 2.475 0.889749 54.2044
98000 50
1 0.025 0 0
2 0.075 0 0
3 0.125 0 0
4 0.175 0 0
5 0.225 0 0
6 0.275 0 0
7 0.325 0 0
8 0.375 0 0
9 0.425 0 0
10 0.475 0 0
11 0.525 0 0
12 0.575 0 0
13 0.625 0 0
14 0.675 0 0
15 0.725 0 0
16 0.775 0 0
17 0.825 0 0
18 0.875 0.01041 0.00419922
19 0.925 0.296571 0.137891
20 0.975 1.34289 0.810449
21 1.025 2.29152 2.07881
22 1.075 2.4672 3.58086
23 1.125 2.14442 5.01064
24 1.175 1.74723 6.28145
25 1.225 1.39184 7.38174
26 1.275 1.12382 8.34414
27 1.325 0.956453 9.22871
28 1.375 0.805114 10.0306
29 1.425 0.761754 10.8454
30 1.475 0.695993 11.6431
31 1.525 0.68084 12.4771
32 1.575 0.675594 13.36
33 1.625 0.707044 14.3435
34 1.675 0.753481 15.457
35 1.725 0.814856 16.7343
36 1.775 0.905053 18.2363
37 1.825 0.96513 19.9296
38 1.875 1.05472 21.8828
39 1.925 1.12942 24.0874
40 1.975 1.18737 26.5271
41 2.025 1.20528 29.1305
42 2.075 1.19806 31.8477
43 2.125 1.16808 34.6261
44 2.175 1.12397 37.4269
45 2.225 1.06482 40.2036
46 2.275 1.01434 42.9689
47 2.325 0.967098 45.7227
48 2.375 0.94459 48.5292
49 2.425 0.906576 51.3374
50 2.475 0.889567 54.2077
99000 50
1 0.025 0 0
2 0.075 0 0
3 0.125 0 0
4 0.175 0 0
5 0.225 0 0
6 0.275 0 0
7 0.325 0 0
8 0.375 0 0
9 0.425 0 0
10 0.475 0 0
11 0.525 0 0
12 0.575 0 0
13 0.625 0 0
14 0.675 0 0
15 0.725 0 0
16 0.775 0 0
17 0.825 0 0
18 0.875 0.00847322 0.00341797
19 0.925 0.28509 0.131934
20 0.975 1.35673 0.811426
21 1.025 2.30546 2.0875
22 1.075 2.45356 3.58125
23 1.125 2.13036 5.00166
24 1.175 1.75663 6.2793
25 1.225 1.38023 7.37041
26 1.275 1.12861 8.33691
27 1.325 0.958248 9.22314
28 1.375 0.818254 10.0381
29 1.425 0.745047 10.8351
30 1.475 0.699231 11.6364
31 1.525 0.681796 12.4717
32 1.575 0.684711 13.3664
33 1.625 0.716241 14.3627
34 1.675 0.759361 15.485
35 1.725 0.822207 16.7737
36 1.775 0.887224 18.2462
37 1.825 0.967524 19.9437
38 1.875 1.05667 21.9005
39 1.925 1.11396 24.0749
40 1.975 1.18874 26.5174
41 2.025 1.19334 29.095
42 2.075 1.20318 31.8238
43 2.125 1.17207 34.6117
44 2.175 1.12441 37.4136
45 2.225 1.07418 40.2147
46 2.275 1.01405 42.9793
47 2.325 0.973203 45.7504
48 2.375 0.930884 48.5162
49 2.425 0.901406 51.3084
50 2.475 0.896014 54.1995
100000 50
1 0.025 0 0
2 0.075 0 0
3 0.125 0 0
4 0.175 0 0
5 0.225 0 0
6 0.275 0 0
7 0.325 0 0
8 0.375 0 0
9 0.425 0 0
10 0.475 0 0
11 0.525 0 0
12 0.575 0 0
13 0.625 0 0
14 0.675 0 0
15 0.725 0 0
16 0.775 0 0
17 0.825 0 0
18 0.875 0.00653649 0.00263672
19 0.925 0.294188 0.135254
20 0.975 1.34075 0.806738
21 1.025 2.27987 2.06865
22 1.075 2.46046 3.5666
23 1.125 2.15628 5.0043
24 1.175 1.73783 6.26826
25 1.225 1.37764 7.35732
26 1.275 1.15814 8.34912
27 1.325 0.950435 9.22813
28 1.375 0.826196 10.051
29 1.425 0.749703 10.8529
30 1.475 0.712779 11.6698
31 1.525 0.679086 12.5018
32 1.575 0.681572 13.3924
33 1.625 0.701287 14.3679
34 1.675 0.741851 15.4643
35 1.725 0.802395 16.722
36 1.775 0.88434 18.1896
37 1.825 0.977265 19.9042
38 1.875 1.05947 21.8662
39 1.925 1.12967 24.0713
40 1.975 1.17634 26.4883
41 2.025 1.21093 29.1039
42 2.075 1.21244 31.8537
43 2.125 1.17252 34.6427
44 2.175 1.12703 37.4511
45 2.225 1.07549 40.2557
46 2.275 1.00649 42.9996
47 2.325 0.969396 45.7599
48 2.375 0.930358 48.5241
49 2.425 0.90809 51.337
50 2.475 0.891928 54.2149
