# Time-averaged data for fix 1
# TimeStep Number-of-rows
# Row c_RDF[1] c_RDF[2] c_RDF[3]
21000 50
1 0.025 0 0
2 0.075 0 0
3 0.125 0 0
4 0.175 0 0
5 0.225 0 0
6 0.275 0 0
7 0.325 0 0
8 0.375 0 0
9 0.425 0 0
10 0.475 0 0
11 0.525 0 0
12 0.575 0 0
13 0.625 0 0
14 0.675 0 0
15 0.725 0 0
16 0.775 0 0
17 0.825 0 0
18 0.875 0.00871922 0.00351563
19 0.925 0.27113 0.125684
20 0.975 1.35617 0.80459
21 1.025 2.30702 2.08096
22 1.075 2.46863 3.5832
23 1.125 2.14274 5.01123
24 1.175 1.72437 6.26484
25 1.225 1.38987 7.36309
26 1.275 1.12535 8.32637
27 1.325 0.967552 9.2208
28 1.375 0.84491 10.0619
29 1.425 0.743646 10.857
30 1.475 0.692384 11.6502
31 1.525 0.669103 12.4695
32 1.575 0.677168 13.354
33 1.625 0.710381 14.3417
34 1.675 0.752033 15.4526
35 1.725 0.822638 16.7415
36 1.775 0.889741 18.2175
37 1.825 0.979095 19.9345
38 1.875 1.06026 21.8971
39 1.925 1.12132 24.0849
40 1.975 1.18143 26.5112
41 2.025 1.20536 29.1137
42 2.075 1.19601 31.825
43 2.125 1.17235 34.6123
44 2.175 1.12667 37.4186
45 2.225 1.07743 40.227
46 2.275 1.0102 42.9798
47 2.325 0.963139 45.721
48 2.375 0.932945 48.4917
49 2.425 0.89935 51.2763
50 2.475 0.900715 54.1812
22000 50
1 0.025 0 0
2 0.075 0 0
3 0.125 0 0
4 0.175 0 0
5 0.225 0 0
6 0.275 0 0
7 0.325 0 0
8 0.375 0 0
9 0.425 0 0
10 0.475 0 0
11 0.525 0 0
12 0.575 0 0
13 0.625 0 0
14 0.675 0 0
15 0.725 0 0
16 0.775 0 0
17 0.825 0 0
18 0.875 0.00775042 0.003125
19 0.925 0.278499 0.128613
20 0.975 1.32184 0.790332
21 1.025 2.3372 2.0834
22 1.075 2.45868 3.57959
23 1.125 2.14069 5.00625
24 1.175 1.74506 6.2749
25 1.225 1.39346 7.37598
26 1.275 1.12261 8.33691
27 1.325 0.952445 9.21738
28 1.375 0.822838 10.0365
29 1.425 0.747391 10.8356
30 1.475 0.694089 11.6308
31 1.525 0.68912 12.4746
32 1.575 0.681355 13.3646
33 1.625 0.70132 14.3396
34 1.675 0.754545 15.4543
35 1.725 0.817029 16.7344
36 1.775 0.899925 18.2272
37 1.825 0.967902 19.9246
38 1.875 1.04823 21.8649
39 1.925 1.12457 24.0591
40 1.975 1.18562 26.494
41 2.025 1.20998 29.1064
42 2.075 1.2169 31.8651
43 2.125 1.16347 34.6313
44 2.175 1.13526 37.459
45 2.225 1.06203 40.2272
46 2.275 1.01536 42.9941
47 2.325 0.96386 45.7374
48 2.375 0.927585 48.4922
49 2.425 0.908781 51.306
50 2.475 0.891904 54.1825
23000 50
1 0.025 0 0
2 0.075 0 0
3 0.125 0 0
4 0.175 0 0
5 0.225 0 0
6 0.275 0 0
7 0.325 0 0
8 0.375 0 0
9 0.425 0 0
10 0.475 0 0
11 0.525 0 0
12 0.575 0 0
13 0.625 0 0
14 0.675 0 0
15 0.725 0 0
16 0.775 0 0
17 0.825 0 0
18 0.875 0.00775042 0.003125
19 0.925 0.272647 0.125977
20 0.975 1.31774 0.785645
21 1.025 2.3372 2.07871
22 1.075 2.46076 3.57617
23 1.125 2.14801 5.00771
24 1.175 1.7464 6.27734
25 1.225 1.39605 7.38047
26 1.275 1.12478 8.34326
27 1.325 0.947586 9.21924
28 1.375 0.82686 10.0424
29 1.425 0.754971 10.8496
30 1.475 0.701335 11.653
31 1.525 0.670618 12.4742
32 1.575 0.690102 13.3756
33 1.625 0.702234 14.352
34 1.675 0.747604 15.4563
35 1.725 0.817777 16.7376
36 1.775 0.882088 18.2009
37 1.825 0.972691 19.9066
38 1.875 1.05414 21.8579
39 1.925 1.13654 24.0754
40 1.975 1.18015 26.4991
41 2.025 1.20057 29.0912
42 2.075 1.20824 31.8303
43 2.125 1.16639 34.6034
44 2.175 1.12467 37.4047
45 2.225 1.07852 40.2159
46 2.275 1.01544 42.983
47 2.325 0.971306 45.7475
48 2.375 0.924133 48.492
49 2.425 0.900958 51.2815
50 2.475 0.897748 54.177
24000 50
1 0.025 0 0
2 0.075 0 0
3 0.125 0 0
4 0.175 0 0
5 0.225 0 0
6 0.275 0 0
7 0.325 0 0
8 0.375 0 0
9 0.425 0 0
10 0.475 0 0
11 0.525 0 0
12 0.575 0 0
13 0.625 0 0
14 0.675 0 0
15 0.725 0 0
16 0.775 0 0
17 0.825 0 0
18 0.875 0.00726602 0.00292969
19 0.925 0.282183 0.130078
20 0.975 1.30974 0.785742
21 1.025 2.33208 2.07598
22 1.075 2.46927 3.57861
23 1.125 2.17439 5.02773
24 1.175 1.73432 6.28857
25 1.225 1.37603 7.37588
26 1.275 1.11998 8.33457
27 1.325 0.958572 9.2207
28 1.375 0.831569 10.0485
29 1.425 0.744377 10.8444
30 1.475 0.691361 11.6364
31 1.525 0.684335 12.4744
32 1.575 0.680009 13.3626
33 1.625 0.702374 14.3392
34 1.675 0.747141 15.4429
35 1.725 0.815844 16.7211
36 1.775 0.898689 18.2119
37 1.825 0.962333 19.8995
38 1.875 1.05741 21.8568
39 1.925 1.12843 24.0585
40 1.975 1.19042 26.5033
41 2.025 1.21247 29.1211
42 2.075 1.19898 31.8392
43 2.125 1.1737 34.6297
44 2.175 1.11072 37.3962
45 2.225 1.07518 40.1987
46 2.275 1.01837 42.9738
47 2.325 0.965919 45.7229
48 2.375 0.929986 48.4849
49 2.425 0.906573 51.2918
50 2.475 0.892207 54.1693
25000 50
1 0.025 0 0
2 0.075 0 0
3 0.125 0 0
4 0.175 0 0
5 0.225 0 0
6 0.275 0 0
7 0.325 0 0
8 0.375 0 0
9 0.425 0 0
10 0.475 0 0
11 0.525 0 0
12 0.575 0 0
13 0.625 0 0
14 0.675 0 0
15 0.725 0 0
16 0.775 0 0
17 0.825 0 0
18 0.875 0.0104146 0.00419922
19 0.925 0.283917 0.132129
20 0.975 1.3275 0.79668
21 1.025 2.30066 2.06953
22 1.075 2.4797 3.57852
23 1.125 2.14333 5.00693
24 1.175 1.75514 6.28291
25 1.225 1.37887 7.37246
26 1.275 1.13105 8.34062
27 1.325 0.946635 9.21572
28 1.375 0.831765 10.0437
29 1.425 0.755428 10.8515
30 1.475 0.690338 11.6423
31 1.525 0.678035 12.4726
32 1.575 0.680682 13.3616
33 1.625 0.713472 14.3536
34 1.675 0.749191 15.4604
35 1.725 0.818275 16.7424
36 1.775 0.8825 18.2063
37 1.825 0.966621 19.9015
38 1.875 1.06374 21.8705
39 1.925 1.12257 24.0607
40 1.975 1.19013 26.505
41 2.025 1.21522 29.1287
42 2.075 1.20325 31.8564
43 2.125 1.16495 34.6262
44 2.175 1.11436 37.4018
45 2.225 1.07301 40.1986
46 2.275 1.01766 42.9718
47 2.325 0.958919 45.701
48 2.375 0.933471 48.4732
49 2.425 0.910862 51.2935
50 2.475 0.898353 54.1908
26000 50
1 0.025 0 0
2 0.075 0 0
3 0.125 0 0
4 0.175 0 0
5 0.225 0 0
6 0.275 0 0
7 0.325 0 0
8 0.375 0 0
9 0.425 0 0
10 0.475 0 0
11 0.525 0 0
12 0.575 0 0
13 0.625 0 0
14 0.675 0 0
15 0.725 0 0
16 0.775 0 0
17 0.825 0 0
18 0.875 0.0116256 0.0046875
19 0.925 0.270046 0.126367
20 0.975 1.31911 0.786719
21 1.025 2.32379 2.07236
22 1.075 2.48548 3.58486
23 1.125 2.12779 5.00293
24 1.175 1.76252 6.28428
25 1.225 1.38011 7.3748
26 1.275 1.15033 8.35947
27 1.325 0.954664 9.24199
28 1.375 0.81401 10.0523
29 1.425 0.730676 10.8336
30 1.475 0.710541 11.6476
31 1.525 0.671176 12.4694
32 1.575 0.670887 13.3457
33 1.625 0.700969 14.3203
34 1.675 0.756595 15.438
35 1.725 0.820457 16.7234
36 1.775 0.893979 18.2064
37 1.825 0.9718 19.9106
38 1.875 1.05657 21.8664
39 1.925 1.12803 24.0673
40 1.975 1.17554 26.4815
41 2.025 1.21599 29.1069
42 2.075 1.20717 31.8436
43 2.125 1.17062 34.6268
44 2.175 1.1244 37.4273
45 2.225 1.06589 40.2057
46 2.275 1.02325 42.994
47 2.325 0.973948 45.766
48 2.375 0.929657 48.527
49 2.425 0.90528 51.3299
50 2.475 0.890844 54.203
27000 50
1 0.025 0 0
2 0.075 0 0
3 0.125 0 0
4 0.175 0 0
5 0.225 0 0
6 0.275 0 0
7 0.325 0 0
8 0.375 0 0
9 0.425 0 0
10 0.475 0 0
11 0.525 0 0
12 0.575 0 0
13 0.625 0 0
14 0.675 0 0
15 0.725 0 0
16 0.775 0 0
17 0.825 0 0
18 0.875 0.00726602 0.00292969
19 0.925 0.285217 0.131445
20 0.975 1.3156 0.790039
21 1.025 2.30402 2.06475
22 1.075 2.44825 3.55459
23 1.125 2.16443 4.99707
24 1.175 1.74667 6.26689
25 1.225 1.40705 7.37871
26 1.275 1.14417 8.35811
27 1.325 0.946846 9.2334
28 1.375 0.819896 10.0496
29 1.425 0.740906 10.8418
30 1.475 0.706705 11.6514
31 1.525 0.686807 12.4924
32 1.575 0.678513 13.3786
33 1.625 0.708555 14.3638
34 1.675 0.744167 15.4631
35 1.725 0.807243 16.7278
36 1.775 0.881322 18.1898
37 1.825 0.982715 19.9132
38 1.875 1.05351 21.8633
39 1.925 1.12753 24.0632
40 1.975 1.16736 26.4606
41 2.025 1.22246 29.1
42 2.075 1.20501 31.8317
43 2.125 1.17879 34.6344
44 2.175 1.13118 37.4519
45 2.225 1.06885 40.2379
46 2.275 1.00737 42.983
47 2.325 0.973193 45.7528
48 2.375 0.930545 48.5164
49 2.425 0.90755 51.3264
50 2.475 0.895689 54.2151
28000 50
1 0.025 0 0
2 0.075 0 0
3 0.125 0 0
4 0.175 0 0
5 0.225 0 0
6 0.275 0 0
7 0.325 0 0
8 0.375 0 0
9 0.425 0 0
10 0.475 0 0
11 0.525 0 0
12 0.575 0 0
13 0.625 0 0
14 0.675 0 0
15 0.725 0 0
16 0.775 0 0
17 0.825 0 0
18 0.875 0.00750822 0.00302734
19 0.925 0.27048 0.124902
20 0.975 1.33705 0.794238
21 1.025 2.33067 2.08369
22 1.075 2.44937 3.57422
23 1.125 2.16164 5.01484
24 1.175 1.72572 6.26943
25 1.225 1.39074 7.36836
26 1.275 1.13676 8.34141
27 1.325 0.957727 9.22676
28 1.375 0.837259 10.0603
29 1.425 0.740084 10.8516
30 1.475 0.695964 11.6488
31 1.525 0.673808 12.4739
32 1.575 0.683598 13.3668
33 1.625 0.705535 14.3478
34 1.675 0.752033 15.4587
35 1.725 0.818774 16.7415
36 1.775 0.881205 18.2033
37 1.825 0.975865 19.9146
38 1.875 1.0581 21.8732
39 1.925 1.12998 24.0779
40 1.975 1.1695 26.4798
41 2.025 1.23255 29.1409
42 2.075 1.20161 31.8649
43 2.125 1.16619 34.6376
44 2.175 1.11738 37.4207
45 2.225 1.07886 40.2328
46 2.275 1.01013 42.9854
47 2.325 0.955659 45.7054
48 2.375 0.934491 48.4807
49 2.425 0.907204 51.2896
50 2.475 0.895295 54.1771
29000 50
1 0.025 0 0
2 0.075 0 0
3 0.125 0 0
4 0.175 0 0
5 0.225 0 0
6 0.275 0 0
7 0.325 0 0
8 0.375 0 0
9 0.425 0 0
10 0.475 0 0
11 0.525 0 0
12 0.575 0 0
13 0.625 0 0
14 0.675 0 0
15 0.725 0 0
16 0.775 0 0
17 0.825 0 0
18 0.875 0.00726602 0.00292969
19 0.925 0.278932 0.128613
20 0.975 1.30779 0.783301
21 1.025 2.32802 2.07129
22 1.075 2.4598 3.56816
23 1.125 2.15622 5.00518
24 1.175 1.73915 6.26953
25 1.225 1.40569 7.38027
26 1.275 1.14098 8.35693
27 1.325 0.950966 9.23604
28 1.375 0.830588 10.0629
29 1.425 0.740997 10.8552
30 1.475 0.691361 11.6472
31 1.525 0.685611 12.4867
32 1.575 0.667523 13.3586
33 1.625 0.708344 14.3435
34 1.675 0.748662 15.4494
35 1.725 0.82401 16.7404
36 1.775 0.885855 18.21
37 1.825 0.968013 19.9075
38 1.875 1.05034 21.8518
39 1.925 1.12127 24.0395
40 1.975 1.18119 26.4653
41 2.025 1.21631 29.0914
42 2.075 1.20841 31.8309
43 2.125 1.17621 34.6273
44 2.175 1.13028 37.4426
45 2.225 1.07354 40.2408
46 2.275 1.01235 42.9995
47 2.325 0.965301 45.7469
48 2.375 0.930117 48.5092
49 2.425 0.911682 51.3319
50 2.475 0.894447 54.2167
30000 50
1 0.025 0 0
2 0.075 0 0
3 0.125 0 0
4 0.175 0 0
5 0.225 0 0
6 0.275 0 0
7 0.325 0 0
8 0.375 0 0
9 0.425 0 0
10 0.475 0 0
11 0.525 0 0
12 0.575 0 0
13 0.625 0 0
14 0.675 0 0
15 0.725 0 0
16 0.775 0 0
17 0.825 0 0
18 0.875 0.0111412 0.00449219
19 0.925 0.275031 0.128418
20 0.975 1.3392 0.798828
21 1.025 2.27666 2.0584
22 1.075 2.48435 3.57021
23 1.125 2.15974 5.00957
24 1.175 1.73002 6.26729
25 1.225 1.39704 7.37119
26 1.275 1.13972 8.34678
27 1.325 0.941142 9.2168
28 1.375 0.829803 10.0429
29 1.425 0.747117 10.8417
30 1.475 0.69622 11.6393
31 1.525 0.683218 12.4759
32 1.575 0.689205 13.3761
33 1.625 0.714033 14.3688
34 1.675 0.75362 15.4821
35 1.725 0.811357 16.7533
36 1.775 0.874611 18.2042
37 1.825 0.974306 19.9128
38 1.875 1.05799 21.8712
39 1.925 1.11742 24.0514
40 1.975 1.17549 26.4655
41 2.025 1.20885 29.0755
42 2.075 1.20863 31.8154
43 2.125 1.17826 34.6168
44 2.175 1.12365 37.4155
45 2.225 1.0714 40.2082
46 2.275 1.01884 42.9846
47 2.325 0.959022 45.7141
48 2.375 0.931038 48.4791
49 2.425 0.906983 51.2873
50 2.475 0.900382 54.1912
31000 50
1 0.025 0 0
2 0.075 0 0
3 0.125 0 0
4 0.175 0 0
5 0.225 0 0
6 0.275 0 0
7 0.325 0 0
8 0.375 0 0
9 0.425 0 0
10 0.475 0 0
11 0.525 0 0
12 0.575 0 0
13 0.625 0 0
14 0.675 0 0
15 0.725 0 0
16 0.775 0 0
17 0.825 0 0
18 0.875 0.0104146 0.00419922
19 0.925 0.263978 0.123145
20 0.975 1.33276 0.790332
21 1.025 2.28513 2.05459
22 1.075 2.47697 3.56191
23 1.125 2.18597 5.01875
24 1.175 1.72411 6.27217
25 1.225 1.3984 7.37715
26 1.275 1.13721 8.35059
27 1.325 0.934275 9.21426
28 1.375 0.832648 10.0432
29 1.425 0.742459 10.837
30 1.475 0.711394 11.652
31 1.525 0.688003 12.4944
32 1.575 0.672607 13.3729
33 1.625 0.699916 14.3461
34 1.675 0.757653 15.4653
35 1.725 0.815595 16.7432
36 1.775 0.899101 18.2347
37 1.825 0.968514 19.9331
38 1.875 1.04201 21.8619
39 1.925 1.12417 24.0553
40 1.975 1.16669 26.4514
41 2.025 1.20256 29.0478
42 2.075 1.21694 31.8065
43 2.125 1.17436 34.5986
44 2.175 1.12495 37.4006
45 2.225 1.07256 40.1963
46 2.275 1.0207 42.9777
47 2.325 0.971992 45.7441
48 2.375 0.930906 48.5088
49 2.425 0.912565 51.3343
50 2.475 0.89148 54.2095
32000 50
1 0.025 0 0
2 0.075 0 0
3 0.125 0 0
4 0.175 0 0
5 0.225 0 0
6 0.275 0 0
7 0.325 0 0
8 0.375 0 0
9 0.425 0 0
10 0.475 0 0
11 0.525 0 0
12 0.575 0 0
13 0.625 0 0
14 0.675 0 0
15 0.725 0 0
16 0.775 0 0
17 0.825 0 0
18 0.875 0.00629721 0.00253906
19 0.925 0.268312 0.123438
20 0.975 1.29648 0.772461
21 1.025 2.31973 2.05586
22 1.075 2.51645 3.58721
23 1.125 2.13585 5.01064
24 1.175 1.72599 6.26543
25 1.225 1.39383 7.3668
26 1.275 1.14406 8.34609
27 1.325 0.950544 9.2248
28 1.375 0.837945 10.059
29 1.425 0.740906 10.8512
30 1.475 0.695623 11.648
31 1.525 0.686089 12.4882
32 1.575 0.672906 13.3671
33 1.625 0.700126 14.3405
34 1.675 0.744167 15.4398
35 1.725 0.814286 16.7156
36 1.775 0.89551 18.2012
37 1.825 0.962556 19.8892
38 1.875 1.06675 21.8638
39 1.925 1.12262 24.0541
40 1.975 1.18509 26.488
41 2.025 1.20672 29.0934
42 2.075 1.20299 31.8205
43 2.125 1.17066 34.6038
44 2.175 1.13902 37.4408
45 2.225 1.06945 40.2284
46 2.275 1.01744 43.001
47 2.325 0.976967 45.7815
48 2.375 0.924461 48.5271
49 2.425 0.900864 51.3163
50 2.475 0.898989 54.2157
33000 50
1 0.025 0 0
2 0.075 0 0
3 0.125 0 0
4 0.175 0 0
5 0.225 0 0
6 0.275 0 0
7 0.325 0 0
8 0.375 0 0
9 0.425 0 0
10 0.475 0 0
11 0.525 0 0
12 0.575 0 0
13 0.625 0 0
14 0.675 0 0
15 0.725 0 0
16 0.775 0 0
17 0.825 0 0
18 0.875 0.00775042 0.003125
19 0.925 0.282183 0.130273
20 0.975 1.31618 0.78916
21 1.025 2.31161 2.06807
22 1.075 2.48098 3.57783
23 1.125 2.16369 5.01982
24 1.175 1.73942 6.28437
25 1.225 1.41694 7.404
26 1.275 1.1217 8.36416
27 1.325 0.938078 9.23135
28 1.375 0.814206 10.0419
29 1.425 0.753236 10.8473
30 1.475 0.691616 11.6396
31 1.525 0.655944 12.4428
32 1.575 0.678962 13.3296
33 1.625 0.714595 14.3231
34 1.675 0.759173 15.4446
35 1.725 0.82189 16.7323
36 1.775 0.896687 18.2198
37 1.825 0.979485 19.9375
38 1.875 1.05245 21.8856
39 1.925 1.13398 24.0981
40 1.975 1.16688 26.4946
41 2.025 1.19207 29.0684
42 2.075 1.21992 31.8339
43 2.125 1.1813 34.6425
44 2.175 1.12644 37.4481
45 2.225 1.05986 40.2107
46 2.275 1.01977 42.9896
47 2.325 0.966228 45.7396
48 2.375 0.920647 48.4738
49 2.425 0.913575 51.3024
50 2.475 0.894689 54.188
34000 50
1 0.025 0 0
2 0.075 0 0
3 0.125 0 0
4 0.175 0 0
5 0.225 0 0
6 0.275 0 0
7 0.325 0 0
8 0.375 0 0
9 0.425 0 0
10 0.475 0 0
11 0.525 0 0
12 0.575 0 0
13 0.625 0 0
14 0.675 0 0
15 0.725 0 0
16 0.775 0 0
17 0.825 0 0
18 0.875 0.00799262 0.00322266
19 0.925 0.271347 0.125488
20 0.975 1.35442 0.803516
21 1.025 2.28919 2.07002
22 1.075 2.49799 3.59014
23 1.125 2.14127 5.01719
24 1.175 1.7464 6.28682
25 1.225 1.3675 7.36738
26 1.275 1.13345 8.3376
27 1.325 0.958678 9.22383
28 1.375 0.818032 10.0382
29 1.425 0.742185 10.8317
30 1.475 0.709859 11.6449
31 1.525 0.672931 12.4689
32 1.575 0.69571 13.3776
33 1.625 0.702936 14.355
34 1.675 0.748001 15.46
35 1.725 0.804313 16.7201
36 1.775 0.889741 18.1961
37 1.825 0.979262 19.9134
38 1.875 1.04628 21.8501
39 1.925 1.13308 24.0608
40 1.975 1.18295 26.4903
41 2.025 1.21495 29.1135
42 2.075 1.20915 31.8546
43 2.125 1.17571 34.6499
44 2.175 1.12546 37.4531
45 2.225 1.06833 40.2378
46 2.275 1.00436 42.9747
47 2.325 0.959468 45.7055
48 2.375 0.940081 48.4974
49 2.425 0.913701 51.3264
50 2.475 0.892207 54.2039
35000 50
1 0.025 0 0
2 0.075 0 0
3 0.125 0 0
4 0.175 0 0
5 0.225 0 0
6 0.275 0 0
7 0.325 0 0
8 0.375 0 0
9 0.425 0 0
10 0.475 0 0
11 0.525 0 0
12 0.575 0 0
13 0.625 0 0
14 0.675 0 0
15 0.725 0 0
16 0.775 0 0
17 0.825 0 0
18 0.875 0.00750822 0.00302734
19 0.925 0.276765 0.127734
20 0.975 1.31365 0.785352
21 1.025 2.29696 2.05615
22 1.075 2.5057 3.58096
23 1.125 2.16897 5.02646
24 1.175 1.72935 6.28369
25 1.225 1.39222 7.38379
26 1.275 1.13482 8.35518
27 1.325 0.946846 9.23047
28 1.375 0.828626 10.0554
29 1.425 0.72748 10.8332
30 1.475 0.70321 11.6388
31 1.525 0.679789 12.4712
32 1.575 0.682925 13.3632
33 1.625 0.698581 14.3345
34 1.675 0.751703 15.4449
35 1.725 0.811107 16.7157
36 1.775 0.900043 18.2088
37 1.825 0.965229 19.9015
38 1.875 1.05393 21.8523
39 1.925 1.13163 24.0603
40 1.975 1.19223 26.5088
41 2.025 1.21486 29.1317
42 2.075 1.20635 31.8665
43 2.125 1.159 34.6221
44 2.175 1.12765 37.4308
45 2.225 1.06874 40.2165
46 2.275 1.01142 42.9727
47 2.325 0.964615 45.7181
48 2.375 0.941232 48.5134
49 2.425 0.907235 51.3224
50 2.475 0.888391 54.1876
36000 50
1 0.025 0 0
2 0.075 0 0
3 0.125 0 0
4 0.175 0 0
5 0.225 0 0
6 0.275 0 0
7 0.325 0 0
8 0.375 0 0
9 0.425 0 0
10 0.475 0 0
11 0.525 0 0
12 0.575 0 0
13 0.625 0 0
14 0.675 0 0
15 0.725 0 0
16 0.775 0 0
17 0.825 0 0
18 0.875 0.00702382 0.00283203
19 0.925 0.273947 0.12627
20 0.975 1.3392 0.79668
21 1.025 2.30296 2.0708
22 1.075 2.50554 3.59551
23 1.125 2.11373 5.0042
24 1.175 1.74332 6.27158
25 1.225 1.38332 7.36465
26 1.275 1.11702 8.3208
27 1.325 0.958784 9.20713
28 1.375 0.839711 10.0431
29 1.425 0.755337 10.8507
30 1.475 0.713269 11.6678
31 1.525 0.660968 12.4771
32 1.575 0.664831 13.3455
33 1.625 0.714595 14.3391
34 1.675 0.755339 15.4549
35 1.725 0.817839 16.7362
36 1.775 0.895922 18.2225
37 1.825 0.97709 19.9359
38 1.875 1.04992 21.8794
39 1.925 1.11927 24.0632
40 1.975 1.1772 26.4809
41 2.025 1.21608 29.1064
42 2.075 1.20501 31.8382
43 2.125 1.17432 34.6302
44 2.175 1.12256 37.4262
45 2.225 1.07076 40.2172
46 2.275 1.01483 42.9826
47 2.325 0.964443 45.7275
48 2.375 0.925843 48.4771
49 2.425 0.901305 51.2678
50 2.475 0.90126 54.1745
37000 50
1 0.025 0 0
2 0.075 0 0
3 0.125 0 0
4 0.175 0 0
5 0.225 0 0
6 0.275 0 0
7 0.325 0 0
8 0.375 0 0
9 0.425 0 0
10 0.475 0 0
11 0.525 0 0
12 0.575 0 0
13 0.625 0 0
14 0.675 0 0
15 0.725 0 0
16 0.775 0 0
17 0.825 0 0
18 0.875 0.00605501 0.00244141
19 0.925 0.284567 0.130664
20 0.975 1.3472 0.805078
21 1.025 2.30702 2.08145
22 1.075 2.47504 3.5876
23 1.125 2.17454 5.03682
24 1.175 1.73767 6.3001
25 1.225 1.37764 7.38867
26 1.275 1.1177 8.34541
27 1.325 0.944311 9.21836
28 1.375 0.821367 10.036
29 1.425 0.741271 10.8286
30 1.475 0.706961 11.6385
31 1.525 0.67301 12.4626
32 1.575 0.680233 13.3511
33 1.625 0.709749 14.3379
34 1.675 0.750645 15.4468
35 1.725 0.817091 16.727
36 1.775 0.888975 18.2017
37 1.825 0.974918 19.9113
38 1.875 1.05878 21.8712
39 1.925 1.12648 24.069
40 1.975 1.18295 26.4985
41 2.025 1.21821 29.1287
42 2.075 1.20854 31.8685
43 2.125 1.16746 34.6441
44 2.175 1.12558 37.4477
45 2.225 1.05926 40.2087
46 2.275 1.01092 42.9635
47 2.325 0.962488 45.7028
48 2.375 0.934228 48.4773
49 2.425 0.914332 51.3083
50 2.475 0.890481 54.1803
38000 50
1 0.025 0 0
2 0.075 0 0
3 0.125 0 0
4 0.175 0 0
5 0.225 0 0
6 0.275 0 0
7 0.325 0 0
8 0.375 0 0
9 0.425 0 0
10 0.475 0 0
11 0.525 0 0
12 0.575 0 0
13 0.625 0 0
14 0.675 0 0
15 0.725 0 0
16 0.775 0 0
17 0.825 0 0
18 0.875 0.00557061 0.00224609
19 0.925 0.277632 0.127344
20 0.975 1.32574 0.791016
21 1.025 2.35221 2.09238
22 1.075 2.47007 3.59551
23 1.125 2.14655 5.02607
24 1.175 1.72827 6.28252
25 1.225 1.37554 7.36943
26 1.275 1.12192 8.32979
27 1.325 0.954452 9.21211
28 1.375 0.82225 10.0307
29 1.425 0.756067 10.8391
30 1.475 0.698607 11.6394
31 1.525 0.665354 12.4541
32 1.575 0.681056 13.3437
33 1.625 0.71895 14.3433
34 1.675 0.749323 15.4502
35 1.725 0.81279 16.7236
36 1.775 0.894332 18.2072
37 1.825 0.980431 19.9266
38 1.875 1.05546 21.8803
39 1.925 1.13478 24.0943
40 1.975 1.18466 26.5273
41 2.025 1.20306 29.1248
42 2.075 1.20346 31.853
43 2.125 1.1599 34.6107
44 2.175 1.1331 37.433
45 2.225 1.05049 40.1712
46 2.275 1.01913 42.9483
47 2.325 0.973776 45.7198
48 2.375 0.935576 48.4983
49 2.425 0.900895 51.2877
50 2.475 0.900927 54.1934
39000 50
1 0.025 0 0
2 0.075 0 0
3 0.125 0 0
4 0.175 0 0
5 0.225 0 0
6 0.275 0 0
7 0.325 0 0
8 0.375 0 0
9 0.425 0 0
10 0.475 0 0
11 0.525 0 0
12 0.575 0 0
13 0.625 0 0
14 0.675 0 0
15 0.725 0 0
16 0.775 0 0
17 0.825 0 0
18 0.875 0.00775042 0.003125
19 0.925 0.282183 0.130273
20 0.975 1.33003 0.796094
21 1.025 2.31726 2.07812
22 1.075 2.45723 3.57344
23 1.125 2.13761 4.99805
24 1.175 1.75755 6.27578
25 1.225 1.36738 7.35625
26 1.275 1.13984 8.33193
27 1.325 0.947692 9.20801
28 1.375 0.837161 10.0414
29 1.425 0.762918 10.8571
30 1.475 0.701335 11.6605
31 1.525 0.679789 12.493
32 1.575 0.670812 13.3691
33 1.625 0.706237 14.3511
34 1.675 0.748794 15.4572
35 1.725 0.820083 16.7421
36 1.775 0.88768 18.2146
37 1.825 0.966398 19.9094
38 1.875 1.04871 21.8506
39 1.925 1.11762 24.0312
40 1.975 1.17653 26.4475
41 2.025 1.22341 29.0889
42 2.075 1.2026 31.8151
43 2.125 1.17506 34.6089
44 2.175 1.12342 37.407
45 2.225 1.0702 40.1966
46 2.275 1.01615 42.9656
47 2.325 0.978923 45.7518
48 2.375 0.930742 48.5159
49 2.425 0.910137 51.3339
50 2.475 0.899807 54.2359
40000 50
1 0.025 0 0
2 0.075 0 0
3 0.125 0 0
4 0.175 0 0
5 0.225 0 0
6 0.275 0 0
7 0.325 0 0
8 0.375 0 0
9 0.425 0 0
10 0.475 0 0
11 0.525 0 0
12 0.575 0 0
13 0.625 0 0
14 0.675 0 0
15 0.725 0 0
16 0.775 0 0
17 0.825 0 0
18 0.875 0.00847702 0.00341797
19 0.925 0.275031 0.127344
20 0.975 1.33218 0.794238
21 1.025 2.29713 2.06514
22 1.075 2.4805 3.57461
23 1.125 2.15388 5.01006
24 1.175 1.7503 6.28252
25 1.225 1.39247 7.38281
26 1.275 1.12843 8.34873
27 1.325 0.959101 9.23535
28 1.375 0.819896 10.0516
29 1.425 0.730859 10.833
30 1.475 0.696049 11.6304
31 1.525 0.684255 12.4683
32 1.575 0.691 13.3708
33 1.625 0.6983 14.3417
34 1.675 0.738217 15.4322
35 1.725 0.826503 16.7271
36 1.775 0.892802 18.2082
37 1.825 0.980598 19.9278
38 1.875 1.04306 21.8586
39 1.925 1.12658 24.0566
40 1.975 1.18866 26.4979
41 2.025 1.20365 29.0966
42 2.075 1.21246 31.8452
43 2.125 1.17461 34.6379
44 2.175 1.12809 37.4477
45 2.225 1.06769 40.2307
46 2.275 1.0197 43.0094
47 2.325 0.965953 45.7586
48 2.375 0.93676 48.5406
49 2.425 0.898151 51.3215
50 2.475 0.88612 54.1794
41000 50
1 0.025 0 0
2 0.075 0 0
3 0.125 0 0
4 0.175 0 0
5 0.225 0 0
6 0.275 0 0
7 0.325 0 0
8 0.375 0 0
9 0.425 0 0
10 0.475 0 0
11 0.525 0 0
12 0.575 0 0
13 0.625 0 0
14 0.675 0 0
15 0.725 0 0
16 0.775 0 0
17 0.825 0 0
18 0.875 0.00750822 0.00302734
19 0.925 0.256609 0.118652
20 0.975 1.3314 0.785156
21 1.025 2.30843 2.0623
22 1.075 2.50473 3.58652
23 1.125 2.17615 5.03682
24 1.175 1.74573 6.30596
25 1.225 1.3565 7.37783
26 1.275 1.11873 8.33545
27 1.325 0.947692 9.21152
28 1.375 0.836376 10.0441
29 1.425 0.742641 10.8382
30 1.475 0.701079 11.6413
31 1.525 0.687126 12.4827
32 1.575 0.676121 13.3658
33 1.625 0.700759 14.3401
34 1.675 0.743704 15.4388
35 1.725 0.819335 16.7225
36 1.775 0.901809 18.2185
37 1.825 0.969795 19.9191
38 1.875 1.04997 21.8627
39 1.925 1.12863 24.0647
40 1.975 1.1763 26.4806
41 2.025 1.2107 29.0945
42 2.075 1.20557 31.8275
43 2.125 1.17489 34.6209
44 2.175 1.12487 37.4227
45 2.225 1.07211 40.2172
46 2.275 1.00515 42.9562
47 2.325 0.966879 45.7081
48 2.375 0.938535 48.4954
49 2.425 0.912534 51.3208
50 2.475 0.893781 54.2034
42000 50
1 0.025 0 0
2 0.075 0 0
3 0.125 0 0
4 0.175 0 0
5 0.225 0 0
6 0.275 0 0
7 0.325 0 0
8 0.375 0 0
9 0.425 0 0
10 0.475 0 0
11 0.525 0 0
12 0.575 0 0
13 0.625 0 0
14 0.675 0 0
15 0.725 0 0
16 0.775 0 0
17 0.825 0 0
18 0.875 0.00678162 0.00273437
19 0.925 0.278282 0.128125
20 0.975 1.33725 0.797559
21 1.025 2.32644 2.08467
22 1.075 2.48596 3.59746
23 1.125 2.13307 5.01904
24 1.175 1.7284 6.27559
25 1.225 1.38913 7.37324
26 1.275 1.1298 8.34033
27 1.325 0.94579 9.21465
28 1.375 0.827155 10.0381
29 1.425 0.747025 10.8368
30 1.475 0.706109 11.6457
31 1.525 0.667667 12.4633
32 1.575 0.686289 13.3597
33 1.625 0.714806 14.3535
34 1.675 0.760231 15.4766
35 1.725 0.807056 16.741
36 1.775 0.885208 18.2095
37 1.825 0.965173 19.9021
38 1.875 1.05931 21.8629
39 1.925 1.13248 24.0725
40 1.975 1.1811 26.4981
41 2.025 1.21106 29.1129
42 2.075 1.2004 31.8342
43 2.125 1.18179 34.6439
44 2.175 1.12761 37.4525
45 2.225 1.06421 40.2265
46 2.275 1.01339 42.988
47 2.325 0.961527 45.7246
48 2.375 0.929164 48.4841
49 2.425 0.914016 51.3141
50 2.475 0.891601 54.1896
43000 50
1 0.025 0 0
2 0.075 0 0
3 0.125 0 0
4 0.175 0 0
5 0.225 0 0
6 0.275 0 0
7 0.325 0 0
8 0.375 0 0
9 0.425 0 0
10 0.475 0 0
11 0.525 0 0
12 0.575 0 0
13 0.625 0 0
14 0.675 0 0
15 0.725 0 0
16 0.775 0 0
17 0.825 0 0
18 0.875 0.00847702 0.00341797
19 0.925 0.276115 0.127832
20 0.975 1.29648 0.776855
21 1.025 2.34338 2.07334
22 1.075 2.48612 3.58623
23 1.125 2.15373 5.02158
24 1.175 1.728 6.27783
25 1.225 1.38579 7.37285
26 1.275 1.13938 8.34814
27 1.325 0.953185 9.2293
28 1.375 0.832648 10.0582
29 1.425 0.731955 10.8408
30 1.475 0.703892 11.6472
31 1.525 0.667827 12.4649
32 1.575 0.684196 13.3586
33 1.625 0.710592 14.3466
34 1.675 0.74853 15.4523
35 1.725 0.803565 16.7113
36 1.775 0.899042 18.2027
37 1.825 0.982993 19.9266
38 1.875 1.0467 21.8641
39 1.925 1.12507 24.0592
40 1.975 1.17977 26.4821
41 2.025 1.2083 29.0909
42 2.075 1.21268 31.84
43 2.125 1.17017 34.6222
44 2.175 1.12456 37.4231
45 2.225 1.07192 40.2172
46 2.275 1.01067 42.9713
47 2.325 0.969796 45.7314
48 2.375 0.930413 48.4946
49 2.425 0.910042 51.3123
50 2.475 0.889481 54.1811
44000 50
1 0.025 0 0
2 0.075 0 0
3 0.125 0 0
4 0.175 0 0
5 0.225 0 0
6 0.275 0 0
7 0.325 0 0
8 0.375 0 0
9 0.425 0 0
10 0.475 0 0
11 0.525 0 0
12 0.575 0 0
13 0.625 0 0
14 0.675 0 0
15 0.725 0 0
16 0.775 0 0
17 0.825 0 0
18 0.875 0.00847702 0.00341797
19 0.925 0.286301 0.132422
20 0.975 1.32164 0.794043
21 1.025 2.27736 2.054
22 1.075 2.49077 3.56973
23 1.125 2.16252 5.01094
24 1.175 1.74399 6.27881
25 1.225 1.40285 7.3873
26 1.275 1.1282 8.35303
27 1.325 0.93755 9.21973
28 1.375 0.830882 10.0469
29 1.425 0.74392 10.8423
30 1.475 0.696476 11.6401
31 1.525 0.684494 12.4783
32 1.575 0.680906 13.3677
33 1.625 0.709819 14.3546
34 1.675 0.753554 15.4678
35 1.725 0.811232 16.7388
36 1.775 0.878202 18.1956
37 1.825 0.965841 19.8894
38 1.875 1.06548 21.8616
39 1.925 1.13173 24.0697
40 1.975 1.19679 26.5276
41 2.025 1.20211 29.123
42 2.075 1.20174 31.8474
43 2.125 1.17296 34.6361
44 2.175 1.12103 37.4283
45 2.225 1.07297 40.2251
46 2.275 1.00988 42.9771
47 2.325 0.966193 45.727
48 2.375 0.922094 48.4654
49 2.425 0.91102 51.2861
50 2.475 0.897082 54.1794
45000 50
1 0.025 0 0
2 0.075 0 0
3 0.125 0 0
4 0.175 0 0
5 0.225 0 0
6 0.275 0 0
7 0.325 0 0
8 0.375 0 0
9 0.425 0 0
10 0.475 0 0
11 0.525 0 0
12 0.575 0 0
13 0.625 0 0
14 0.675 0 0
15 0.725 0 0
16 0.775 0 0
17 0.825 0 0
18 0.875 0.00823482 0.00332031
19 0.925 0.288685 0.133398
20 0.975 1.34544 0.806934
21 1.025 2.31549 2.08799
22 1.075 2.46574 3.58848
23 1.125 2.14743 5.01963
24 1.175 1.72854 6.27627
25 1.225 1.36886 7.35791
26 1.275 1.13299 8.32773
27 1.325 0.940191 9.19688
28 1.375 0.840496 10.0336
29 1.425 0.74803 10.8334
30 1.475 0.691872 11.626
31 1.525 0.684255 12.4639
32 1.575 0.686962 13.3611
33 1.625 0.707642 14.345
34 1.675 0.754347 15.4594
35 1.725 0.819646 16.7436
36 1.775 0.888975 18.2183
37 1.825 0.970853 19.9208
38 1.875 1.05799 21.8792
39 1.925 1.12397 24.0722
40 1.975 1.18371 26.5032
41 2.025 1.21545 29.1274
42 2.075 1.19997 31.8478
43 2.125 1.17707 34.6463
44 2.175 1.12742 37.4544
45 2.225 1.06275 40.2245
46 2.275 1.00408 42.9606
47 2.325 0.970722 45.7234
48 2.375 0.931498 48.4898
49 2.425 0.909443 51.3057
50 2.475 0.896052 54.1956
46000 50
1 0.025 0 0
2 0.075 0 0
3 0.125 0 0
4 0.175 0 0
5 0.225 0 0
6 0.275 0 0
7 0.325 0 0
8 0.375 0 0
9 0.425 0 0
10 0.475 0 0
11 0.525 0 0
12 0.575 0 0
13 0.625 0 0
14 0.675 0 0
15 0.725 0 0
16 0.775 0 0
17 0.825 0 0
18 0.875 0.00847702 0.00341797
19 0.925 0.272214 0.126074
20 0.975 1.3115 0.782617
21 1.025 2.33314 2.07344
22 1.075 2.48178 3.58369
23 1.125 2.14171 5.01104
24 1.175 1.74976 6.28311
25 1.225 1.40124 7.39033
26 1.275 1.12888 8.35664
27 1.325 0.955192 9.23965
28 1.375 0.81401 10.05
29 1.425 0.738805 10.8399
30 1.475 0.699118 11.6408
31 1.525 0.674526 12.4668
32 1.575 0.684345 13.3606
33 1.625 0.694086 14.3257
34 1.675 0.753223 15.4384
35 1.725 0.808676 16.7054
36 1.775 0.886679 18.1763
37 1.825 0.988617 19.91
38 1.875 1.05915 21.8705
39 1.925 1.12983 24.0749
40 1.975 1.19337 26.5258
41 2.025 1.20839 29.1348
42 2.075 1.20816 31.8736
43 2.125 1.16869 34.6522
44 2.175 1.12232 37.4477
45 2.225 1.06349 40.2197
46 2.275 1.01794 42.9937
47 2.325 0.955557 45.7133
48 2.375 0.929788 48.4746
49 2.425 0.910263 51.293
50 2.475 0.898262 54.19
47000 50
1 0.025 0 0
2 0.075 0 0
3 0.125 0 0
4 0.175 0 0
5 0.225 0 0
6 0.275 0 0
7 0.325 0 0
8 0.375 0 0
9 0.425 0 0
10 0.475 0 0
11 0.525 0 0
12 0.575 0 0
13 0.625 0 0
14 0.675 0 0
15 0.725 0 0
16 0.775 0 0
17 0.825 0 0
18 0.875 0.0106568 0.00429688
19 0.925 0.279799 0.130371
20 0.975 1.30311 0.782715
21 1.025 2.31002 2.06074
22 1.075 2.50554 3.58545
23 1.125 2.16868 5.03076
24 1.175 1.73217 6.29004
25 1.225 1.39024 7.38857
26 1.275 1.12318 8.35
27 1.325 0.955931 9.23369
28 1.375 0.819013 10.049
29 1.425 0.736705 10.8367
30 1.475 0.696731 11.6349
31 1.525 0.670698 12.4562
32 1.575 0.684794 13.3506
33 1.625 0.709398 14.3369
34 1.675 0.755802 15.4534
35 1.725 0.819584 16.7375
36 1.775 0.902574 18.2348
37 1.825 0.967066 19.9307
38 1.875 1.05272 21.8793
39 1.925 1.12007 24.0646
40 1.975 1.17249 26.4727
41 2.025 1.21563 29.0973
42 2.075 1.21182 31.8444
43 2.125 1.17806 34.6453
44 2.175 1.11683 37.4271
45 2.225 1.06638 40.2066
46 2.275 1.02217 42.9921
47 2.325 0.956586 45.7146
48 2.375 0.931104 48.4799
49 2.425 0.90755 51.2898
50 2.475 0.901381 54.197
48000 50
1 0.025 0 0
2 0.075 0 0
3 0.125 0 0
4 0.175 0 0
5 0.225 0 0
6 0.275 0 0
7 0.325 0 0
8 0.375 0 0
9 0.425 0 0
10 0.475 0 0
11 0.525 0 0
12 0.575 0 0
13 0.625 0 0
14 0.675 0 0
15 0.725 0 0
16 0.775 0 0
17 0.825 0 0
18 0.875 0.00678162 0.00273437
19 0.925 0.28175 0.129688
20 0.975 1.34115 0.801074
21 1.025 2.30773 2.07783
22 1.075 2.42289 3.55225
23 1.125 2.17512 5.00186
24 1.175 1.76615 6.28584
25 1.225 1.38728 7.38203
26 1.275 1.14611 8.36309
27 1.325 0.936916 9.2292
28 1.375 0.832942 10.0584
29 1.425 0.736431 10.8458
30 1.475 0.687439 11.6333
31 1.525 0.681065 12.4673
32 1.575 0.681878 13.3579
33 1.625 0.706658 14.3404
34 1.675 0.745819 15.4422
35 1.725 0.8136 16.7169
36 1.775 0.897511 18.2058
37 1.825 0.974696 19.915
38 1.875 1.05367 21.8654
39 1.925 1.11782 24.0464
40 1.975 1.18628 26.4827
41 2.025 1.21124 29.0979
42 2.075 1.21014 31.8412
43 2.125 1.17107 34.6255
44 2.175 1.13404 37.4501
45 2.225 1.07267 40.2461
46 2.275 1.01465 43.011
47 2.325 0.962556 45.7506
48 2.375 0.931959 48.5184
49 2.425 0.911493 51.3405
50 2.475 0.887786 54.2038
49000 50
1 0.025 0 0
2 0.075 0 0
3 0.125 0 0
4 0.175 0 0
5 0.225 0 0
6 0.275 0 0
7 0.325 0 0
8 0.375 0 0
9 0.425 0 0
10 0.475 0 0
11 0.525 0 0
12 0.575 0 0
13 0.625 0 0
14 0.675 0 0
15 0.725 0 0
16 0.775 0 0
17 0.825 0 0
18 0.875 0.00799262 0.00322266
19 0.925 0.283484 0.130957
20 0.975 1.34973 0.806641
21 1.025 2.26324 2.05879
22 1.075 2.48419 3.57051
23 1.125 2.1549 5.00664
24 1.175 1.73794 6.27012
25 1.225 1.39729 7.37422
26 1.275 1.14554 8.35479
27 1.325 0.950755 9.23369
28 1.375 0.829509 10.0595
29 1.425 0.742733 10.8536
30 1.475 0.692298 11.6467
31 1.525 0.677476 12.4763
32 1.575 0.677915 13.3617
33 1.625 0.709187 14.3478
34 1.675 0.742778 15.445
35 1.725 0.826939 16.7406
36 1.775 0.888916 18.2152
37 1.825 0.974529 19.9242
38 1.875 1.05636 21.8796
39 1.925 1.11827 24.0614
40 1.975 1.16664 26.4574
41 2.025 1.21997 29.0914
42 2.075 1.20053 31.813
43 2.125 1.16458 34.5818
44 2.175 1.13742 37.4148
45 2.225 1.08032 40.2308
46 2.275 1.01411 42.9942
47 2.325 0.975423 45.7704
48 2.375 0.932419 48.5396
49 2.425 0.907046 51.3479
50 2.475 0.894235 54.232
50000 50
1 0.025 0 0
2 0.075 0 0
3 0.125 0 0
4 0.175 0 0
5 0.225 0 0
6 0.275 0 0
7 0.325 0 0
8 0.375 0 0
9 0.425 0 0
10 0.475 0 0
11 0.525 0 0
12 0.575 0 0
13 0.625 0 0
14 0.675 0 0
15 0.725 0 0
16 0.775 0 0
17 0.825 0 0
18 0.875 0.00896142 0.00361328
19 0.925 0.2837 0.131445
20 0.975 1.31326 0.788867
21 1.025 2.2839 2.05244
22 1.075 2.49222 3.56904
23 1.125 2.18787 5.02715
24 1.175 1.74896 6.29863
25 1.225 1.39284 7.39922
26 1.275 1.12706 8.36396
27 1.325 0.930155 9.22383
28 1.375 0.823525 10.0437
29 1.425 0.739536 10.8344
30 1.475 0.698862 11.635
31 1.525 0.669581 12.4549
32 1.575 0.686588 13.3517
33 1.625 0.718037 14.35
34 1.675 0.751967 15.4608
35 1.725 0.808863 16.7281
36 1.775 0.892625 18.2089
37 1.825 0.969405 19.9089
38 1.875 1.05709 21.8656
39 1.925 1.12658 24.0637
40 1.975 1.18024 26.4876
41 2.025 1.20749 29.0946
42 2.075 1.21949 31.8592
43 2.125 1.17571 34.6545
44 2.175 1.13142 37.4726
45 2.225 1.06986 40.2612
46 2.275 1.0078 43.0075
47 2.325 0.965198 45.7546
48 2.375 0.911703 48.4622
49 2.425 0.90487 51.2639
50 2.475 0.89805 54.1603
51000 50
1 0.025 0 0
2 0.075 0 0
3 0.125 0 0
4 0.175 0 0
5 0.225 0 0
6 0.275 0 0
7 0.325 0 0
8 0.375 0 0
9 0.425 0 0
10 0.475 0 0
11 0.525 0 0
12 0.575 0 0
13 0.625 0 0
14 0.675 0 0
15 0.725 0 0
16 0.775 0 0
17 0.825 0 0
18 0.875 0.00678162 0.00273437
19 0.925 0.277198 0.127637
20 0.975 1.31287 0.784863
21 1.025 2.31637 2.06641
22 1.075 2.46574 3.56689
23 1.125 2.15051 5.0001
24 1.175 1.75567 6.27646
25 1.225 1.39679 7.38018
26 1.275 1.12615 8.34414
27 1.325 0.95403 9.22607
28 1.375 0.819111 10.0415
29 1.425 0.740358 10.8331
30 1.475 0.710541 11.6471
31 1.525 0.678832 12.4783
32 1.575 0.678065 13.364
33 1.625 0.70111 14.3388
34 1.675 0.760693 15.4625
35 1.725 0.80905 16.7301
36 1.775 0.896981 18.2181
37 1.825 0.969628 19.9185
38 1.875 1.05451 21.8704
39 1.925 1.12387 24.0632
40 1.975 1.17515 26.4767
41 2.025 1.21174 29.0929
42 2.075 1.2001 31.8135
43 2.125 1.17686 34.6115
44 2.175 1.11922 37.3992
45 2.225 1.07245 40.1946
46 2.275 1.01275 42.9544
47 2.325 0.973021 45.7237
48 2.375 0.938075 48.5097
49 2.425 0.910705 51.3294
50 2.475 0.895749 54.2184
52000 50
1 0.025 0 0
2 0.075 0 0
3 0.125 0 0
4 0.175 0 0
5 0.225 0 0
6 0.275 0 0
7 0.325 0 0
8 0.375 0 0
9 0.425 0 0
10 0.475 0 0
11 0.525 0 0
12 0.575 0 0
13 0.625 0 0
14 0.675 0 0
15 0.725 0 0
16 0.775 0 0
17 0.825 0 0
18 0.875 0.00678162 0.00273437
19 0.925 0.281533 0.12959
20 0.975 1.31852 0.789648
21 1.025 2.31002 2.06768
22 1.075 2.48323 3.57881
23 1.125 2.18274 5.0335
24 1.175 1.72585 6.28818
25 1.225 1.39346 7.38926
26 1.275 1.12968 8.35625
27 1.325 0.93417 9.21982
28 1.375 0.821759 10.0379
29 1.425 0.749948 10.8397
30 1.475 0.699971 11.6416
31 1.525 0.675802 12.4691
32 1.575 0.659747 13.3309
33 1.625 0.70132 14.306
34 1.675 0.771072 15.445
35 1.725 0.817278 16.7255
36 1.775 0.891801 18.2049
37 1.825 0.979652 19.9229
38 1.875 1.05831 21.8818
39 1.925 1.12678 24.0803
40 1.975 1.18238 26.5086
41 2.025 1.22038 29.1435
42 2.075 1.19174 31.8451
43 2.125 1.17707 34.6437
44 2.175 1.12134 37.4366
45 2.225 1.06975 40.225
46 2.275 1.00619 42.9669
47 2.325 0.967497 45.7205
48 2.375 0.92992 48.4822
49 2.425 0.903292 51.279
50 2.475 0.888028 54.1431
53000 50
1 0.025 0 0
2 0.075 0 0
3 0.125 0 0
4 0.175 0 0
5 0.225 0 0
6 0.275 0 0
7 0.325 0 0
8 0.375 0 0
9 0.425 0 0
10 0.475 0 0
11 0.525 0 0
12 0.575 0 0
13 0.625 0 0
14 0.675 0 0
15 0.725 0 0
16 0.775 0 0
17 0.825 0 0
18 0.875 0.00920362 0.00371094
19 0.925 0.289335 0.134082
20 0.975 1.29687 0.783301
21 1.025 2.31267 2.06279
22 1.075 2.45274 3.55537
23 1.125 2.18186 5.00947
24 1.175 1.73364 6.26982
25 1.225 1.40705 7.38164
26 1.275 1.13892 8.35654
27 1.325 0.94822 9.23311
28 1.375 0.82019 10.0496
29 1.425 0.750953 10.8525
30 1.475 0.703636 11.6586
31 1.525 0.663919 12.4716
32 1.575 0.677018 13.3559
33 1.625 0.693032 14.3194
34 1.675 0.750645 15.4283
35 1.725 0.813039 16.7021
36 1.775 0.904399 18.2024
37 1.825 0.979986 19.921
38 1.875 1.05715 21.8778
39 1.925 1.12087 24.0647
40 1.975 1.18043 26.4891
41 2.025 1.20116 29.0824
42 2.075 1.21083 31.8273
43 2.125 1.18068 34.6345
44 2.175 1.13193 37.4538
45 2.225 1.07219 40.2485
46 2.275 1.02103 43.0309
47 2.325 0.959365 45.7613
48 2.375 0.920581 48.4953
49 2.425 0.901432 51.2863
50 2.475 0.896325 54.1771
54000 50
1 0.025 0 0
2 0.075 0 0
3 0.125 0 0
4 0.175 0 0
5 0.225 0 0
6 0.275 0 0
7 0.325 0 0
8 0.375 0 0
9 0.425 0 0
10 0.475 0 0
11 0.525 0 0
12 0.575 0 0
13 0.625 0 0
14 0.675 0 0
15 0.725 0 0
16 0.775 0 0
17 0.825 0 0
18 0.875 0.00871922 0.00351563
19 0.925 0.28305 0.131055
20 0.975 1.31306 0.788379
21 1.025 2.31673 2.07012
22 1.075 2.46895 3.57256
23 1.125 2.15651 5.00977
24 1.175 1.74036 6.275
25 1.225 1.37826 7.36406
26 1.275 1.14109 8.34082
27 1.325 0.949593 9.21865
28 1.375 0.821269 10.0362
29 1.425 0.757072 10.8457
30 1.475 0.70142 11.6492
31 1.525 0.670299 12.47
32 1.575 0.685243 13.365
33 1.625 0.70708 14.3481
34 1.675 0.7402 15.4416
35 1.725 0.814348 16.7175
36 1.775 0.894038 18.2006
37 1.825 0.984107 19.9264
38 1.875 1.05694 21.8828
39 1.925 1.12097 24.0699
40 1.975 1.17763 26.4885
41 2.025 1.20907 29.0989
42 2.075 1.21165 31.8457
43 2.125 1.17633 34.6425
44 2.175 1.12628 37.4478
45 2.225 1.06222 40.2165
46 2.275 1.01977 42.9954
47 2.325 0.970551 45.7577
48 2.375 0.925481 48.5063
49 2.425 0.900296 51.2938
50 2.475 0.894296 54.178
55000 50
1 0.025 0 0
2 0.075 0 0
3 0.125 0 0
4 0.175 0 0
5 0.225 0 0
6 0.275 0 0
7 0.325 0 0
8 0.375 0 0
9 0.425 0 0
10 0.475 0 0
11 0.525 0 0
12 0.575 0 0
13 0.625 0 0
14 0.675 0 0
15 0.725 0 0
16 0.775 0 0
17 0.825 0 0
18 0.875 0.00726602 0.00292969
19 0.925 0.283267 0.130566
20 0.975 1.30857 0.785645
21 1.025 2.32149 2.07002
22 1.075 2.49238 3.58672
23 1.125 2.14083 5.01348
24 1.175 1.72626 6.26846
25 1.225 1.3722 7.35273
26 1.275 1.14896 8.33623
27 1.325 0.941353 9.20645
28 1.375 0.834708 10.0374
29 1.425 0.735152 10.8234
30 1.475 0.704404 11.6304
31 1.525 0.68601 12.4704
32 1.575 0.682551 13.3619
33 1.625 0.713823 14.3544
34 1.675 0.766974 15.4874
35 1.725 0.81092 16.7579
36 1.775 0.884325 18.2249
37 1.825 0.973916 19.9328
38 1.875 1.05303 21.882
39 1.925 1.11967 24.0666
40 1.975 1.18257 26.4953
41 2.025 1.19944 29.085
42 2.075 1.20747 31.8223
43 2.125 1.17563 34.6174
44 2.175 1.12616 37.4224
45 2.225 1.07279 40.2187
46 2.275 1.00723 42.9634
47 2.325 0.954287 45.6794
48 2.375 0.935017 48.4562
49 2.425 0.911367 51.278
50 2.475 0.901684 54.1861
56000 50
1 0.025 0 0
2 0.075 0 0
3 0.125 0 0
4 0.175 0 0
5 0.225 0 0
6 0.275 0 0
7 0.325 0 0
8 0.375 0 0
9 0.425 0 0
10 0.475 0 0
11 0.525 0 0
12 0.575 0 0
13 0.625 0 0
14 0.675 0 0
15 0.725 0 0
16 0.775 0 0
17 0.825 0 0
18 0.875 0.00557061 0.00224609
19 0.925 0.282183 0.129395
20 0.975 1.32398 0.792188
21 1.025 2.32361 2.07773
22 1.075 2.46477 3.57764
23 1.125 2.1464 5.00811
24 1.175 1.75514 6.28408
25 1.225 1.38604 7.3793
26 1.275 1.12318 8.34072
27 1.325 0.946529 9.21572
28 1.375 0.830784 10.0428
29 1.425 0.751135 10.8459
30 1.475 0.694685 11.6417
31 1.525 0.683298 12.4784
32 1.575 0.697729 13.3897
33 1.625 0.71017 14.3771
34 1.675 0.734912 15.4628
35 1.725 0.804812 16.7237
36 1.775 0.886267 18.1939
37 1.825 0.973693 19.9015
38 1.875 1.04681 21.8392
39 1.925 1.12838 24.0407
40 1.975 1.19204 26.4889
41 2.025 1.2026 29.0854
42 2.075 1.20549 31.8182
43 2.125 1.17304 34.6071
44 2.175 1.13087 37.4238
45 2.225 1.07998 40.2389
46 2.275 1.01866 43.0147
47 2.325 0.964855 45.7608
48 2.375 0.923968 48.5049
49 2.425 0.916413 51.3423
50 2.475 0.885515 54.1982
57000 50
1 0.025 0 0
2 0.075 0 0
3 0.125 0 0
4 0.175 0 0
5 0.225 0 0
6 0.275 0 0
7 0.325 0 0
8 0.375 0 0
9 0.425 0 0
10 0.475 0 0
11 0.525 0 0
12 0.575 0 0
13 0.625 0 0
14 0.675 0 0
15 0.725 0 0
16 0.775 0 0
17 0.825 0 0
18 0.875 0.00702382 0.00283203
19 0.925 0.286735 0.132031
20 0.975 1.32398 0.794824
21 1.025 2.30667 2.071
22 1.075 2.48098 3.58076
23 1.125 2.13878 5.00615
24 1.175 1.74278 6.27314
25 1.225 1.3806 7.36406
26 1.275 1.12786 8.32949
27 1.325 0.960368 9.21729
28 1.375 0.831079 10.0446
29 1.425 0.762096 10.8595
30 1.475 0.683092 11.642
31 1.525 0.687206 12.4835
32 1.575 0.677541 13.3685
33 1.625 0.694578 14.3342
34 1.675 0.752959 15.4465
35 1.725 0.815782 16.7246
36 1.775 0.889446 18.2001
37 1.825 0.985499 19.9283
38 1.875 1.05794 21.8866
39 1.925 1.12137 24.0745
40 1.975 1.17801 26.4938
41 2.025 1.20708 29.1
42 2.075 1.19515 31.8094
43 2.125 1.1677 34.5856
44 2.175 1.13283 37.4072
45 2.225 1.07174 40.2008
46 2.275 1.01927 42.9783
47 2.325 0.967943 45.7332
48 2.375 0.934556 48.5087
49 2.425 0.909348 51.3242
50 2.475 0.899837 54.2264
58000 50
1 0.025 0 0
2 0.075 0 0
3 0.125 0 0
4 0.175 0 0
5 0.225 0 0
6 0.275 0 0
7 0.325 0 0
8 0.375 0 0
9 0.425 0 0
10 0.475 0 0
11 0.525 0 0
12 0.575 0 0
13 0.625 0 0
14 0.675 0 0
15 0.725 0 0
16 0.775 0 0
17 0.825 0 0
18 0.875 0.00702382 0.00283203
19 0.925 0.2811 0.129492
20 0.975 1.32964 0.795117
21 1.025 2.33226 2.08545
22 1.075 2.46301 3.58428
23 1.125 2.13219 5.00527
24 1.175 1.75688 6.28252
25 1.225 1.39568 7.38535
26 1.275 1.13333 8.35547
27 1.325 0.929416 9.21465
28 1.375 0.828822 10.0397
29 1.425 0.737253 10.828
30 1.475 0.704318 11.6349
31 1.525 0.671814 12.4575
32 1.575 0.690775 13.3598
33 1.625 0.723164 14.3652
34 1.675 0.751108 15.4748
35 1.725 0.809736 16.7435
36 1.775 0.89339 18.2255
37 1.825 0.974473 19.9344
38 1.875 1.04908 21.8763
39 1.925 1.11772 24.057
40 1.975 1.18357 26.4878
41 2.025 1.20423 29.0878
42 2.075 1.21048 31.8319
43 2.125 1.16951 34.6125
44 2.175 1.13099 37.4295
45 2.225 1.07196 40.2236
46 2.275 1.01723 42.9956
47 2.325 0.969007 45.7535
48 2.375 0.934984 48.5303
49 2.425 0.90058 51.3187
50 2.475 0.8926 54.1975
59000 50
1 0.025 0 0
2 0.075 0 0
3 0.125 0 0
4 0.175 0 0
5 0.225 0 0
6 0.275 0 0
7 0.325 0 0
8 0.375 0 0
9 0.425 0 0
10 0.475 0 0
11 0.525 0 0
12 0.575 0 0
13 0.625 0 0
14 0.675 0 0
15 0.725 0 0
16 0.775 0 0
17 0.825 0 0
18 0.875 0.00871922 0.00351563
19 0.925 0.287168 0.13291
20 0.975 1.31833 0.792871
21 1.025 2.31637 2.07441
22 1.075 2.49013 3.58975
23 1.125 2.1382 5.01475
24 1.175 1.73176 6.27373
25 1.225 1.40965 7.3876
26 1.275 1.13299 8.35742
27 1.325 0.93924 9.22568
28 1.375 0.81244 10.0345
29 1.425 0.752688 10.8393
30 1.475 0.709945 11.6525
31 1.525 0.667109 12.4694
32 1.575 0.680906 13.3588
33 1.625 0.705043 14.3391
34 1.675 0.753157 15.4517
35 1.725 0.823386 16.7417
36 1.775 0.880145 18.2018
37 1.825 0.983049 19.9257
38 1.875 1.05551 21.8795
39 1.925 1.13368 24.0914
40 1.975 1.18443 26.5239
41 2.025 1.20518 29.126
42 2.075 1.20411 31.8557
43 2.125 1.1643 34.6238
44 2.175 1.12409 37.4236
45 2.225 1.06563 40.2013
46 2.275 1.01078 42.9557
47 2.325 0.960635 45.6897
48 2.375 0.938272 48.4763
49 2.425 0.908528 51.2893
50 2.475 0.90123 54.1959
60000 50
1 0.025 0 0
2 0.075 0 0
3 0.125 0 0
4 0.175 0 0
5 0.225 0 0
6 0.275 0 0
7 0.325 0 0
8 0.375 0 0
9 0.425 0 0
10 0.475 0 0
11 0.525 0 0
12 0.575 0 0
13 0.625 0 0
14 0.675 0 0
15 0.725 0 0
16 0.775 0 0
17 0.825 0 0
18 0.875 0.00920362 0.00371094
19 0.925 0.281533 0.130566
20 0.975 1.32594 0.794336
21 1.025 2.27066 2.05059
22 1.075 2.46959 3.55342
23 1.125 2.18069 5.00674
24 1.175 1.7456 6.27578
25 1.225 1.39951 7.38164
26 1.275 1.12318 8.34307
27 1.325 0.961636 9.23203
28 1.375 0.834806 10.0631
29 1.425 0.743372 10.8579
30 1.475 0.708666 11.6697
31 1.525 0.668544 12.4884
32 1.575 0.664682 13.3565
33 1.625 0.706799 14.3393
34 1.675 0.749323 15.4462
35 1.725 0.813787 16.7212
36 1.775 0.896157 18.2078
37 1.825 0.962611 19.8959
38 1.875 1.05973 21.8575
39 1.925 1.13128 24.0647
40 1.975 1.18214 26.4926
41 2.025 1.20839 29.1016
42 2.075 1.20777 31.8396
43 2.125 1.16639 34.6127
44 2.175 1.13706 37.4448
45 2.225 1.07275 40.241
46 2.275 1.0101 42.9936
47 2.325 0.970071 45.7545
48 2.375 0.935214 48.5319
49 2.425 0.90528 51.3349
50 2.475 0.894689 54.2204
61000 50
1 0.025 0 0
2 0.075 0 0
3 0.125 0 0
4 0.175 0 0
5 0.225 0 0
6 0.275 0 0
7 0.325 0 0
8 0.375 0 0
9 0.425 0 0
10 0.475 0 0
11 0.525 0 0
12 0.575 0 0
13 0.625 0 0
14 0.675 0 0
15 0.725 0 0
16 0.775 0 0
17 0.825 0 0
18 0.875 0.0104146 0.00419922
19 0.925 0.278282 0.12959
20 0.975 1.31267 0.786719
21 1.025 2.31408 2.06699
22 1.075 2.48499 3.5792
23 1.125 2.17043 5.02568
24 1.175 1.74023 6.29082
25 1.225 1.36305 7.36787
26 1.275 1.11531 8.32256
27 1.325 0.958784 9.20889
28 1.375 0.819209 10.0244
29 1.425 0.75351 10.8301
30 1.475 0.697158 11.6287
31 1.525 0.684734 12.4672
32 1.575 0.671336 13.344
33 1.625 0.717124 14.3411
34 1.675 0.751637 15.4515
35 1.725 0.818275 16.7335
36 1.775 0.893214 18.2152
37 1.825 0.981044 19.9356
38 1.875 1.06316 21.9036
39 1.925 1.12492 24.0984
40 1.975 1.16498 26.491
41 2.025 1.20184 29.0858
42 2.075 1.21613 31.8428
43 2.125 1.16471 34.6119
44 2.175 1.1204 37.4025
45 2.225 1.07252 40.1981
46 2.275 1.00662 42.9412
47 2.325 0.970345 45.7029
48 2.375 0.937647 48.4876
49 2.425 0.907424 51.2972
50 2.475 0.891934 54.1738
62000 50
1 0.025 0 0
2 0.075 0 0
3 0.125 0 0
4 0.175 0 0
5 0.225 0 0
6 0.275 0 0
7 0.325 0 0
8 0.375 0 0
9 0.425 0 0
10 0.475 0 0
11 0.525 0 0
12 0.575 0 0
13 0.625 0 0
14 0.675 0 0
15 0.725 0 0
16 0.775 0 0
17 0.825 0 0
18 0.875 0.00896142 0.00361328
19 0.925 0.276765 0.12832
20 0.975 1.33218 0.795215
21 1.025 2.30949 2.07295
22 1.075 2.46638 3.57383
23 1.125 2.13512 4.99678
24 1.175 1.73499 6.25811
25 1.225 1.39605 7.36123
26 1.275 1.14805 8.34395
27 1.325 0.957727 9.2293
28 1.375 0.823133 10.0487
29 1.425 0.751866 10.8526
30 1.475 0.691105 11.6443
31 1.525 0.673728 12.4693
32 1.575 0.685093 13.3642
33 1.625 0.697247 14.3336
34 1.675 0.760363 15.4568
35 1.725 0.82588 16.7508
36 1.775 0.879851 18.2104
37 1.825 0.971521 19.9141
38 1.875 1.05826 21.8729
39 1.925 1.12462 24.0672
40 1.975 1.17806 26.4866
41 2.025 1.20342 29.0849
42 2.075 1.2026 31.8111
43 2.125 1.17107 34.5954
44 2.175 1.13491 37.4222
45 2.225 1.0756 40.2258
46 2.275 1.01952 43.004
47 2.325 0.969865 45.7644
48 2.375 0.919825 48.4961
49 2.425 0.910231 51.3144
50 2.475 0.891117 54.1884
63000 50
1 0.025 0 0
2 0.075 0 0
3 0.125 0 0
4 0.175 0 0
5 0.225 0 0
6 0.275 0 0
7 0.325 0 0
8 0.375 0 0
9 0.425 0 0
10 0.475 0 0
11 0.525 0 0
12 0.575 0 0
13 0.625 0 0
14 0.675 0 0
15 0.725 0 0
16 0.775 0 0
17 0.825 0 0
18 0.875 0.00847702 0.00341797
19 0.925 0.281316 0.130176
20 0.975 1.34427 0.803125
21 1.025 2.30066 2.07598
22 1.075 2.46702 3.57725
23 1.125 2.14714 5.0082
24 1.175 1.73203 6.26738
25 1.225 1.38839 7.36445
26 1.275 1.12341 8.32607
27 1.325 0.948431 9.20283
28 1.375 0.833433 10.0325
29 1.425 0.76036 10.8455
30 1.475 0.695026 11.6417
31 1.525 0.688881 12.4853
32 1.575 0.686439 13.3818
33 1.625 0.715017 14.376
34 1.675 0.755471 15.492
35 1.725 0.802381 16.7491
36 1.775 0.88768 18.2217
37 1.825 0.969405 19.9217
38 1.875 1.04644 21.8587
39 1.925 1.12282 24.0494
40 1.975 1.17145 26.4553
41 2.025 1.19976 29.0456
42 2.075 1.22478 31.8222
43 2.125 1.17333 34.6118
44 2.175 1.12185 37.4061
45 2.225 1.07972 40.2204
46 2.275 1.01737 42.9928
47 2.325 0.960875 45.7275
48 2.375 0.933997 48.5014
49 2.425 0.91307 51.3284
50 2.475 0.903682 54.243
64000 50
1 0.025 0 0
2 0.075 0 0
3 0.125 0 0
4 0.175 0 0
5 0.225 0 0
6 0.275 0 0
7 0.325 0 0
8 0.375 0 0
9 0.425 0 0
10 0.475 0 0
11 0.525 0 0
12 0.575 0 0
13 0.625 0 0
14 0.675 0 0
15 0.725 0 0
16 0.775 0 0
17 0.825 0 0
18 0.875 0.00726602 0.00292969
19 0.925 0.28305 0.130469
20 0.975 1.32047 0.791504
21 1.025 2.27525 2.05029
22 1.075 2.47697 3.55762
23 1.125 2.16311 4.99922
24 1.175 1.75339 6.27393
25 1.225 1.38641 7.36943
26 1.275 1.14189 8.34688
27 1.325 0.951706 9.22666
28 1.375 0.835984 10.0589
29 1.425 0.736431 10.8463
30 1.475 0.695112 11.6426
31 1.525 0.686249 12.4829
32 1.575 0.678439 13.369
33 1.625 0.712558 14.3598
34 1.675 0.745357 15.4608
35 1.725 0.812915 16.7345
36 1.775 0.896098 18.221
37 1.825 0.960217 19.9049
38 1.875 1.05198 21.8521
39 1.925 1.12112 24.0396
40 1.975 1.1771 26.457
41 2.025 1.21446 29.0791
42 2.075 1.21526 31.8341
43 2.125 1.17826 34.6354
44 2.175 1.13326 37.4581
45 2.225 1.06293 40.2287
46 2.275 1.01131 42.9846
47 2.325 0.960257 45.7176
48 2.375 0.931235 48.4832
49 2.425 0.914363 51.3143
50 2.475 0.895356 54.202
65000 50
1 0.025 0 0
2 0.075 0 0
3 0.125 0 0
4 0.175 0 0
5 0.225 0 0
6 0.275 0 0
7 0.325 0 0
8 0.375 0 0
9 0.425 0 0
10 0.475 0 0
11 0.525 0 0
12 0.575 0 0
13 0.625 0 0
14 0.675 0 0
15 0.725 0 0
16 0.775 0 0
17 0.825 0 0
18 0.875 0.00508621 0.00205078
19 0.925 0.276115 0.126465
20 0.975 1.33276 0.793652
21 1.025 2.3072 2.07012
22 1.075 2.48788 3.58408
23 1.125 2.18084 5.0375
24 1.175 1.71739 6.28604
25 1.225 1.39889 7.39141
26 1.275 1.13573 8.36357
27 1.325 0.924768 9.21846
28 1.375 0.819111 10.0339
29 1.425 0.744103 10.8295
30 1.475 0.691616 11.6218
31 1.525 0.676041 12.4496
32 1.575 0.690252 13.3512
33 1.625 0.703428 14.3292
34 1.675 0.750447 15.4378
35 1.725 0.809549 16.7062
36 1.775 0.897335 18.1947
37 1.825 0.986112 19.924
38 1.875 1.05868 21.8837
39 1.925 1.12798 24.0845
40 1.975 1.18172 26.5114
41 2.025 1.20401 29.1109
42 2.075 1.20656 31.8462
43 2.125 1.16955 34.6269
44 2.175 1.12844 37.4375
45 2.225 1.06256 40.2071
46 2.275 1.00999 42.9594
47 2.325 0.962556 45.6989
48 2.375 0.941823 48.496
49 2.425 0.904554 51.2967
50 2.475 0.893599 54.1787
66000 50
1 0.025 0 0
2 0.075 0 0
3 0.125 0 0
4 0.175 0 0
5 0.225 0 0
6 0.275 0 0
7 0.325 0 0
8 0.375 0 0
9 0.425 0 0
10 0.475 0 0
11 0.525 0 0
12 0.575 0 0
13 0.625 0 0
14 0.675 0 0
15 0.725 0 0
16 0.775 0 0
17 0.825 0 0
18 0.875 0.00678162 0.00273437
19 0.925 0.262027 0.120801
20 0.975 1.34115 0.792188
21 1.025 2.33756 2.08545
22 1.075 2.43749 3.56875
23 1.125 2.14992 5.00156
24 1.175 1.73458 6.2626
25 1.225 1.40792 7.3751
26 1.275 1.1339 8.3457
27 1.325 0.952023 9.22578
28 1.375 0.821171 10.0433
29 1.425 0.751866 10.8472
30 1.475 0.701079 11.6503
31 1.525 0.667906 12.4682
32 1.575 0.691 13.3707
33 1.625 0.704481 14.3502
34 1.675 0.763999 15.4788
35 1.725 0.816031 16.7573
36 1.775 0.887268 18.2292
37 1.825 0.964616 19.9208
38 1.875 1.04544 21.856
39 1.925 1.11802 24.0373
40 1.975 1.18267 26.4662
41 2.025 1.20953 29.0776
42 2.075 1.2079 31.8159
43 2.125 1.17226 34.603
44 2.175 1.12507 37.4053
45 2.225 1.07642 40.211
46 2.275 1.01812 42.9854
47 2.325 0.977585 45.7678
48 2.375 0.932715 48.5378
49 2.425 0.912565 51.3633
50 2.475 0.888603 54.2292
67000 50
1 0.025 0 0
2 0.075 0 0
3 0.125 0 0
4 0.175 0 0
5 0.225 0 0
6 0.275 0 0
7 0.325 0 0
8 0.375 0 0
9 0.425 0 0
10 0.475 0 0
11 0.525 0 0
12 0.575 0 0
13 0.625 0 0
14 0.675 0 0
15 0.725 0 0
16 0.775 0 0
17 0.825 0 0
18 0.875 0.00678162 0.00273437
19 0.925 0.285651 0.131445
20 0.975 1.31013 0.787305
21 1.025 2.29943 2.05947
22 1.075 2.49831 3.57979
23 1.125 2.15813 5.01807
24 1.175 1.73163 6.27695
25 1.225 1.39754 7.38125
26 1.275 1.12249 8.34209
27 1.325 0.957093 9.22686
28 1.375 0.822348 10.0455
29 1.425 0.753145 10.8508
30 1.475 0.702954 11.6561
31 1.525 0.677875 12.4861
32 1.575 0.676794 13.3701
33 1.625 0.706097 14.3519
34 1.675 0.747736 15.4564
35 1.725 0.816405 16.7355
36 1.775 0.891919 18.2151
37 1.825 0.967846 19.9124
38 1.875 1.05709 21.8691
39 1.925 1.12287 24.06
40 1.975 1.17378 26.4706
41 2.025 1.20052 29.0626
42 2.075 1.20557 31.7956
43 2.125 1.18114 34.6038
44 2.175 1.12695 37.4107
45 2.225 1.06945 40.1983
46 2.275 1.01938 42.9762
47 2.325 0.96784 45.7308
48 2.375 0.94327 48.5321
49 2.425 0.903324 51.329
50 2.475 0.892297 54.2068
68000 50
1 0.025 0 0
2 0.075 0 0
3 0.125 0 0
4 0.175 0 0
5 0.225 0 0
6 0.275 0 0
7 0.325 0 0
8 0.375 0 0
9 0.425 0 0
10 0.475 0 0
11 0.525 0 0
12 0.575 0 0
13 0.625 0 0
14 0.675 0 0
15 0.725 0 0
16 0.775 0 0
17 0.825 0 0
18 0.875 0.0101724 0.00410156
19 0.925 0.279149 0.129883
20 0.975 1.32184 0.791602
21 1.025 2.30014 2.06416
22 1.075 2.48917 3.57891
23 1.125 2.14523 5.00859
24 1.175 1.73472 6.26973
25 1.225 1.39407 7.37129
26 1.275 1.15398 8.35908
27 1.325 0.938078 9.22627
28 1.375 0.821956 10.0445
29 1.425 0.755611 10.8524
30 1.475 0.698436 11.6525
31 1.525 0.665514 12.4675
32 1.575 0.692271 13.3717
33 1.625 0.698722 14.3432
34 1.675 0.748662 15.4491
35 1.725 0.812977 16.7229
36 1.775 0.897688 18.212
37 1.825 0.971466 19.9156
38 1.875 1.06548 21.8879
39 1.925 1.12688 24.0865
40 1.975 1.17178 26.4931
41 2.025 1.20772 29.1006
42 2.075 1.20669 31.8361
43 2.125 1.17613 34.6324
44 2.175 1.12009 37.4223
45 2.225 1.05997 40.1852
46 2.275 1.02762 42.9854
47 2.325 0.967085 45.7379
48 2.375 0.936135 48.5181
49 2.425 0.90979 51.335
50 2.475 0.88821 54.1996
69000 50
1 0.025 0 0
2 0.075 0 0
3 0.125 0 0
4 0.175 0 0
5 0.225 0 0
6 0.275 0 0
7 0.325 0 0
8 0.375 0 0
9 0.425 0 0
10 0.475 0 0
11 0.525 0 0
12 0.575 0 0
13 0.625 0 0
14 0.675 0 0
15 0.725 0 0
16 0.775 0 0
17 0.825 0 0
18 0.875 0.00799262 0.00322266
19 0.925 0.278282 0.128613
20 0.975 1.34954 0.804199
21 1.025 2.28301 2.06729
22 1.075 2.49109 3.5832
23 1.125 2.17498 5.03271
24 1.175 1.72626 6.2877
25 1.225 1.36404 7.36553
26 1.275 1.12786 8.33096
27 1.325 0.943572 9.20322
28 1.375 0.830981 10.0305
29 1.425 0.755337 10.8381
30 1.475 0.694771 11.634
31 1.525 0.690715 12.4798
32 1.575 0.683822 13.3729
33 1.625 0.704481 14.3524
34 1.675 0.747075 15.4561
35 1.725 0.811045 16.7268
36 1.775 0.889152 18.2018
37 1.825 0.975921 19.9132
38 1.875 1.05414 21.8645
39 1.925 1.12077 24.0512
40 1.975 1.19313 26.5016
41 2.025 1.21649 29.128
42 2.075 1.19553 31.8383
43 2.125 1.1705 34.6212
44 2.175 1.12115 37.4137
45 2.225 1.08346 40.2378
46 2.275 1.00314 42.9714
47 2.325 0.973879 45.7432
48 2.375 0.927454 48.4976
49 2.425 0.911966 51.3212
50 2.475 0.887029 54.182
70000 50
1 0.025 0 0
2 0.075 0 0
3 0.125 0 0
4 0.175 0 0
5 0.225 0 0
6 0.275 0 0
7 0.325 0 0
8 0.375 0 0
9 0.425 0 0
10 0.475 0 0
11 0.525 0 0
12 0.575 0 0
13 0.625 0 0
14 0.675 0 0
15 0.725 0 0
16 0.775 0 0
17 0.825 0 0
18 0.875 0.00726602 0.00292969
19 0.925 0.279582 0.128906
20 0.975 1.33471 0.79707
21 1.025 2.30543 2.07256
22 1.075 2.48066 3.58213
23 1.125 2.13805 5.00703
24 1.175 1.72746 6.26289
25 1.225 1.38518 7.35742
26 1.275 1.1436 8.33633
27 1.325 0.964383 9.22783
28 1.375 0.823623 10.0478
29 1.425 0.747939 10.8475
30 1.475 0.705768 11.656
31 1.525 0.679071 12.4875
32 1.575 0.678214 13.3733
33 1.625 0.714876 14.3673
34 1.675 0.751108 15.4769
35 1.725 0.809175 16.7446
36 1.775 0.888916 18.2192
37 1.825 0.95927 19.9015
38 1.875 1.04069 21.8278
39 1.925 1.12983 24.0322
40 1.975 1.19508 26.4866
41 2.025 1.21256 29.1046
42 2.075 1.20213 31.8298
43 2.125 1.16857 34.6081
44 2.175 1.13334 37.431
45 2.225 1.06391 40.2041
46 2.275 1.01827 42.9789
47 2.325 0.96513 45.7258
48 2.375 0.933636 48.4985
49 2.425 0.915909 51.3344
50 2.475 0.888422 54.1997
71000 50
1 0.025 0 0
2 0.075 0 0
3 0.125 0 0
4 0.175 0 0
5 0.225 0 0
6 0.275 0 0
7 0.325 0 0
8 0.375 0 0
9 0.425 0 0
10 0.475 0 0
11 0.525 0 0
12 0.575 0 0
13 0.625 0 0
14 0.675 0 0
15 0.725 0 0
16 0.775 0 0
17 0.825 0 0
18 0.875 0.00726602 0.00292969
19 0.925 0.284351 0.131055
20 0.975 1.31833 0.791016
21 1.025 2.27348 2.04883
22 1.075 2.515 3.5793
23 1.125 2.14157 5.00654
24 1.175 1.7413 6.27246
25 1.225 1.40742 7.38457
26 1.275 1.13721 8.35801
27 1.325 0.948748 9.23506
28 1.375 0.815874 10.0473
29 1.425 0.755063 10.8546
30 1.475 0.693321 11.6488
31 1.525 0.676759 12.4775
32 1.575 0.673579 13.3573
33 1.625 0.707712 14.3413
34 1.675 0.761487 15.4662
35 1.725 0.806058 16.7291
36 1.775 0.883677 18.195
37 1.825 0.963725 19.8851
38 1.875 1.05018 21.829
39 1.925 1.12868 24.0312
40 1.975 1.19218 26.4796
41 2.025 1.2145 29.1018
42 2.075 1.21277 31.8511
43 2.125 1.17074 34.6346
44 2.175 1.13432 37.4599
45 2.225 1.06046 40.224
46 2.275 1.02009 43.0038
47 2.325 0.970928 45.7672
48 2.375 0.933833 48.5405
49 2.425 0.898845 51.3235
50 2.475 0.901533 54.2312
72000 50
1 0.025 0 0
2 0.075 0 0
3 0.125 0 0
4 0.175 0 0
5 0.225 0 0
6 0.275 0 0
7 0.325 0 0
8 0.375 0 0
9 0.425 0 0
10 0.475 0 0
11 0.525 0 0
12 0.575 0 0
13 0.625 0 0
14 0.675 0 0
15 0.725 0 0
16 0.775 0 0
17 0.825 0 0
18 0.875 0.00775042 0.003125
19 0.925 0.284134 0.131152
20 0.975 1.33257 0.798242
21 1.025 2.29802 2.06963
22 1.075 2.45531 3.56377
23 1.125 2.17366 5.0124
24 1.175 1.75675 6.28955
25 1.225 1.38913 7.38721
26 1.275 1.12398 8.34932
27 1.325 0.954136 9.23135
28 1.375 0.814893 10.0426
29 1.425 0.743555 10.8376
30 1.475 0.695879 11.6348
31 1.525 0.677317 12.4642
32 1.575 0.686813 13.3612
33 1.625 0.710802 14.3495
34 1.675 0.750315 15.4579
35 1.725 0.804936 16.719
36 1.775 0.899101 18.2105
37 1.825 0.977146 19.9241
38 1.875 1.05535 21.8776
39 1.925 1.12873 24.0799
40 1.975 1.17282 26.4886
41 2.025 1.21355 29.1087
42 2.075 1.19472 31.8171
43 2.125 1.17838 34.6187
44 2.175 1.12942 37.4318
45 2.225 1.06522 40.2084
46 2.275 1.0178 42.9819
47 2.325 0.966399 45.7324
48 2.375 0.931696 48.4994
49 2.425 0.90487 51.3011
50 2.475 0.893963 54.1843
73000 50
1 0.025 0 0
2 0.075 0 0
3 0.125 0 0
4 0.175 0 0
5 0.225 0 0
6 0.275 0 0
7 0.325 0 0
8 0.375 0 0
9 0.425 0 0
10 0.475 0 0
11 0.525 0 0
12 0.575 0 0
13 0.625 0 0
14 0.675 0 0
15 0.725 0 0
16 0.775 0 0
17 0.825 0 0
18 0.875 0.00823482 0.00332031
19 0.925 0.275898 0.127637
20 0.975 1.28751 0.772168
21 1.025 2.33614 2.06465
22 1.075 2.47248 3.56924
23 1.125 2.15021 5.00225
24 1.175 1.73432 6.26309
25 1.225 1.39976 7.36914
26 1.275 1.13801 8.34326
27 1.325 0.957516 9.22842
28 1.375 0.829901 10.0546
29 1.425 0.736431 10.842
30 1.475 0.707132 11.6521
31 1.525 0.672851 12.476
32 1.575 0.686214 13.3723
33 1.625 0.707853 14.3564
34 1.675 0.738415 15.4473
35 1.725 0.825319 16.7403
36 1.775 0.889976 18.2167
37 1.825 0.963558 19.9064
38 1.875 1.05345 21.8564
39 1.925 1.11922 24.0401
40 1.975 1.19156 26.4873
41 2.025 1.20984 29.0994
42 2.075 1.20337 31.8274
43 2.125 1.17567 34.6227
44 2.175 1.12569 37.4265
45 2.225 1.072 40.2207
46 2.275 1.02042 43.0014
47 2.325 0.967017 45.7536
48 2.375 0.930578 48.5173
49 2.425 0.899287 51.3017
50 2.475 0.900382 54.2056
74000 50
1 0.025 0 0
2 0.075 0 0
3 0.125 0 0
4 0.175 0 0
5 0.225 0 0
6 0.275 0 0
7 0.325 0 0
8 0.375 0 0
9 0.425 0 0
10 0.475 0 0
11 0.525 0 0
12 0.575 0 0
13 0.625 0 0
14 0.675 0 0
15 0.725 0 0
16 0.775 0 0
17 0.825 0 0
18 0.875 0.0104146 0.00419922
19 0.925 0.275248 0.128223
20 0.975 1.34486 0.801465
21 1.025 2.27842 2.06201
22 1.075 2.46493 3.56201
23 1.125 2.15622 4.99902
24 1.175 1.75232 6.27295
25 1.225 1.40112 7.38008
26 1.275 1.13345 8.35029
27 1.325 0.94991 9.22842
28 1.375 0.812931 10.0377
29 1.425 0.74803 10.8375
30 1.475 0.703807 11.6438
31 1.525 0.680587 12.4771
32 1.575 0.691373 13.3802
33 1.625 0.712699 14.3711
34 1.675 0.748067 15.4762
35 1.725 0.802319 16.7332
36 1.775 0.881087 18.1948
37 1.825 0.971744 19.8989
38 1.875 1.04939 21.8414
39 1.925 1.13338 24.0527
40 1.975 1.18866 26.4939
41 2.025 1.21776 29.1231
42 2.075 1.1973 31.8374
43 2.125 1.16766 34.6136
44 2.175 1.12534 37.4165
45 2.225 1.06526 40.1932
46 2.275 1.01329 42.9544
47 2.325 0.973948 45.7264
48 2.375 0.93311 48.4976
49 2.425 0.911493 51.3197
50 2.475 0.899898 54.2221
75000 50
1 0.025 0 0
2 0.075 0 0
3 0.125 0 0
4 0.175 0 0
5 0.225 0 0
6 0.275 0 0
7 0.325 0 0
8 0.375 0 0
9 0.425 0 0
10 0.475 0 0
11 0.525 0 0
12 0.575 0 0
13 0.625 0 0
14 0.675 0 0
15 0.725 0 0
16 0.775 0 0
17 0.825 0 0
18 0.875 0.00896142 0.00361328
19 0.925 0.283917 0.131543
20 0.975 1.32418 0.794434
21 1.025 2.2809 2.05635
22 1.075 2.4951 3.57471
23 1.125 2.15666 5.01201
24 1.175 1.73552 6.27373
25 1.225 1.38987 7.37197
26 1.275 1.14657 8.35342
27 1.325 0.932585 9.21553
28 1.375 0.824604 10.0364
29 1.425 0.742276 10.8301
30 1.475 0.696731 11.6282
31 1.525 0.695978 12.4805
32 1.575 0.680756 13.3696
33 1.625 0.707501 14.3533
34 1.675 0.745819 15.4551
35 1.725 0.801259 16.7104
36 1.775 0.902162 18.207
37 1.825 0.978705 19.9233
38 1.875 1.04697 21.8613
39 1.925 1.13033 24.0667
40 1.975 1.18181 26.4938
41 2.025 1.20894 29.104
42 2.075 1.20281 31.8308
43 2.125 1.16372 34.5976
44 2.175 1.13851 37.4333
45 2.225 1.0684 40.2182
46 2.275 1.01407 42.9815
47 2.325 0.97333 45.7518
48 2.375 0.925349 48.4999
49 2.425 0.906289 51.306
50 2.475 0.898717 54.2045
76000 50
1 0.025 0 0
2 0.075 0 0
3 0.125 0 0
4 0.175 0 0
5 0.225 0 0
6 0.275 0 0
7 0.325 0 0
8 0.375 0 0
9 0.425 0 0
10 0.475 0 0
11 0.525 0 0
12 0.575 0 0
13 0.625 0 0
14 0.675 0 0
15 0.725 0 0
16 0.775 0 0
17 0.825 0 0
18 0.875 0.00847702 0.00341797
19 0.925 0.281316 0.130176
20 0.975 1.35051 0.80625
21 1.025 2.29819 2.07773
22 1.075 2.48082 3.5874
23 1.125 2.14787 5.01885
24 1.175 1.72491 6.27285
25 1.225 1.40273 7.38125
26 1.275 1.11234 8.3334
27 1.325 0.938395 9.20088
28 1.375 0.840594 10.0377
29 1.425 0.739901 10.8288
30 1.475 0.704659 11.636
31 1.525 0.67006 12.4565
32 1.575 0.684719 13.3509
33 1.625 0.712067 14.3409
34 1.675 0.756132 15.4579
35 1.725 0.826503 16.7528
36 1.775 0.898453 18.2433
37 1.825 0.967623 19.9401
38 1.875 1.0534 21.89
39 1.925 1.12918 24.0932
40 1.975 1.17363 26.5035
41 2.025 1.19894 29.0921
42 2.075 1.19864 31.8094
43 2.125 1.16282 34.574
44 2.175 1.12812 37.3839
45 2.225 1.07342 40.1818
46 2.275 1.0168 42.9526
47 2.325 0.972507 45.7205
48 2.375 0.938469 48.5076
49 2.425 0.913669 51.3365
50 2.475 0.893297 54.2176
77000 50
1 0.025 0 0
2 0.075 0 0
3 0.125 0 0
4 0.175 0 0
5 0.225 0 0
6 0.275 0 0
7 0.325 0 0
8 0.375 0 0
9 0.425 0 0
10 0.475 0 0
11 0.525 0 0
12 0.575 0 0
13 0.625 0 0
14 0.675 0 0
15 0.725 0 0
16 0.775 0 0
17 0.825 0 0
18 0.875 0.0104146 0.00419922
19 0.925 0.284134 0.132227
20 0.975 1.30428 0.785156
21 1.025 2.34974 2.08516
22 1.075 2.4468 3.57412
23 1.125 2.12266 4.98877
24 1.175 1.74157 6.25488
25 1.225 1.41521 7.37314
26 1.275 1.14657 8.35459
27 1.325 0.950121 9.23291
28 1.375 0.828724 10.0579
29 1.425 0.742093 10.8514
30 1.475 0.699203 11.6523
31 1.525 0.667587 12.4698
32 1.575 0.690177 13.3713
33 1.625 0.706448 14.3535
34 1.675 0.749984 15.4614
35 1.725 0.821828 16.749
36 1.775 0.886503 18.2196
37 1.825 0.964059 19.9103
38 1.875 1.04744 21.8491
39 1.925 1.13488 24.0634
40 1.975 1.17145 26.4692
41 2.025 1.20098 29.0622
42 2.075 1.20579 31.7957
43 2.125 1.1868 34.6174
44 2.175 1.12824 37.4275
45 2.225 1.07646 40.2334
46 2.275 1.01508 42.9995
47 2.325 0.971786 45.7653
48 2.375 0.930545 48.5289
49 2.425 0.90528 51.3318
50 2.475 0.892116 54.2091
78000 50
1 0.025 0 0
2 0.075 0 0
3 0.125 0 0
4 0.175 0 0
5 0.225 0 0
6 0.275 0 0
7 0.325 0 0
8 0.375 0 0
9 0.425 0 0
10 0.475 0 0
11 0.525 0 0
12 0.575 0 0
13 0.625 0 0
14 0.675 0 0
15 0.725 0 0
16 0.775 0 0
17 0.825 0 0
18 0.875 0.00726602 0.00292969
19 0.925 0.274164 0.126465
20 0.975 1.33062 0.792578
21 1.025 2.31708 2.07451
22 1.075 2.46686 3.57568
23 1.125 2.16428 5.01807
24 1.175 1.73472 6.2792
25 1.225 1.40087 7.38613
26 1.275 1.11554 8.34102
27 1.325 0.951178 9.22031
28 1.375 0.831471 10.048
29 1.425 0.751957 10.8521
30 1.475 0.696305 11.6497
31 1.525 0.66352 12.4622
32 1.575 0.684943 13.3568
33 1.625 0.713682 14.3491
34 1.675 0.75124 15.4589
35 1.725 0.806993 16.7232
36 1.775 0.885914 18.1929
37 1.825 0.980042 19.9115
38 1.875 1.05187 21.8586
39 1.925 1.13013 24.0636
40 1.975 1.18181 26.4907
41 2.025 1.20971 29.1025
42 2.075 1.20798 31.841
43 2.125 1.17296 34.6298
44 2.175 1.12707 37.437
45 2.225 1.07177 40.2307
46 2.275 1.01576 42.9986
47 2.325 0.964443 45.7436
48 2.375 0.928736 48.5018
49 2.425 0.899192 51.2858
50 2.475 0.897899 54.1817
79000 50
1 0.025 0 0
2 0.075 0 0
3 0.125 0 0
4 0.175 0 0
5 0.225 0 0
6 0.275 0 0
7 0.325 0 0
8 0.375 0 0
9 0.425 0 0
10 0.475 0 0
11 0.525 0 0
12 0.575 0 0
13 0.625 0 0
14 0.675 0 0
15 0.725 0 0
16 0.775 0 0
17 0.825 0 0
18 0.875 0.00847702 0.00341797
19 0.925 0.282617 0.130762
20 0.975 1.33862 0.800879
21 1.025 2.27419 2.05908
22 1.075 2.47713 3.5665
23 1.125 2.14801 4.99805
24 1.175 1.76132 6.27852
25 1.225 1.38456 7.37256
26 1.275 1.11451 8.32656
27 1.325 0.956354 9.21064
28 1.375 0.838534 10.0454
29 1.425 0.758351 10.8562
30 1.475 0.695794 11.6533
31 1.525 0.673569 12.4781
32 1.575 0.693616 13.3841
33 1.625 0.710802 14.3724
34 1.675 0.749852 15.4801
35 1.725 0.805684 16.7424
36 1.775 0.882735 18.2067
37 1.825 0.969684 19.9072
38 1.875 1.05018 21.8512
39 1.925 1.12202 24.0403
40 1.975 1.16545 26.4339
41 2.025 1.21649 29.0604
42 2.075 1.20794 31.7987
43 2.125 1.18516 34.6165
44 2.175 1.13859 37.4524
45 2.225 1.0605 40.2167
46 2.275 1.01246 42.9757
47 2.325 0.973776 45.7472
48 2.375 0.943402 48.5489
49 2.425 0.90181 51.3411
50 2.475 0.895477 54.2292
80000 50
1 0.025 0 0
2 0.075 0 0
3 0.125 0 0
4 0.175 0 0
5 0.225 0 0
6 0.275 0 0
7 0.325 0 0
8 0.375 0 0
9 0.425 0 0
10 0.475 0 0
11 0.525 0 0
12 0.575 0 0
13 0.625 0 0
14 0.675 0 0
15 0.725 0 0
16 0.775 0 0
17 0.825 0 0
18 0.875 0.00799262 0.00322266
19 0.925 0.289335 0.133594
20 0.975 1.31579 0.792285
21 1.025 2.31143 2.07109
22 1.075 2.51083 3.59902
23 1.125 2.13512 5.02197
24 1.175 1.71135 6.26611
25 1.225 1.39667 7.36973
26 1.275 1.13721 8.34316
27 1.325 0.943572 9.21543
28 1.375 0.831863 10.0436
29 1.425 0.753875 10.8496
30 1.475 0.696561 11.6476
31 1.525 0.668465 12.4661
32 1.575 0.675971 13.349
33 1.625 0.705886 14.3305
34 1.675 0.771733 15.4705
35 1.725 0.821516 16.7576
36 1.775 0.887739 18.2303
37 1.825 0.970519 19.9322
38 1.875 1.05504 21.8852
39 1.925 1.12137 24.073
40 1.975 1.16992 26.4758
41 2.025 1.21418 29.0973
42 2.075 1.19829 31.8138
43 2.125 1.18249 34.6252
44 2.175 1.12624 37.4304
45 2.225 1.06136 40.1969
46 2.275 1.02633 42.9937
47 2.325 0.960566 45.7275
48 2.375 0.930183 48.49
49 2.425 0.908181 51.302
50 2.475 0.890027 54.1725
81000 50
1 0.025 0 0
2 0.075 0 0
3 0.125 0 0
4 0.175 0 0
5 0.225 0 0
6 0.275 0 0
7 0.325 0 0
8 0.375 0 0
9 0.425 0 0
10 0.475 0 0
11 0.525 0 0
12 0.575 0 0
13 0.625 0 0
14 0.675 0 0
15 0.725 0 0
16 0.775 0 0
17 0.825 0 0
18 0.875 0.00847702 0.00341797
19 0.925 0.275681 0.127637
20 0.975 1.32398 0.79043
21 1.025 2.31037 2.06865
22 1.075 2.46092 3.56621
23 1.125 2.15021 4.99922
24 1.175 1.75218 6.27305
25 1.225 1.40767 7.38535
26 1.275 1.125 8.34834
27 1.325 0.954664 9.23086
28 1.375 0.82225 10.0494
29 1.425 0.732229 10.8323
30 1.475 0.691787 11.6248
31 1.525 0.678673 12.4559
32 1.575 0.687635 13.354
33 1.625 0.716492 14.3502
34 1.675 0.751571 15.4604
35 1.725 0.820644 16.7462
36 1.775 0.892272 18.2264
37 1.825 0.966231 19.9208
38 1.875 1.04981 21.8641
39 1.925 1.12718 24.0633
40 1.975 1.18495 26.4969
41 2.025 1.20907 29.1073
42 2.075 1.20307 31.8347
43 2.125 1.17173 34.6205
44 2.175 1.12879 37.432
45 2.225 1.06514 40.2084
46 2.275 1.01701 42.9798
47 2.325 0.970345 45.7415
48 2.375 0.932419 48.5106
49 2.425 0.899098 51.2944
50 2.475 0.896597 54.1861
82000 50
1 0.025 0 0
2 0.075 0 0
3 0.125 0 0
4 0.175 0 0
5 0.225 0 0
6 0.275 0 0
7 0.325 0 0
8 0.375 0 0
9 0.425 0 0
10 0.475 0 0
11 0.525 0 0
12 0.575 0 0
13 0.625 0 0
14 0.675 0 0
15 0.725 0 0
16 0.775 0 0
17 0.825 0 0
18 0.875 0.00920362 0.00371094
19 0.925 0.278932 0.129395
20 0.975 1.30896 0.784668
21 1.025 2.31637 2.06621
22 1.075 2.48355 3.57754
23 1.125 2.15124 5.01123
24 1.175 1.73633 6.27354
25 1.225 1.4068 7.38516
26 1.275 1.1428 8.36338
27 1.325 0.950227 9.2418
28 1.375 0.825389 10.0635
29 1.425 0.732503 10.8467
30 1.475 0.694941 11.6428
31 1.525 0.674047 12.4682
32 1.575 0.687486 13.3661
33 1.625 0.701812 14.3419
34 1.675 0.737622 15.4315
35 1.725 0.813663 16.7063
36 1.775 0.897099 18.1945
37 1.825 0.973749 19.9021
38 1.875 1.05171 21.8489
39 1.925 1.14104 24.0752
40 1.975 1.17958 26.4978
41 2.025 1.2031 29.0953
42 2.075 1.21009 31.8386
43 2.125 1.16939 34.6188
44 2.175 1.1224 37.4145
45 2.225 1.072 40.2087
46 2.275 1.02142 42.9921
47 2.325 0.96513 45.739
48 2.375 0.932255 48.5076
49 2.425 0.909064 51.3223
50 2.475 0.894659 54.2077
83000 50
1 0.025 0 0
2 0.075 0 0
3 0.125 0 0
4 0.175 0 0
5 0.225 0 0
6 0.275 0 0
7 0.325 0 0
8 0.375 0 0
9 0.425 0 0
10 0.475 0 0
11 0.525 0 0
12 0.575 0 0
13 0.625 0 0
14 0.675 0 0
15 0.725 0 0
16 0.775 0 0
17 0.825 0 0
18 0.875 0.00871922 0.00351563
19 0.925 0.28175 0.130469
20 0.975 1.34291 0.802734
21 1.025 2.29625 2.07314
22 1.075 2.47585 3.57979
23 1.125 2.15226 5.01416
24 1.175 1.73835 6.27793
25 1.225 1.38876 7.37529
26 1.275 1.13059 8.34307
27 1.325 0.948325 9.21973
28 1.375 0.845695 10.0616
29 1.425 0.739079 10.8519
30 1.475 0.70304 11.6572
31 1.525 0.669501 12.4771
32 1.575 0.67642 13.3605
33 1.625 0.69837 14.3315
34 1.675 0.756661 15.4493
35 1.725 0.816405 16.7284
36 1.775 0.89916 18.22
37 1.825 0.966454 19.9148
38 1.875 1.05599 21.8695
39 1.925 1.12813 24.0706
40 1.975 1.18352 26.5013
41 2.025 1.21753 29.13
42 2.075 1.19734 31.8443
43 2.125 1.17875 34.6469
44 2.175 1.12209 37.4417
45 2.225 1.06627 40.221
46 2.275 1.01393 42.984
47 2.325 0.971752 45.7497
48 2.375 0.934556 48.5252
49 2.425 0.901558 51.3166
50 2.475 0.892479 54.195
84000 50
1 0.025 0 0
2 0.075 0 0
3 0.125 0 0
4 0.175 0 0
5 0.225 0 0
6 0.275 0 0
7 0.325 0 0
8 0.375 0 0
9 0.425 0 0
10 0.475 0 0
11 0.525 0 0
12 0.575 0 0
13 0.625 0 0
14 0.675 0 0
15 0.725 0 0
16 0.775 0 0
17 0.825 0 0
18 0.875 0.00750822 0.00302734
19 0.925 0.275681 0.127246
20 0.975 1.34447 0.800293
21 1.025 2.3139 2.08047
22 1.075 2.47312 3.58545
23 1.125 2.13087 5.00557
24 1.175 1.73458 6.2666
25 1.225 1.38592 7.36172
26 1.275 1.14429 8.34121
27 1.325 0.940508 9.21064
28 1.375 0.838044 10.0449
29 1.425 0.751135 10.848
30 1.475 0.697072 11.6466
31 1.525 0.671655 12.469
32 1.575 0.670962 13.3454
33 1.625 0.713191 14.337
34 1.675 0.762346 15.4632
35 1.725 0.811668 16.7349
36 1.775 0.888387 18.2086
37 1.825 0.977313 19.9225
38 1.875 1.05963 21.8839
39 1.925 1.11972 24.0686
40 1.975 1.17858 26.4891
41 2.025 1.21102 29.1037
42 2.075 1.202 31.8286
43 2.125 1.1638 34.5956
44 2.175 1.11895 37.3826
45 2.225 1.07724 40.1905
46 2.275 1.02371 42.9802
47 2.325 0.974325 45.7532
48 2.375 0.936233 48.5337
49 2.425 0.901337 51.3244
50 2.475 0.891722 54.2004
85000 50
1 0.025 0 0
2 0.075 0 0
3 0.125 0 0
4 0.175 0 0
5 0.225 0 0
6 0.275 0 0
7 0.325 0 0
8 0.375 0 0
9 0.425 0 0
10 0.475 0 0
11 0.525 0 0
12 0.575 0 0
13 0.625 0 0
14 0.675 0 0
15 0.725 0 0
16 0.775 0 0
17 0.825 0 0
18 0.875 0.00557061 0.00224609
19 0.925 0.291286 0.133496
20 0.975 1.30779 0.788184
21 1.025 2.29943 2.06035
22 1.075 2.49189 3.57676
23 1.125 2.16296 5.01826
24 1.175 1.72411 6.27168
25 1.225 1.39321 7.37256
26 1.275 1.13653 8.34541
27 1.325 0.954875 9.22813
28 1.375 0.829215 10.0536
29 1.425 0.745564 10.8508
30 1.475 0.701846 11.6548
31 1.525 0.673648 12.4797
32 1.575 0.680457 13.3685
33 1.625 0.696755 14.3372
34 1.675 0.747075 15.4408
35 1.725 0.816592 16.7202
36 1.775 0.896687 18.2077
37 1.825 0.973025 19.9141
38 1.875 1.04934 21.8564
39 1.925 1.12362 24.0487
40 1.975 1.18091 26.474
41 2.025 1.21192 29.0906
42 2.075 1.20643 31.8256
43 2.125 1.18048 34.6322
44 2.175 1.12158 37.4258
45 2.225 1.07702 40.2331
46 2.275 1.00981 42.9849
47 2.325 0.973742 45.7563
48 2.375 0.926796 48.5087
49 2.425 0.908024 51.3201
50 2.475 0.891692 54.196
86000 50
1 0.025 0 0
2 0.075 0 0
3 0.125 0 0
4 0.175 0 0
5 0.225 0 0
6 0.275 0 0
7 0.325 0 0
8 0.375 0 0
9 0.425 0 0
10 0.475 0 0
11 0.525 0 0
12 0.575 0 0
13 0.625 0 0
14 0.675 0 0
15 0.725 0 0
16 0.775 0 0
17 0.825 0 0
18 0.875 0.00702382 0.00283203
19 0.925 0.275898 0.127148
20 0.975 1.32515 0.790527
21 1.025 2.31902 2.07354
22 1.075 2.4407 3.55879
23 1.125 2.19344 5.02061
24 1.175 1.74909 6.29219
25 1.225 1.41076 7.40693
26 1.275 1.12113 8.3666
27 1.325 0.941776 9.23721
28 1.375 0.817541 10.0511
29 1.425 0.730494 10.8321
30 1.475 0.694003 11.6271
31 1.525 0.681863 12.4621
32 1.575 0.688981 13.362
33 1.625 0.700197 14.3355
34 1.675 0.751505 15.4457
35 1.725 0.811232 16.7167
36 1.775 0.88927 18.1919
37 1.825 0.98394 19.9174
38 1.875 1.05831 21.8764
39 1.925 1.13103 24.0831
40 1.975 1.18157 26.5098
41 2.025 1.20084 29.1024
42 2.075 1.20303 31.8297
43 2.125 1.18212 34.6402
44 2.175 1.12585 37.4444
45 2.225 1.07279 40.2407
46 2.275 1.00565 42.9812
47 2.325 0.966948 45.7332
48 2.375 0.939949 48.5247
49 2.425 0.901432 51.3157
50 2.475 0.896627 54.2075
87000 50
1 0.025 0 0
2 0.075 0 0
3 0.125 0 0
4 0.175 0 0
5 0.225 0 0
6 0.275 0 0
7 0.325 0 0
8 0.375 0 0
9 0.425 0 0
10 0.475 0 0
11 0.525 0 0
12 0.575 0 0
13 0.625 0 0
14 0.675 0 0
15 0.725 0 0
16 0.775 0 0
17 0.825 0 0
18 0.875 0.00871922 0.00351563
19 0.925 0.272214 0.126172
20 0.975 1.33744 0.795703
21 1.025 2.31426 2.07607
22 1.075 2.45755 3.57158
23 1.125 2.15725 5.00928
24 1.175 1.73646 6.27168
25 1.225 1.40557 7.38232
26 1.275 1.13219 8.35146
27 1.325 0.947692 9.22754
28 1.375 0.826468 10.0503
29 1.425 0.738897 10.8403
30 1.475 0.693577 11.6349
31 1.525 0.682421 12.4705
32 1.575 0.689429 13.371
33 1.625 0.708485 14.3561
34 1.675 0.754876 15.4712
35 1.725 0.810235 16.7406
36 1.775 0.87991 18.2003
37 1.825 0.96857 19.8988
38 1.875 1.04923 21.841
39 1.925 1.13954 24.0644
40 1.975 1.18771 26.5036
41 2.025 1.19885 29.092
42 2.075 1.20325 31.8197
43 2.125 1.16787 34.5964
44 2.175 1.1351 37.4236
45 2.225 1.06934 40.2109
46 2.275 1.01336 42.9724
47 2.325 0.959091 45.7021
48 2.375 0.932485 48.4714
49 2.425 0.914521 51.3029
50 2.475 0.903834 54.218
88000 50
1 0.025 0 0
2 0.075 0 0
3 0.125 0 0
4 0.175 0 0
5 0.225 0 0
6 0.275 0 0
7 0.325 0 0
8 0.375 0 0
9 0.425 0 0
10 0.475 0 0
11 0.525 0 0
12 0.575 0 0
13 0.625 0 0
14 0.675 0 0
15 0.725 0 0
16 0.775 0 0
17 0.825 0 0
18 0.875 0.00896142 0.00361328
19 0.925 0.282833 0.131055
20 0.975 1.31443 0.789062
21 1.025 2.31214 2.06826
22 1.075 2.46654 3.56924
23 1.125 2.1508 5.00264
24 1.175 1.7452 6.27139
25 1.225 1.38345 7.36455
26 1.275 1.15124 8.35
27 1.325 0.93924 9.21826
28 1.375 0.820975 10.0355
29 1.425 0.747665 10.835
30 1.475 0.70645 11.6442
31 1.525 0.66344 12.4566
32 1.575 0.688532 13.356
33 1.625 0.712067 14.346
34 1.675 0.756396 15.4634
35 1.725 0.821953 16.7512
36 1.775 0.886621 18.222
37 1.825 0.977647 19.9364
38 1.875 1.04391 21.8687
39 1.925 1.13809 24.0893
40 1.975 1.17525 26.5029
41 2.025 1.20238 29.0989
42 2.075 1.18834 31.7929
43 2.125 1.17358 34.5831
44 2.175 1.13208 37.4028
45 2.225 1.07316 40.2001
46 2.275 1.01773 42.9734
47 2.325 0.970139 45.7346
48 2.375 0.92798 48.4905
49 2.425 0.916003 51.3267
50 2.475 0.890935 54.2001
89000 50
1 0.025 0 0
2 0.075 0 0
3 0.125 0 0
4 0.175 0 0
5 0.225 0 0
6 0.275 0 0
7 0.325 0 0
8 0.375 0 0
9 0.425 0 0
10 0.475 0 0
11 0.525 0 0
12 0.575 0 0
13 0.625 0 0
14 0.675 0 0
15 0.725 0 0
16 0.775 0 0
17 0.825 0 0
18 0.875 0.00871922 0.00351563
19 0.925 0.280666 0.12998
20 0.975 1.33081 0.796191
21 1.025 2.29431 2.06553
22 1.075 2.49559 3.58418
23 1.125 2.16223 5.0252
24 1.175 1.73861 6.28916
25 1.225 1.38122 7.38057
26 1.275 1.13231 8.3498
27 1.325 0.950649 9.22861
28 1.375 0.825487 10.0504
29 1.425 0.750496 10.8528
30 1.475 0.688121 11.6411
31 1.525 0.674127 12.4666
32 1.575 0.677841 13.352
33 1.625 0.711716 14.3415
34 1.675 0.747472 15.4457
35 1.725 0.822077 16.7337
36 1.775 0.884913 18.2017
37 1.825 0.972245 19.9066
38 1.875 1.04063 21.8329
39 1.925 1.12567 24.0292
40 1.975 1.19161 26.4765
41 2.025 1.20545 29.0791
42 2.075 1.22362 31.853
43 2.125 1.17962 34.6576
44 2.175 1.12456 37.4586
45 2.225 1.06436 40.2329
46 2.275 1.01565 43.0006
47 2.325 0.962179 45.7391
48 2.375 0.934556 48.5146
49 2.425 0.902346 51.3084
50 2.475 0.896234 54.1989
90000 50
1 0.025 0 0
2 0.075 0 0
3 0.125 0 0
4 0.175 0 0
5 0.225 0 0
6 0.275 0 0
7 0.325 0 0
8 0.375 0 0
9 0.425 0 0
10 0.475 0 0
11 0.525 0 0
12 0.575 0 0
13 0.625 0 0
14 0.675 0 0
15 0.725 0 0
16 0.775 0 0
17 0.825 0 0
18 0.875 0.00968802 0.00390625
19 0.925 0.262894 0.122363
20 0.975 1.33686 0.791602
21 1.025 2.30843 2.06875
22 1.075 2.46285 3.56748
23 1.125 2.1593 5.00654
24 1.175 1.74855 6.27773
25 1.225 1.40174 7.38535
26 1.275 1.11896 8.34316
27 1.325 0.943572 9.21543
28 1.375 0.831079 10.0428
29 1.425 0.757346 10.8525
30 1.475 0.693577 11.6471
31 1.525 0.675403 12.4741
32 1.575 0.681056 13.3637
33 1.625 0.709257 14.3498
34 1.675 0.750843 15.459
35 1.725 0.819771 16.7434
36 1.775 0.881911 18.2063
37 1.825 0.971076 19.9093
38 1.875 1.04169 21.8375
39 1.925 1.14024 24.0622
40 1.975 1.17615 26.4777
41 2.025 1.21124 29.0929
42 2.075 1.19945 31.812
43 2.125 1.17378 34.6027
44 2.175 1.13267 37.4239
45 2.225 1.07507 40.2262
46 2.275 1.00848 42.9743
47 2.325 0.958233 45.7016
48 2.375 0.939028 48.4903
49 2.425 0.906888 51.2982
50 2.475 0.90665 54.2224
91000 50
1 0.025 0 0
2 0.075 0 0
3 0.125 0 0
4 0.175 0 0
5 0.225 0 0
6 0.275 0 0
7 0.325 0 0
8 0.375 0 0
9 0.425 0 0
10 0.475 0 0
11 0.525 0 0
12 0.575 0 0
13 0.625 0 0
14 0.675 0 0
15 0.725 0 0
16 0.775 0 0
17 0.825 0 0
18 0.875 0.00920362 0.00371094
19 0.925 0.283484 0.131445
20 0.975 1.32496 0.794727
21 1.025 2.30808 2.07168
22 1.075 2.49414 3.58945
23 1.125 2.11446 4.99863
24 1.175 1.74372 6.26631
25 1.225 1.3937 7.36758
26 1.275 1.13687 8.34072
27 1.325 0.976954 9.24385
28 1.375 0.831471 10.0716
29 1.425 0.732321 10.8546
30 1.475 0.697584 11.6537
31 1.525 0.67628 12.4818
32 1.575 0.669018 13.3557
33 1.625 0.705394 14.3364
34 1.675 0.743373 15.4346
35 1.725 0.817278 16.715
36 1.775 0.899631 18.2074
37 1.825 0.979707 19.9255
38 1.875 1.05393 21.8764
39 1.925 1.12908 24.0793
40 1.975 1.16978 26.4817
41 2.025 1.21332 29.1014
42 2.075 1.20359 31.8299
43 2.125 1.16935 34.6101
44 2.175 1.12267 37.4063
45 2.225 1.06956 40.1942
46 2.275 1.02088 42.9762
47 2.325 0.975183 45.7517
48 2.375 0.932485 48.521
49 2.425 0.907487 51.3308
50 2.475 0.897566 54.2256
92000 50
1 0.025 0 0
2 0.075 0 0
3 0.125 0 0
4 0.175 0 0
5 0.225 0 0
6 0.275 0 0
7 0.325 0 0
8 0.375 0 0
9 0.425 0 0
10 0.475 0 0
11 0.525 0 0
12 0.575 0 0
13 0.625 0 0
14 0.675 0 0
15 0.725 0 0
16 0.775 0 0
17 0.825 0 0
18 0.875 0.00944582 0.00380859
19 0.925 0.280883 0.130371
20 0.975 1.32223 0.792285
21 1.025 2.3282 2.08037
22 1.075 2.44568 3.56865
23 1.125 2.17175 5.01602
24 1.175 1.73982 6.28086
25 1.225 1.4031 7.38955
26 1.275 1.12569 8.35313
27 1.325 0.943677 9.22549
28 1.375 0.835984 10.0577
29 1.425 0.734604 10.8432
30 1.475 0.693407 11.6375
31 1.525 0.669342 12.4571
32 1.575 0.680532 13.346
33 1.625 0.714666 14.3396
34 1.675 0.76466 15.4692
35 1.725 0.813351 16.7436
36 1.775 0.894391 18.2272
37 1.825 0.968793 19.9262
38 1.875 1.06311 21.894
39 1.925 1.11256 24.0647
40 1.975 1.1771 26.4822
41 2.025 1.22572 29.1286
42 2.075 1.20148 31.8523
43 2.125 1.17202 34.6389
44 2.175 1.12044 37.4296
45 2.225 1.06379 40.2024
46 2.275 1.01493 42.9682
47 2.325 0.974977 45.7431
48 2.375 0.932222 48.5116
49 2.425 0.906352 51.3179
50 2.475 0.888331 54.1829
93000 50
1 0.025 0 0
2 0.075 0 0
3 0.125 0 0
4 0.175 0 0
5 0.225 0 0
6 0.275 0 0
7 0.325 0 0
8 0.375 0 0
9 0.425 0 0
10 0.475 0 0
11 0.525 0 0
12 0.575 0 0
13 0.625 0 0
14 0.675 0 0
15 0.725 0 0
16 0.775 0 0
17 0.825 0 0
18 0.875 0.00968802 0.00390625
19 0.925 0.276115 0.12832
20 0.975 1.34993 0.804102
21 1.025 2.27984 2.06543
22 1.075 2.49575 3.58418
23 1.125 2.1234 4.99932
24 1.175 1.75661 6.27637
25 1.225 1.39482 7.37852
26 1.275 1.14292 8.35684
27 1.325 0.940085 9.22588
28 1.375 0.819111 10.0413
29 1.425 0.748121 10.8412
30 1.475 0.694515 11.6368
31 1.525 0.678114 12.4672
32 1.575 0.684794 13.3616
33 1.625 0.707923 14.3459
34 1.675 0.744762 15.4461
35 1.725 0.820457 16.7315
36 1.775 0.899395 18.2235
37 1.825 0.970742 19.9259
38 1.875 1.06485 21.897
39 1.925 1.13003 24.1018
40 1.975 1.16807 26.5007
41 2.025 1.2017 29.0952
42 2.075 1.20045 31.8166
43 2.125 1.17789 34.6171
44 2.175 1.12283 37.4138
45 2.225 1.07035 40.2037
46 2.275 1.01174 42.9607
47 2.325 0.977997 45.7442
48 2.375 0.9314 48.5104
49 2.425 0.90222 51.3038
50 2.475 0.896415 54.1949
94000 50
1 0.025 0 0
2 0.075 0 0
3 0.125 0 0
4 0.175 0 0
5 0.225 0 0
6 0.275 0 0
7 0.325 0 0
8 0.375 0 0
9 0.425 0 0
10 0.475 0 0
11 0.525 0 0
12 0.575 0 0
13 0.625 0 0
14 0.675 0 0
15 0.725 0 0
16 0.775 0 0
17 0.825 0 0
18 0.875 0.00750822 0.00302734
19 0.925 0.285651 0.131738
20 0.975 1.32223 0.793652
21 1.025 2.30878 2.071
22 1.075 2.46221 3.56934
23 1.125 2.18318 5.02432
24 1.175 1.74842 6.29541
25 1.225 1.37517 7.38203
26 1.275 1.12455 8.34463
27 1.325 0.960368 9.23242
28 1.375 0.827449 10.0562
29 1.425 0.751957 10.8602
30 1.475 0.683262 11.6429
31 1.525 0.677556 12.4726
32 1.575 0.675822 13.3553
33 1.625 0.707993 14.3396
34 1.675 0.755339 15.4555
35 1.725 0.808489 16.7222
36 1.775 0.899631 18.2146
37 1.825 0.965953 19.9085
38 1.875 1.05783 21.8666
39 1.925 1.12162 24.055
40 1.975 1.18191 26.4823
41 2.025 1.21785 29.1117
42 2.075 1.1995 31.831
43 2.125 1.19001 34.6603
44 2.175 1.12005 37.45
45 2.225 1.06499 40.226
46 2.275 1.0054 42.9657
47 2.325 0.981188 45.7583
48 2.375 0.923015 48.4995
49 2.425 0.904743 51.3008
50 2.475 0.897112 54.1941
95000 50
1 0.025 0 0
2 0.075 0 0
3 0.125 0 0
4 0.175 0 0
5 0.225 0 0
6 0.275 0 0
7 0.325 0 0
8 0.375 0 0
9 0.425 0 0
10 0.475 0 0
11 0.525 0 0
12 0.575 0 0
13 0.625 0 0
14 0.675 0 0
15 0.725 0 0
16 0.775 0 0
17 0.825 0 0
18 0.875 0.00993022 0.00400391
19 0.925 0.278932 0.129688
20 0.975 1.35051 0.805762
21 1.025 2.31743 2.08789
22 1.075 2.46461 3.5877
23 1.125 2.14142 5.01484
24 1.175 1.746 6.28418
25 1.225 1.37653 7.37188
26 1.275 1.12158 8.33193
27 1.325 0.946846 9.20723
28 1.375 0.830981 10.0345
29 1.425 0.74529 10.8313
30 1.475 0.704063 11.6379
31 1.525 0.682182 12.4732
32 1.575 0.673504 13.3529
33 1.625 0.703709 14.3313
34 1.675 0.753554 15.4445
35 1.725 0.822763 16.7336
36 1.775 0.887857 18.2064
37 1.825 0.97993 19.9249
38 1.875 1.06153 21.8898
39 1.925 1.12262 24.0802
40 1.975 1.18091 26.5055
41 2.025 1.20953 29.1169
42 2.075 1.20678 31.8526
43 2.125 1.17403 34.6439
44 2.175 1.12691 37.4508
45 2.225 1.0708 40.2419
46 2.275 1.00511 42.9809
47 2.325 0.969178 45.7393
48 2.375 0.930315 48.5021
49 2.425 0.900675 51.2908
50 2.475 0.888755 54.1572
96000 50
1 0.025 0 0
2 0.075 0 0
3 0.125 0 0
4 0.175 0 0
5 0.225 0 0
6 0.275 0 0
7 0.325 0 0
8 0.375 0 0
9 0.425 0 0
10 0.475 0 0
11 0.525 0 0
12 0.575 0 0
13 0.625 0 0
14 0.675 0 0
15 0.725 0 0
16 0.775 0 0
17 0.825 0 0
18 0.875 0.00581281 0.00234375
19 0.925 0.274598 0.126074
20 0.975 1.34564 0.799707
21 1.025 2.32343 2.08516
22 1.075 2.45691 3.58027
23 1.125 2.14508 5.00986
24 1.175 1.72437 6.26348
25 1.225 1.40223 7.37148
26 1.275 1.13253 8.34092
27 1.325 0.950227 9.21934
28 1.375 0.82431 10.0399
29 1.425 0.756798 10.8491
30 1.475 0.695367 11.6457
31 1.525 0.680347 12.4788
32 1.575 0.679485 13.3663
33 1.625 0.706448 14.3485
34 1.675 0.754017 15.4624
35 1.725 0.817465 16.7432
36 1.775 0.88927 18.2184
37 1.825 0.972747 19.9242
38 1.875 1.05451 21.8762
39 1.925 1.11466 24.051
40 1.975 1.17292 26.4599
41 2.025 1.22834 29.1119
42 2.075 1.19545 31.822
43 2.125 1.16816 34.5993
44 2.175 1.14196 37.4437
45 2.225 1.07369 40.2423
46 2.275 1.01174 42.9993
47 2.325 0.96012 45.7319
48 2.375 0.931038 48.497
49 2.425 0.910862 51.3172
50 2.475 0.889058 54.1846
97000 50
1 0.025 0 0
2 0.075 0 0
3 0.125 0 0
4 0.175 0 0
5 0.225 0 0
6 0.275 0 0
7 0.325 0 0
8 0.375 0 0
9 0.425 0 0
10 0.475 0 0
11 0.525 0 0
12 0.575 0 0
13 0.625 0 0
14 0.675 0 0
15 0.725 0 0
16 0.775 0 0
17 0.825 0 0
18 0.875 0.00823482 0.00332031
19 0.925 0.274164 0.126855
20 0.975 1.32945 0.792383
21 1.025 2.32414 2.07822
22 1.075 2.47472 3.58418
23 1.125 2.13849 5.00938
24 1.175 1.73284 6.26914
25 1.225 1.40755 7.38135
26 1.275 1.14075 8.35781
27 1.325 0.934275 9.22148
28 1.375 0.819209 10.037
29 1.425 0.74392 10.8324
30 1.475 0.695794 11.6295
31 1.525 0.688881 12.473
32 1.575 0.682102 13.364
33 1.625 0.706378 14.3461
34 1.675 0.753818 15.4597
35 1.725 0.817839 16.741
36 1.775 0.897158 18.2293
37 1.825 0.977424 19.9434
38 1.875 1.0466 21.8807
39 1.925 1.11902 24.064
40 1.975 1.18015 26.4877
41 2.025 1.20564 29.0907
42 2.075 1.21229 31.839
43 2.125 1.17933 34.6429
44 2.175 1.12067 37.4342
45 2.225 1.05181 40.1758
46 2.275 1.01809 42.9501
47 2.325 0.959399 45.6807
48 2.375 0.933044 48.4517
49 2.425 0.919031 51.2972
50 2.475 0.90014 54.2003
98000 50
1 0.025 0 0
2 0.075 0 0
3 0.125 0 0
4 0.175 0 0
5 0.225 0 0
6 0.275 0 0
7 0.325 0 0
8 0.375 0 0
9 0.425 0 0
10 0.475 0 0
11 0.525 0 0
12 0.575 0 0
13 0.625 0 0
14 0.675 0 0
15 0.725 0 0
16 0.775 0 0
17 0.825 0 0
18 0.875 0.00799262 0.00322266
19 0.925 0.275031 0.127148
20 0.975 1.3232 0.789551
21 1.025 2.31567 2.0707
22 1.075 2.45595 3.56523
23 1.125 2.17043 5.01172
24 1.175 1.75326 6.28633
25 1.225 1.38802 7.38311
26 1.275 1.13607 8.35557
27 1.325 0.948008 9.23193
28 1.375 0.820582 10.0488
29 1.425 0.750861 10.8517
30 1.475 0.698692 11.6521
31 1.525 0.684415 12.4901
32 1.575 0.671336 13.367
33 1.625 0.710381 14.3547
34 1.675 0.734118 15.4392
35 1.725 0.816468 16.7184
36 1.775 0.894568 18.2023
37 1.825 0.968737 19.9012
38 1.875 1.05878 21.861
39 1.925 1.12467 24.0554
40 1.975 1.186 26.4911
41 2.025 1.20649 29.096
42 2.075 1.20768 31.8338
43 2.125 1.18676 34.6554
44 2.175 1.12907 37.4676
45 2.225 1.069 40.254
46 2.275 1.01185 43.0113
47 2.325 0.965027 45.7579
48 2.375 0.922028 48.4962
49 2.425 0.909948 51.3136
50 2.475 0.890027 54.1841
99000 50
1 0.025 0 0
2 0.075 0 0
3 0.125 0 0
4 0.175 0 0
5 0.225 0 0
6 0.275 0 0
7 0.325 0 0
8 0.375 0 0
9 0.425 0 0
10 0.475 0 0
11 0.525 0 0
12 0.575 0 0
13 0.625 0 0
14 0.675 0 0
15 0.725 0 0
16 0.775 0 0
17 0.825 0 0
18 0.875 0.00678162 0.00273437
19 0.925 0.279149 0.128516
20 0.975 1.33101 0.794824
21 1.025 2.30914 2.07236
22 1.075 2.51083 3.60029
23 1.125 2.13893 5.02578
24 1.175 1.72317 6.27852
25 1.225 1.37566 7.36553
26 1.275 1.14988 8.3498
27 1.325 0.946001 9.22432
28 1.375 0.824899 10.0455
29 1.425 0.746569 10.8438
30 1.475 0.689741 11.6339
31 1.525 0.675004 12.4604
32 1.575 0.690701 13.3626
33 1.625 0.711786 14.3522
34 1.675 0.740134 15.4456
35 1.725 0.823199 16.7354
36 1.775 0.896687 18.2229
37 1.825 0.976311 19.935
38 1.875 1.0515 21.8813
39 1.925 1.12427 24.0749
40 1.975 1.16831 26.4743
41 2.025 1.20776 29.0819
42 2.075 1.21285 31.8314
43 2.125 1.17592 34.6272
44 2.175 1.12805 37.4369
45 2.225 1.06492 40.2127
46 2.275 1.01916 42.9899
47 2.325 0.96012 45.7226
48 2.375 0.933142 48.4938
49 2.425 0.907771 51.3045
50 2.475 0.894356 54.189
100000 50
1 0.025 0 0
2 0.075 0 0
3 0.125 0 0
4 0.175 0 0
5 0.225 0 0
6 0.275 0 0
7 0.325 0 0
8 0.375 0 0
9 0.425 0 0
10 0.475 0 0
11 0.525 0 0
12 0.575 0 0
13 0.625 0 0
14 0.675 0 0
15 0.725 0 0
16 0.775 0 0
17 0.825 0 0
18 0.875 0.00871922 0.00351563
19 0.925 0.269179 0.124805
20 0.975 1.31677 0.783984
21 1.025 2.31302 2.06367
22 1.075 2.49671 3.58301
23 1.125 2.15666 5.02031
24 1.175 1.75326 6.29492
25 1.225 1.37356 7.38027
26 1.275 1.11531 8.33496
27 1.325 0.954136 9.21699
28 1.375 0.839809 10.053
29 1.425 0.729124 10.8326
30 1.475 0.689229 11.6222
31 1.525 0.681384 12.4565
32 1.575 0.689878 13.3576
33 1.625 0.71003 14.3448
34 1.675 0.754612 15.4596
35 1.725 0.816156 16.7383
36 1.775 0.887916 18.2112
37 1.825 0.976032 19.9229
38 1.875 1.04886 21.8644
39 1.925 1.12332 24.0561
40 1.975 1.18162 26.4828
41 2.025 1.20934 29.0938
42 2.075 1.21453 31.8472
43 2.125 1.18105 34.6552
44 2.175 1.12158 37.4487
45 2.225 1.06511 40.225
46 2.275 1.01934 43.0027
47 2.325 0.958439 45.7306
48 2.375 0.922982 48.4717
49 2.425 0.907897 51.2827
50 2.475 0.893933 54.1658
